Area	Yr	Era	Seas	Bio_all	Bio_smry	SpawnBio	Recruit_0	Spbio_GP:1	SmryBio_SX:1_GP:1	SmryBio_SX:2_GP:1	SmryNum_SX:1_GP:1	SmryNum_SX:2_GP:1	sel(B):_1	dead(B):_1	retain(B):_1	sel(N):_1	dead(N):_1	retain(N):_1	obs_cat:_1	F:_1	sel(B):_2	dead(B):_2	retain(B):_2	sel(N):_2	dead(N):_2	retain(N):_2	obs_cat:_2	F:_2	sel(B):_3	dead(B):_3	retain(B):_3	sel(N):_3	dead(N):_3	retain(N):_3	obs_cat:_3	F:_3	sel(B):_4	dead(B):_4	retain(B):_4	sel(N):_4	dead(N):_4	retain(N):_4	obs_cat:_4	F:_4	sel(B):_5	dead(B):_5	retain(B):_5	sel(N):_5	dead(N):_5	retain(N):_5	obs_cat:_5	F:_5	sel(B):_6	dead(B):_6	retain(B):_6	sel(N):_6	dead(N):_6	retain(N):_6	obs_cat:_6	F:_6	SPB_vir_LH													
1	1890	VIRG	1	47358.7	47268.1	7.41E+06	6865.28	7.41E+06	25825.2	21442.9	17401.5	17401.5	0	0	0	0	0	0	0	0	0	0	0	0	0	0	0	0	0	0	0	0	0	0	0	0	0	0	0	0	0	0	0	0	0	0	0	0	0	0	0	0	0	0	0	0	0	0	0	0	7.41E+06													
1	1891	INIT	1	46078.1	45987.5	7.19E+06	6865.28	7.19E+06	25143.1	20844.4	17156.3	17139.9	0	0	0	0	0	0	0	0	152.72	152.72	152.72	91.5183	91.5183	91.5183	152.72	0.00560318	0	0	0	0	0	0	0	0	0	0	0	0	0	0	0	0	0	0	0	0	0	0	0	0	0	0	0	0	0	0	0	0	7.19E+06													
1	1892	TIME	1	46077.8	45987.5	7.19E+06	6845.05	7.19E+06	25143.1	20844.4	17156.3	17139.9	0	0	0	0	0	0	0	0	166.77	166.77	166.77	99.9377	99.9377	99.9377	166.77	0.00611973	0	0	0	0	0	0	0	0	0	0	0	0	0	0	0	0	0	0	0	0	0	0	0	0	0.18	0.18	0.18	0.100037	0.100037	0.100037	0.18	5.49E-06	7.19E+06													
1	1893	TIME	1	46061.1	45970.8	7.19E+06	6844.84	7.19E+06	25134.6	20836.2	17144.1	17127.4	0	0	0	0	0	0	0	0	157.4	157.4	157.4	94.3221	94.3221	94.3221	157.4	0.00577723	0	0	0	0	0	0	0	0	0	0	0	0	0	0	0	0	0	0	0	0	0	0	0	0	0.18	0.18	0.18	0.100038	0.100038	0.100038	0.18	5.49E-06	7.19E+06													
1	1894	TIME	1	46051.8	45961.5	7.19E+06	6844.76	7.19E+06	25129.7	20831.8	17136.3	17119.5	0	0	0	0	0	0	0	0	148.03	148.03	148.03	88.6981	88.6981	88.6981	148.03	0.00543355	0	0	0	0	0	0	0	0	0	0	0	0	0	0	0	0	0	0	0	0	0	0	0	0	0.18	0.18	0.18	0.100032	0.100032	0.100032	0.18	5.49E-06	7.19E+06													
1	1895	TIME	1	46049.7	45959.4	7.19E+06	6844.76	7.19E+06	25128.4	20831	17132.2	17115.6	0	0	0	0	0	0	0	0	138.66	138.66	138.66	83.0701	83.0701	83.0701	138.66	0.00508936	0	0	0	0	0	0	0	0	0	0	0	0	0	0	0	0	0	0	0	0	0	0	0	0	0.14	0.14	0.14	0.0777901	0.0777901	0.0777901	0.14	4.27E-06	7.19E+06													
1	1896	TIME	1	46055	45964.6	7.19E+06	6844.86	7.19E+06	25130.9	20833.7	17131.3	17115	0	0	0	0	0	0	0	0	130.93	130.93	130.93	78.4279	78.4279	78.4279	130.93	0.00480502	0	0	0	0	0	0	0	0	0	0	0	0	0	0	0	0	0	0	0	0	0	0	0	0	0.13	0.13	0.13	0.0722228	0.0722228	0.0722228	0.13	3.96E-06	7.19E+06													
1	1897	TIME	1	46066.1	45975.7	7.19E+06	6845.03	7.19E+06	25136.5	20839.3	17132.6	17116.7	0	0	0	0	0	0	0	0	123.2	123.2	123.2	73.7901	73.7901	73.7901	123.2	0.00452026	0	0	0	0	0	0	0	0	0	0	0	0	0	0	0	0	0	0	0	0	0	0	0	0	0.13	0.13	0.13	0.0722151	0.0722151	0.0722151	0.13	3.96E-06	7.19E+06													
1	1898	TIME	1	46083.1	45992.7	7.20E+06	6845.29	7.20E+06	25145.1	20847.6	17135.9	17120.4	0	0	0	0	0	0	0	0	115.47	115.47	115.47	69.1545	69.1545	69.1545	115.47	0.00423502	0	0	0	0	0	0	0	0	0	0	0	0	0	0	0	0	0	0	0	0	0	0	0	0	0.13	0.13	0.13	0.072209	0.072209	0.072209	0.13	3.96E-06	7.20E+06													
1	1899	TIME	1	46105.9	46015.5	7.20E+06	6845.64	7.20E+06	25156.8	20858.7	17140.7	17125.7	0	0	0	0	0	0	0	0	107.73	107.73	107.73	64.5135	64.5135	64.5135	107.73	0.00394905	0	0	0	0	0	0	0	0	0	0	0	0	0	0	0	0	0	0	0	0	0	0	0	0	0.13	0.13	0.13	0.072203	0.072203	0.072203	0.13	3.96E-06	7.20E+06													
1	1900	TIME	1	46134.2	46043.8	7.21E+06	6846.07	7.21E+06	25171.4	20872.4	17147	17132.5	0	0	0	0	0	0	0	0	119.2	119.2	119.2	71.3749	71.3749	71.3749	119.2	0.00436763	0	0	0	0	0	0	0	0	0	0	0	0	0	0	0	0	0	0	0	0	0	0	0	0	0.13	0.13	0.13	0.0721956	0.0721956	0.0721956	0.13	3.96E-06	7.21E+06													
1	1901	TIME	1	46148.2	46057.9	7.21E+06	6846.3	7.21E+06	25178.8	20879.1	17149.4	17135.2	0	0	0	0	0	0	0	0	130.66	130.66	130.66	78.2298	78.2298	78.2298	130.66	0.00478714	0	0	0	0	0	0	0	0	0	0	0	0	0	0	0	0	0	0	0	0	0	0	0	0	0.13	0.13	0.13	0.0721881	0.0721881	0.0721881	0.13	3.96E-06	7.21E+06													
1	1902	TIME	1	46148.8	46058.4	7.21E+06	6846.33	7.21E+06	25179.2	20879.2	17148.4	17134.2	0	0	0	0	0	0	0	0	142.12	142.12	142.12	85.0866	85.0866	85.0866	142.12	0.00520821	0	0	0	0	0	0	0	0	0	0	0	0	0	0	0	0	0	0	0	0	0	0	0	0	0.13	0.13	0.13	0.0721827	0.0721827	0.0721827	0.13	3.96E-06	7.21E+06													
1	1903	TIME	1	46136.7	46046.3	7.21E+06	6846.17	7.21E+06	25173.1	20873.2	17144.6	17130.2	0	0	0	0	0	0	0	0	153.59	153.59	153.59	91.9533	91.9533	91.9533	153.59	0.00563138	0	0	0	0	0	0	0	0	0	0	0	0	0	0	0	0	0	0	0	0	0	0	0	0	0.13	0.13	0.13	0.0721805	0.0721805	0.0721805	0.13	3.96E-06	7.21E+06													
1	1904	TIME	1	46113.1	46022.8	7.20E+06	6845.82	7.20E+06	25161	20861.8	17138.4	17123.6	0	0	0	0	0	0	0	0	165.05	165.05	165.05	98.8192	98.8192	98.8192	165.05	0.00605599	0	0	0	0	0	0	0	0	0	0	0	0	0	0	0	0	0	0	0	0	0	0	0	0	0.14	0.14	0.14	0.0777345	0.0777345	0.0777345	0.14	4.27E-06	7.20E+06													
1	1905	TIME	1	46079.2	45988.8	7.20E+06	6845.32	7.20E+06	25143.4	20845.4	17129.9	17114.7	0	0	0	0	0	0	0	0	176.36	176.36	176.36	105.601	105.601	105.601	176.36	0.00647696	0	0	0	0	0	0	0	0	0	0	0	0	0	0	0	0	0	0	0	0	0	0	0	0	0.14	0.14	0.14	0.0777402	0.0777402	0.0777402	0.14	4.27E-06	7.20E+06													
1	1906	TIME	1	46036.1	45945.8	7.19E+06	6844.66	7.19E+06	25120.9	20824.8	17119.7	17103.8	0	0	0	0	0	0	0	0	187.68	187.68	187.68	112.396	112.396	112.396	187.68	0.00690019	0	0	0	0	0	0	0	0	0	0	0	0	0	0	0	0	0	0	0	0	0	0	0	0	0.14	0.14	0.14	0.0777495	0.0777495	0.0777495	0.14	4.28E-06	7.19E+06													
1	1907	TIME	1	45985	45894.7	7.18E+06	6843.87	7.18E+06	25094.2	20800.5	17107.9	17091.2	0	0	0	0	0	0	0	0	198.99	198.99	198.99	119.191	119.191	119.191	198.99	0.00732498	0	0	0	0	0	0	0	0	0	0	0	0	0	0	0	0	0	0	0	0	0	0	0	0	0.14	0.14	0.14	0.0777622	0.0777622	0.0777622	0.14	4.28E-06	7.18E+06													
1	1908	TIME	1	45926.8	45836.5	7.17E+06	6842.97	7.17E+06	25063.6	20772.9	17094.7	17077.2	0	0	0	0	0	0	0	0	210.3	210.3	210.3	125.994	125.994	125.994	210.3	0.00775174	0	0	0	0	0	0	0	0	0	0	0	0	0	0	0	0	0	0	0	0	0	0	0	0	0.14	0.14	0.14	0.0777779	0.0777779	0.0777779	0.14	4.29E-06	7.17E+06													
1	1909	TIME	1	45862.4	45772.1	7.16E+06	6841.96	7.16E+06	25029.7	20742.4	17080.2	17062	0	0	0	0	0	0	0	0	236.64	236.64	236.64	141.811	141.811	141.811	236.64	0.00873692	0	0	0	0	0	0	0	0	0	0	0	0	0	0	0	0	0	0	0	0	0	0	0	0	0.14	0.14	0.14	0.0777959	0.0777959	0.0777959	0.14	4.29E-06	7.16E+06													
1	1910	TIME	1	45777.4	45687.1	7.15E+06	6840.62	7.15E+06	24985	20702.1	17060.8	17041.3	0	0	0	0	0	0	0	0	262.98	262.98	262.98	157.644	157.644	157.644	262.98	0.00972972	0	0	0	0	0	0	0	0	0	0	0	0	0	0	0	0	0	0	0	0	0	0	0	0	0.14	0.14	0.14	0.0778174	0.0778174	0.0778174	0.14	4.30E-06	7.15E+06													
1	1911	TIME	1	45673.3	45583	7.13E+06	6838.99	7.13E+06	24930.3	20652.8	17037	17016.1	0	0	0	0	0	0	0	0	289.32	289.32	289.32	173.499	173.499	173.499	289.32	0.010731	0	0	0	0	0	0	0	0	0	0	0	0	0	0	0	0	0	0	0	0	0	0	0	0	0.15	0.15	0.15	0.0834043	0.0834043	0.0834043	0.15	4.62E-06	7.13E+06													
1	1912	TIME	1	45551.8	45461.6	7.11E+06	6837.06	7.11E+06	24866.3	20595.3	17009.4	16986.9	0	0	0	0	0	0	0	0	315.66	315.66	315.66	189.381	189.381	189.381	315.66	0.0117414	0	0	0	0	0	0	0	0	0	0	0	0	0	0	0	0	0	0	0	0	0	0	0	0	0.15	0.15	0.15	0.0834391	0.0834391	0.0834391	0.15	4.64E-06	7.11E+06													
1	1913	TIME	1	45414.7	45324.5	7.09E+06	6834.87	7.09E+06	24794	20530.5	16978.5	16954.2	0	0	0	0	0	0	0	0	342	342	342	205.293	205.293	205.293	342	0.0127614	0	0	0	0	0	0	0	0	0	0	0	0	0	0	0	0	0	0	0	0	0	0	0	0	0.15	0.15	0.15	0.0834805	0.0834805	0.0834805	0.15	4.65E-06	7.09E+06													
1	1914	TIME	1	45263.7	45173.5	7.07E+06	6832.43	7.07E+06	24714.3	20459.2	16944.8	16918.5	0	0	0	0	0	0	0	0	368.34	368.34	368.34	221.238	221.238	221.238	368.34	0.0137914	0	0	0	0	0	0	0	0	0	0	0	0	0	0	0	0	0	0	0	0	0	0	0	0	0.15	0.15	0.15	0.0835281	0.0835281	0.0835281	0.15	4.67E-06	7.07E+06													
1	1915	TIME	1	45100.2	45010	7.04E+06	6829.76	7.04E+06	24627.8	20382.3	16908.5	16880.2	0	0	0	0	0	0	0	0	394.68	394.68	394.68	237.218	237.218	237.218	394.68	0.0148318	0	0	0	0	0	0	0	0	0	0	0	0	0	0	0	0	0	0	0	0	0	0	0	0	0.15	0.15	0.15	0.0835815	0.0835815	0.0835815	0.15	4.69E-06	7.04E+06													
1	1916	TIME	1	44925.8	44835.6	7.01E+06	6826.88	7.01E+06	24535.3	20300.3	16870	16839.6	54.77	54.77	54.77	41.419	41.419	41.419	54.77	0.00281774	418.96	418.96	418.96	251.972	251.972	251.972	418.96	0.0158163	0	0	0	0	0	0	0	0	0	0	0	0	0	0	0	0	0	0	0	0	0	0	0	0	0.31	0.31	0.31	0.172837	0.172837	0.172837	0.31	9.73E-06	7.01E+06													
1	1917	TIME	1	44685.7	44595.6	6.97E+06	6823.01	6.97E+06	24409.5	20186.1	16812	16777.8	85.57	85.57	85.57	64.7788	64.7788	64.7788	85.57	0.00443804	661.43	661.43	661.43	398.065	398.065	398.065	661.43	0.025188	0	0	0	0	0	0	0	0	0	0	0	0	0	0	0	0	0	0	0	0	0	0	0	0	0.47	0.47	0.47	0.262173	0.262173	0.262173	0.47	1.49E-05	6.97E+06													
1	1918	TIME	1	44187.3	44097.3	6.89E+06	6814.98	6.89E+06	24150.3	19947	16687.1	16644.8	96.66	96.66	96.66	73.3151	73.3151	73.3151	96.66	0.00506897	701.13	701.13	701.13	422.485	422.485	422.485	701.13	0.0270298	0	0	0	0	0	0	0	0	0	0	0	0	0	0	0	0	0	0	0	0	0	0	0	0	0.88	0.88	0.88	0.491348	0.491348	0.491348	0.88	2.82E-05	6.89E+06													
1	1919	TIME	1	43671.1	43581.3	6.81E+06	6806.32	6.81E+06	23879.9	19701.4	16564.7	16514.8	66	66	66	50.1756	50.1756	50.1756	66	0.0034837	463.1	463.1	463.1	279.577	279.577	279.577	463.1	0.0180019	0	0	0	0	0	0	0	0	0	0	0	0	0	0	0	0	0	0	0	0	0	0	0	0	0.32	0.32	0.32	0.178985	0.178985	0.178985	0.32	1.03E-05	6.81E+06													
1	1920	TIME	1	43469.4	43379.6	6.77E+06	6802.49	6.77E+06	23769.5	19610.1	16532.2	16481	67.82	67.82	67.82	51.6422	51.6422	51.6422	67.82	0.00358746	482.28	482.28	482.28	291.652	291.652	291.652	482.28	0.0188161	0	0	0	0	0	0	0	0	0	0	0	0	0	0	0	0	0	0	0	0	0	0	0	0	0.38	0.38	0.38	0.21293	0.21293	0.21293	0.38	1.23E-05	6.77E+06													
1	1921	TIME	1	43276.4	43186.6	6.74E+06	6798.86	6.74E+06	23664.1	19522.5	16497.4	16444.8	56.38	56.38	56.38	42.9772	42.9772	42.9772	56.38	0.00298503	406.03	406.03	406.03	245.871	245.871	245.871	406.03	0.0158722	0	0	0	0	0	0	0	0	0	0	0	0	0	0	0	0	0	0	0	0	0	0	0	0	0.49	0.49	0.49	0.274984	0.274984	0.274984	0.49	1.60E-05	6.74E+06													
1	1922	TIME	1	43198.6	43108.9	6.72E+06	6797.15	6.72E+06	23618.5	19490.4	16490.8	16438.7	49.37	49.37	49.37	37.6536	37.6536	37.6536	49.37	0.00261179	367.12	367.12	367.12	222.506	222.506	222.506	367.12	0.0143474	0	0	0	0	0	0	0	0	0	0	0	0	0	0	0	0	0	0	0	0	0	0	0	0	0.41	0.41	0.41	0.230344	0.230344	0.230344	0.41	1.34E-05	6.72E+06													
1	1923	TIME	1	43185.7	43096	6.72E+06	6796.59	6.72E+06	23607.3	19488.7	16497.2	16446.4	55.07	55.07	55.07	42.0085	42.0085	42.0085	55.07	0.00291292	434.14	434.14	434.14	263.244	263.244	263.244	434.14	0.0169665	0	0	0	0	0	0	0	0	0	0	0	0	0	0	0	0	0	0	0	0	0	0	0	0	0.24	0.24	0.24	0.134922	0.134922	0.134922	0.24	7.82E-06	6.72E+06													
1	1924	TIME	1	43110.3	43020.6	6.71E+06	6795.1	6.71E+06	23565.1	19455.6	16482.5	16431.5	36.97	36.97	36.97	28.2075	28.2075	28.2075	36.97	0.00195621	405.15	405.15	405.15	245.747	245.747	245.747	405.15	0.0158404	0	0	0	0	0	0	0	0	0	0	0	0	0	0	0	0	0	0	0	0	0	0	0	0	0.43	0.43	0.43	0.241842	0.241842	0.241842	0.43	1.40E-05	6.71E+06													
1	1925	TIME	1	43093.3	43003.7	6.70E+06	6794.6	6.70E+06	23553.3	19450.4	16483.3	16433.1	29.85	29.85	29.85	22.7794	22.7794	22.7794	29.85	0.00158033	474.63	474.63	474.63	287.96	287.96	287.96	474.63	0.0185682	0	0	0	0	0	0	0	0	0	0	0	0	0	0	0	0	0	0	0	0	0	0	0	0	1.04	1.04	1.04	0.585112	0.585112	0.585112	1.04	3.39E-05	6.70E+06													
1	1926	TIME	1	43019.9	42930.2	6.69E+06	6793.2	6.69E+06	23512.9	19417.3	16467.2	16416.9	83.2	83.2	83.2	63.5137	63.5137	63.5137	83.2	0.00442271	627.09	627.09	627.09	380.529	380.529	380.529	627.09	0.0246345	0	0	0	0	0	0	0	0	0	0	0	0	0	0	0	0	0	0	0	0	0	0	0	0	0.98	0.98	0.98	0.551433	0.551433	0.551433	0.98	3.21E-05	6.69E+06													
1	1927	TIME	1	42744.3	42654.7	6.65E+06	6788.46	6.65E+06	23369.2	19285.5	16394.5	16340	111.29	111.29	111.29	85.0256	85.0256	85.0256	111.29	0.00594579	497.26	497.26	497.26	301.89	301.89	301.89	497.26	0.0196415	0	0	0	0	0	0	0	0	0	0	0	0	0	0	0	0	0	0	0	0	0	0	0	0	1.67	1.67	1.67	0.940016	0.940016	0.940016	1.67	5.50E-05	6.65E+06													
1	1928	TIME	1	42585.6	42496.1	6.62E+06	6785.58	6.62E+06	23285.1	19211	16356.9	16300.3	150.62	150.62	150.62	115.16	115.16	115.16	150.62	0.00807582	482.9	482.9	482.9	293.332	293.332	293.332	482.9	0.0191524	0	0	0	0	0	0	0	0	1.99	1.99	1.99	1.95972	1.95972	1.95972	1.99	0.000115761	2.39	2.39	2.39	1.62827	1.62827	1.62827	2.39	8.30E-05	1.41	1.41	1.41	0.794049	0.794049	0.794049	1.41	4.66E-05	6.62E+06													
1	1929	TIME	1	42408.8	42319.2	6.59E+06	6782.41	6.59E+06	23191.8	19127.4	16313.4	16254	119.43	119.43	119.43	91.3858	91.3858	91.3858	119.43	0.00642205	441.16	441.16	441.16	268.156	268.156	268.156	441.16	0.0175585	0	0	0	0	0	0	0	0	3.99	3.99	3.99	3.9329	3.9329	3.9329	3.99	0.000232686	4.79	4.79	4.79	3.26659	3.26659	3.26659	4.79	0.000166964	28.28	28.28	28.28	15.9361	15.9361	15.9361	28.28	0.000939031	6.59E+06													
1	1930	TIME	1	42289.3	42199.8	6.57E+06	6780.11	6.57E+06	23127.1	19072.7	16288.9	16228.5	135.62	135.62	135.62	103.853	103.853	103.853	135.62	0.00731748	551	551	551	335.145	335.145	335.145	551	0.0220181	0	0	0	0	0	0	0	0	5.99	5.99	5.99	5.90953	5.90953	5.90953	5.99	0.000350378	5.51	5.51	5.51	3.76133	3.76133	3.76133	5.51	0.000192811	16.93	16.93	16.93	9.5463	9.5463	9.5463	16.93	0.0005645	6.57E+06													
1	1931	TIME	1	42063.5	41974	6.53E+06	6775.99	6.53E+06	23007.9	18966.1	16234	16170.8	45.59	45.59	45.59	34.9504	34.9504	34.9504	45.59	0.00246951	578.08	578.08	578.08	351.948	351.948	351.948	578.08	0.0232107	0	0	0	0	0	0	0	0	7.99	7.99	7.99	7.89312	7.89312	7.89312	7.99	0.000468932	7.34	7.34	7.34	5.0177	5.0177	5.0177	7.34	0.000258033	49.79	49.79	49.79	28.0999	28.0999	28.0999	49.79	0.00166846	6.53E+06													
1	1932	TIME	1	41886.8	41797.4	6.50E+06	6772.5	6.50E+06	22911.9	18885.5	16199.3	16135.6	68.87	68.87	68.87	52.851	52.851	52.851	68.87	0.0037339	430.61	430.61	430.61	262.443	262.443	262.443	430.61	0.017321	0	0	0	0	0	0	0	0	9.99	9.99	9.99	9.87599	9.87599	9.87599	9.99	0.000586586	9.18	9.18	9.18	6.28369	6.28369	6.28369	9.18	0.000323323	37.44	37.44	37.44	21.1539	21.1539	21.1539	37.44	0.0012573	6.50E+06													
1	1933	TIME	1	41863.2	41773.8	6.50E+06	6771.76	6.50E+06	22895.5	18878.3	16202.4	16139.9	89.53	89.53	89.53	68.7213	68.7213	68.7213	89.53	0.00484175	257.34	257.34	257.34	156.933	156.933	156.933	257.34	0.0103292	0	0	0	0	0	0	0	0	11.98	11.98	11.98	11.838	11.838	11.838	11.98	0.000701622	11.02	11.02	11.02	7.54662	7.54662	7.54662	11.02	0.000387465	59.43	59.43	59.43	33.6055	33.6055	33.6055	59.43	0.0019922	6.50E+06													
1	1934	TIME	1	41977.4	41888	6.51E+06	6773.56	6.51E+06	22951.3	18936.7	16237.5	16177.9	108.88	108.88	108.88	83.5352	83.5352	83.5352	108.88	0.00587271	316.57	316.57	316.57	193.042	193.042	193.042	316.57	0.0126698	0	0	0	0	0	0	0	0	13.98	13.98	13.98	13.8007	13.8007	13.8007	13.98	0.000816742	12.85	12.85	12.85	8.79725	8.79725	8.79725	12.85	0.000450756	41.56	41.56	41.56	23.5043	23.5043	23.5043	41.56	0.00138947	6.51E+06													
1	1935	TIME	1	42024.3	41934.8	6.52E+06	6774.34	6.52E+06	22974.3	18960.5	16248.3	16189.5	90.51	90.51	90.51	69.4106	69.4106	69.4106	90.51	0.00487923	369.17	369.17	369.17	225.05	225.05	225.05	369.17	0.0147603	0	0	0	0	0	0	0	0	15.98	15.98	15.98	15.7667	15.7667	15.7667	15.98	0.00093313	14.69	14.69	14.69	10.0536	10.0536	10.0536	14.69	0.000514965	43.36	43.36	43.36	24.5171	24.5171	24.5171	43.36	0.00144833	6.52E+06													
1	1936	TIME	1	42028.8	41939.4	6.52E+06	6774.4	6.52E+06	22975.9	18963.5	16247.7	16189.2	107.86	107.86	107.86	82.7022	82.7022	82.7022	107.86	0.00582348	473.58	473.58	473.58	288.625	288.625	288.625	473.58	0.0189579	0	0	0	0	0	0	0	0	15.98	15.98	15.98	15.7675	15.7675	15.7675	15.98	0.000934488	16.53	16.53	16.53	11.3115	11.3115	11.3115	16.53	0.000580206	17.93	17.93	17.93	10.1353	10.1353	10.1353	17.93	0.000599613	6.52E+06													
1	1937	TIME	1	41931.8	41842.4	6.51E+06	6772.71	6.51E+06	22925.8	18916.6	16219.1	16158.9	91.98	91.98	91.98	70.5406	70.5406	70.5406	91.98	0.00497655	408.44	408.44	408.44	248.925	248.925	248.925	408.44	0.0163848	0	0	0	0	0	0	0	0	27.51	27.51	27.51	27.1572	27.1572	27.1572	27.51	0.00161183	19.59	19.59	19.59	13.4083	13.4083	13.4083	19.59	0.000688961	41.38	41.38	41.38	23.3892	23.3892	23.3892	41.38	0.00138666	6.51E+06													
1	1938	TIME	1	41881.4	41792	6.50E+06	6771.78	6.50E+06	22899.1	18892.9	16205.6	16144.8	76.46	76.46	76.46	58.6508	58.6508	58.6508	76.46	0.0041345	295.45	295.45	295.45	180.096	180.096	180.096	295.45	0.0118477	0	0	0	0	0	0	0	0	22.18	22.18	22.18	21.8979	21.8979	21.8979	22.18	0.00129871	19.27	19.27	19.27	13.1918	13.1918	13.1918	19.27	0.000677418	47.76	47.76	47.76	27.0006	27.0006	27.0006	47.76	0.00159987	6.50E+06													
1	1939	TIME	1	41964.3	41874.9	6.51E+06	6773.15	6.51E+06	22940.7	18934.2	16230.4	16171.5	49.95	49.95	49.95	38.3105	38.3105	38.3105	49.95	0.00269138	200.11	200.11	200.11	121.991	121.991	121.991	200.11	0.00799645	0	0	0	0	0	0	0	0	19.63	19.63	19.63	19.3683	19.3683	19.3683	19.63	0.0011455	16.85	16.85	16.85	11.5331	11.5331	11.5331	16.85	0.000590393	86.36	86.36	86.36	48.8333	48.8333	48.8333	86.36	0.00288305	6.51E+06													
1	1940	TIME	1	42136.5	42047	6.54E+06	6776.09	6.54E+06	23028.2	19018.8	16278.4	16223.1	45.57	45.57	45.57	34.9314	34.9314	34.9314	45.57	0.00244509	238.49	238.49	238.49	145.355	145.355	145.355	238.49	0.0094874	0	0	0	0	0	0	0	0	14.07	14.07	14.07	13.8674	13.8674	13.8674	14.07	0.000817873	24.27	24.27	24.27	16.6017	16.6017	16.6017	24.27	0.000846869	60.6	60.6	60.6	34.2646	34.2646	34.2646	60.6	0.00201417	6.54E+06													
1	1941	TIME	1	42291.3	42201.8	6.56E+06	6778.82	6.56E+06	23108	19093.8	16317.5	16265.1	32.44	32.44	32.44	24.8474	24.8474	24.8474	32.44	0.00173301	187.35	187.35	187.35	114.131	114.131	114.131	187.35	0.00741654	0	0	0	0	0	0	0	0	13	13	13	12.7976	12.7976	12.7976	13	0.000752666	22.43	22.43	22.43	15.3299	15.3299	15.3299	22.43	0.000779128	54.36	54.36	54.36	30.7259	30.7259	30.7259	54.36	0.00179797	6.56E+06													
1	1942	TIME	1	42510.8	42421.3	6.59E+06	6782.69	6.59E+06	23221.9	19199.3	16372.2	16323.5	7.9	7.9	7.9	6.04455	6.04455	6.04455	7.9	0.00041909	72.1	72.1	72.1	43.8922	43.8922	43.8922	72.1	0.00283218	0	0	0	0	0	0	0	0	6.91	6.91	6.91	6.79078	6.79078	6.79078	6.91	0.000397493	11.91	11.91	11.91	8.1296	8.1296	8.1296	11.91	0.000410708	27.8	27.8	27.8	15.7055	15.7055	15.7055	27.8	0.00091239	6.59E+06													
1	1943	TIME	1	42901	42811.4	6.65E+06	6789.48	6.65E+06	23425	19386.4	16471.5	16428.9	7.56	7.56	7.56	5.77615	5.77615	5.77615	7.56	0.00039859	70.44	70.44	70.44	42.8362	42.8362	42.8362	70.44	0.00274703	0	0	0	0	0	0	0	0	6.6	6.6	6.6	6.47375	6.47375	6.47375	6.6	0.000377582	11.39	11.39	11.39	7.76163	7.76163	7.76163	11.39	0.000390125	203.57	203.57	203.57	114.903	114.903	114.903	203.57	0.00663217	6.65E+06													
1	1944	TIME	1	43095.1	43005.4	6.69E+06	6792.92	6.69E+06	23526	19479.4	16513.5	16474.9	2.94	2.94	2.94	2.24483	2.24483	2.24483	2.94	0.000155371	83.63	83.63	83.63	50.8142	50.8142	50.8142	83.63	0.00326648	0	0	0	0	0	0	0	0	5.42	5.42	5.42	5.31622	5.31622	5.31622	5.42	0.000310834	9.35	9.35	9.35	6.3668	6.3668	6.3668	9.35	0.000320713	647.02	647.02	647.02	364.845	364.845	364.845	647.02	0.0211066	6.69E+06													
1	1945	TIME	1	42827.6	42738	6.64E+06	6788.31	6.64E+06	23383.3	19354.7	16436.5	16398.5	55.17	55.17	55.17	42.1871	42.1871	42.1871	55.17	0.00296209	127.08	127.08	127.08	77.2401	77.2401	77.2401	127.08	0.00504516	0	0	0	0	0	0	0	0	7.23	7.23	7.23	7.11686	7.11686	7.11686	7.23	0.000420794	12.47	12.47	12.47	8.50584	8.50584	8.50584	12.47	0.000434274	1228.55	1228.55	1228.55	692.593	692.593	692.593	1228.55	0.0407225	6.64E+06													
1	1946	TIME	1	41892.6	41803.2	6.50E+06	6771.52	6.50E+06	22887.5	18915.7	16191.6	16148.4	111.53	111.53	111.53	85.5702	85.5702	85.5702	111.53	0.00607848	122.33	122.33	122.33	74.5046	74.5046	74.5046	122.33	0.00494094	0	0	0	0	0	0	0	0	12.45	12.45	12.45	12.3155	12.3155	12.3155	12.45	0.000734326	21.47	21.47	21.47	14.6979	14.6979	14.6979	21.47	0.000759546	622.94	622.94	622.94	351.702	351.702	351.702	622.94	0.0210057	6.50E+06													
1	1947	TIME	1	41541.4	41452.1	6.44E+06	6764.74	6.44E+06	22698.7	18753.4	16110.8	16065.1	5.57	5.57	5.57	4.2842	4.2842	4.2842	5.57	0.000305422	198.21	198.21	198.21	120.978	120.978	120.978	198.21	0.0080727	0	0	0	0	0	0	0	0	37.32	37.32	37.32	37.0097	37.0097	37.0097	37.32	0.00221269	16.99	16.99	16.99	11.6632	11.6632	11.6632	16.99	0.000605651	638.87	638.87	638.87	361.427	361.427	361.427	638.87	0.0217288	6.44E+06													
1	1948	TIME	1	41218.5	41129.3	6.38E+06	6758.28	6.38E+06	22523.1	18606.2	16041.5	15994.8	81.94	81.94	81.94	63.1119	63.1119	63.1119	81.94	0.00450957	150.23	150.23	150.23	91.8427	91.8427	91.8427	150.23	0.00615056	0	0	0	0	0	0	0	0	102.08	102.08	102.08	101.331	101.331	101.331	102.08	0.00607218	33.9	33.9	33.9	23.3142	23.3142	23.3142	33.9	0.00121473	404.34	404.34	404.34	229.142	229.142	229.142	404.34	0.0138303	6.38E+06													
1	1949	TIME	1	41039.7	40950.5	6.35E+06	6754.86	6.35E+06	22427.9	18522.6	15994.7	15944	94	94	94	72.415	72.415	72.415	94	0.00519343	176.56	176.56	176.56	107.995	107.995	107.995	176.56	0.00725889	0	0	0	0	0	0	0	0	132.83	132.83	132.83	131.876	131.876	131.876	132.83	0.00793103	43.94	43.94	43.94	30.2392	30.2392	30.2392	43.94	0.00158164	386.73	386.73	386.73	219.295	219.295	219.295	386.73	0.0132883	6.35E+06													
1	1950	TIME	1	40808.5	40719.4	6.32E+06	6750.52	6.32E+06	22307	18412.5	15930.9	15874.9	303.66	303.66	303.66	233.963	233.963	233.963	303.66	0.0169638	327.61	327.61	327.61	200.365	200.365	200.365	327.61	0.0136154	0	0	0	0	0	0	0	0	156.82	156.82	156.82	155.88	155.88	155.88	156.82	0.00946354	53.55	53.55	53.55	36.8748	36.8748	36.8748	53.55	0.00194843	380.1	380.1	380.1	215.474	215.474	215.474	380.1	0.0132031	6.32E+06													
1	1951	TIME	1	40186.8	40097.9	6.22E+06	6739.02	6.22E+06	21986.9	18110.9	15752.3	15682.9	765.29	765.29	765.29	590.329	590.329	590.329	765.29	0.043834	262.44	262.44	262.44	160.483	160.483	160.483	262.44	0.0111816	0	0	0	0	0	0	0	0	135.78	135.78	135.78	135.529	135.529	135.529	135.78	0.00839036	63.17	63.17	63.17	43.5734	43.5734	43.5734	63.17	0.00235368	537.78	537.78	537.78	304.592	304.592	304.592	537.78	0.0191432	6.22E+06													
1	1952	TIME	1	39026.2	38937.6	6.05E+06	6716.53	6.05E+06	21387.7	17549.8	15425.3	15333.5	1310.96	1310.96	1310.96	1014.08	1014.08	1014.08	1310.96	0.0778446	180.88	180.88	180.88	110.66	110.66	110.66	180.88	0.0079959	0	0	0	0	0	0	0	0	151.62	151.62	151.62	152.428	152.428	152.428	151.62	0.00969229	54.97	54.97	54.97	38.0425	38.0425	38.0425	54.97	0.00212004	274.21	274.21	274.21	155.191	155.191	155.191	274.21	0.0101199	6.05E+06													
1	1953	TIME	1	37671.9	37583.6	5.84E+06	6689.02	5.84E+06	20692.7	16890.9	15041.3	14919	1678.25	1678.25	1678.25	1303.89	1303.89	1303.89	1678.25	0.10409	70.2	70.2	70.2	43.0098	43.0098	43.0098	70.2	0.0032479	0	0	0	0	0	0	0	0	171.23	171.23	171.23	173.788	173.788	173.788	171.23	0.011401	46.81	46.81	46.81	32.5567	32.5567	32.5567	46.81	0.00188328	314.3	314.3	314.3	177.86	177.86	177.86	314.3	0.0121297	5.84E+06													
1	1954	TIME	1	36043	35957	5.59E+06	6519.62	5.59E+06	19851.7	16105.3	14593.6	14439.4	1597.98	1597.98	1597.98	1249.45	1249.45	1249.45	1597.98	0.104016	89.11	89.11	89.11	54.7736	54.7736	54.7736	89.11	0.00434374	0	0	0	0	0	0	0	0	410.71	410.71	410.71	421.524	421.524	421.524	410.71	0.0285995	58.19	58.19	58.19	40.7549	40.7549	40.7549	58.19	0.00245706	255.01	255.01	255.01	144.538	144.538	144.538	255.01	0.0103626	5.59E+06													
1	1955	TIME	1	34317.8	34241.5	5.33E+06	5783.69	5.33E+06	18960.4	15281.1	14069.4	13883.9	1764.99	1764.99	1764.99	1388.13	1388.13	1388.13	1764.99	0.122123	122.87	122.87	122.87	75.7633	75.7633	75.7633	122.87	0.00639211	0	0	0	0	0	0	0	0	760.57	760.57	760.57	787.56	787.56	787.56	760.57	0.0561399	69.38	69.38	69.38	48.8423	48.8423	48.8423	69.38	0.00311493	344.66	344.66	344.66	195.668	195.668	195.668	344.66	0.0149381	5.33E+06													
1	1956	TIME	1	31895.2	31817.7	4.98E+06	5871.19	4.98E+06	17699.5	14118.2	13064.9	12839.9	2006.22	2006.22	2006.22	1583.39	1583.39	1583.39	2006.22	0.151777	299.57	299.57	299.57	184.96	184.96	184.96	299.57	0.0170896	0	0	0	0	0	0	0	0	917.14	917.14	917.14	953.338	953.338	953.338	917.14	0.073988	77.46	77.46	77.46	54.6348	54.6348	54.6348	77.46	0.00380011	379.29	379.29	379.29	215.375	215.375	215.375	379.29	0.0180033	4.98E+06													
1	1957	TIME	1	28844.2	28745.6	4.52E+06	7469.63	4.52E+06	16087.9	12657.7	12040.9	11776	2219.46	2219.46	2219.46	1759.23	1759.23	1759.23	2219.46	0.187596	271.26	271.26	271.26	167.803	167.803	167.803	271.26	0.0173333	0	0	0	0	0	0	0	0	529.88	529.88	529.88	561.339	561.339	561.339	529.88	0.0475973	76.8	76.8	76.8	54.8589	54.8589	54.8589	76.8	0.00420028	487.65	487.65	487.65	276.803	276.803	276.803	487.65	0.0258929	4.52E+06													
1	1958	TIME	1	26171.3	26044.6	4.06E+06	9597.5	4.06E+06	14636	11408.6	11923.1	11641.7	2459.84	2459.84	2459.84	2000.38	2000.38	2000.38	2459.84	0.232088	213.5	213.5	213.5	133.963	133.963	133.963	213.5	0.0153931	0	0	0	0	0	0	0	0	301.14	301.14	301.14	341.227	341.227	341.227	301.14	0.0294861	123.49	123.49	123.49	92.6176	92.6176	92.6176	123.49	0.00752554	489.8	489.8	489.8	279.43	279.43	279.43	489.8	0.0293907	4.06E+06													
1	1959	TIME	1	24131.6	23990.7	3.63E+06	10672	3.63E+06	13498.1	10492.5	12693.1	12414	2062.66	2062.66	2062.66	1792.65	1792.65	1792.65	2062.66	0.204627	125.38	125.38	125.38	82.3576	82.3576	82.3576	125.38	0.00988421	0	0	0	0	0	0	0	0	177.61	177.61	177.61	222.02	222.02	222.02	177.61	0.0174158	102.75	102.75	102.75	84.3224	84.3224	84.3224	102.75	0.00667666	387.08	387.08	387.08	227.798	227.798	227.798	387.08	0.0255836	3.63E+06													
1	1960	TIME	1	23694.2	23553	3.40E+06	10698.4	3.40E+06	13193.5	10359.5	13970	13720.5	1731.86	1731.86	1731.86	1619.04	1619.04	1619.04	1731.86	0.161827	92.91	92.91	92.91	65.4077	65.4077	65.4077	92.91	0.00736223	0	0	0	0	0	0	0	0	185.13	185.13	185.13	244.871	244.871	244.871	185.13	0.016432	81.26	81.26	81.26	72.6306	72.6306	72.6306	81.26	0.00518413	357.5	357.5	357.5	224.343	224.343	224.343	357.5	0.0240606	3.40E+06													
1	1961	TIME	1	24464.2	24330.4	3.39E+06	10137.1	3.39E+06	13530.4	10800	15121.6	14914.4	1297.35	1297.35	1297.35	1254.6	1254.6	1254.6	1297.35	0.105635	80.89	80.89	80.89	60.1174	60.1174	60.1174	80.89	0.00589045	0	0	0	0	0	0	0	0	211.89	211.89	211.89	279.124	279.124	279.124	211.89	0.0162801	68.5	68.5	68.5	63.7708	63.7708	63.7708	68.5	0.00400664	276.84	276.84	276.84	185.393	185.393	185.393	276.84	0.0173727	3.39E+06													
1	1962	TIME	1	26311	26158.6	3.59E+06	11546.9	3.59E+06	14438.7	11719.9	16022.2	15852.3	1147.09	1147.09	1147.09	1101.39	1101.39	1101.39	1147.09	0.0802528	68.25	68.25	68.25	51.5945	51.5945	51.5945	68.25	0.00433744	0	0	0	0	0	0	0	0	204.46	204.46	204.46	259.193	259.193	259.193	204.46	0.0137183	80.38	80.38	80.38	74.7363	74.7363	74.7363	80.38	0.00418609	242.74	242.74	242.74	168.13	168.13	168.13	242.74	0.0134591	3.59E+06													
1	1963	TIME	1	28780.8	28635	3.92E+06	11048.4	3.92E+06	15710	12924.9	17451.3	17307.3	1314.09	1314.09	1314.09	1233.82	1233.82	1233.82	1314.09	0.0819497	85.06	85.06	85.06	63.713	63.713	63.713	85.06	0.00474904	0	0	0	0	0	0	0	0	194.38	194.38	194.38	239.377	239.377	239.377	194.38	0.0117771	88.71	88.71	88.71	81.2282	81.2282	81.2282	88.71	0.00416082	339.02	339.02	339.02	235.04	235.04	235.04	339.02	0.016655	3.92E+06													
1	1964	TIME	1	31201	31062.8	4.25E+06	10474.1	4.25E+06	16980.2	14082.6	18349.5	18221	942.79	942.79	942.79	871.931	871.931	871.931	942.79	0.0534332	70.17	70.17	70.17	51.8458	51.8458	51.8458	70.17	0.00349607	0	0	0	0	0	0	0	0	244.36	244.36	244.36	293.319	293.319	293.319	244.36	0.0135331	74.98	74.98	74.98	67.3049	67.3049	67.3049	74.98	0.00319364	200.45	200.45	200.45	137.691	137.691	137.691	200.45	0.0088306	4.25E+06													
1	1965	TIME	1	34719.5	34002.1	4.70E+06	54356.2	4.70E+06	18543.2	15458.9	19058.5	18938.1	965.94	965.94	965.94	876.455	876.455	876.455	965.94	0.0502632	81.03	81.03	81.03	58.9406	58.9406	58.9406	81.03	0.00363839	0	0	0	0	0	0	0	0	319.14	319.14	319.14	386.975	386.975	386.975	319.14	0.0163731	106.55	106.55	106.55	98.6687	98.6687	98.6687	106.55	0.00413504	280.78	280.78	280.78	190.643	190.643	190.643	280.78	0.0111313	4.70E+06													
1	1966	TIME	1	41769.7	41641.9	5.15E+06	9684.58	5.15E+06	22507.4	19134.5	37893.1	37774	2410.23	2410.23	2410.23	2350.39	2350.39	2350.39	2410.23	0.116342	129.52	129.52	129.52	97.3875	97.3875	97.3875	129.52	0.00539447	0	0	0	0	0	0	0	0	564.3	564.3	564.3	858.495	858.495	858.495	564.3	0.0238568	118.21	118.21	118.21	125.375	125.375	125.375	118.21	0.004057	206.04	206.04	206.04	137.915	137.915	137.915	206.04	0.00766189	5.15E+06													
1	1967	TIME	1	48523.5	48386.1	5.70E+06	10410.7	5.70E+06	26114.3	22271.8	34073.4	33962.2	4036.28	4036.28	4036.28	4410.05	4410.05	4410.05	4036.28	0.148339	117.9	117.9	117.9	97.9719	97.9719	97.9719	117.9	0.00422969	0	0	0	0	0	0	0	0	770.19	770.19	770.19	1078.79	1078.79	1078.79	770.19	0.0243165	111.44	111.44	111.44	117.949	117.949	117.949	111.44	0.003125	300.15	300.15	300.15	223.064	223.064	223.064	300.15	0.00978649	5.70E+06													
1	1968	TIME	1	52581.1	52405.1	6.84E+06	13330.4	6.84E+06	28325.9	24079.2	30075	30045.6	1996.47	1996.47	1996.47	1952.27	1952.27	1952.27	1996.47	0.0584638	80.71	80.71	80.71	64.9395	64.9395	64.9395	80.71	0.00230255	0	0	0	0	0	0	0	0	832.18	832.18	832.18	959.221	959.221	959.221	832.18	0.0240978	103.9	103.9	103.9	96.6336	96.6336	96.6336	103.9	0.00247751	396.49	396.49	396.49	304.034	304.034	304.034	396.49	0.00995202	6.84E+06													
1	1969	TIME	1	56799.9	56581.9	7.94E+06	16515.7	7.94E+06	30633	25948.9	29157.9	29112.4	1132.64	1132.64	1132.64	979.861	979.861	979.861	1132.64	0.0318735	78.02	78.02	78.02	56.9467	56.9467	56.9467	78.02	0.00191702	17.41	17.41	17.41	12.8671	12.8671	12.8671	17.41	0.000541369	785	785	785	816.849	816.849	816.849	785	0.0230934	110.52	110.52	110.52	92.0714	92.0714	92.0714	110.52	0.00243894	235.63	235.63	235.63	165.033	165.033	165.033	235.63	0.00515499	7.94E+06													
1	1970	TIME	1	60880.2	60665.5	8.70E+06	16270.3	8.70E+06	32906.9	27758.5	30309.1	30218.4	1341.14	1341.14	1341.14	1102.04	1102.04	1102.04	1341.14	0.0394867	82.39	82.39	82.39	56.0263	56.0263	56.0263	82.39	0.00194032	15.06	15.06	15.06	10.3803	10.3803	10.3803	15.06	0.000468274	1039.41	1039.41	1039.41	1076.26	1076.26	1076.26	1039.41	0.0317812	117.87	117.87	117.87	93.4782	93.4782	93.4782	117.87	0.0025575	262.03	262.03	262.03	169.035	169.035	169.035	262.03	0.00549746	8.70E+06													
1	1971	TIME	1	63580.4	63493.2	9.17E+06	6604.49	9.17E+06	34540.2	28953.1	31007.3	30850.9	961.36	961.36	961.36	792.744	792.744	792.744	961.36	0.0292208	81.56	81.56	81.56	54.0043	54.0043	54.0043	81.56	0.00192681	58.73	58.73	58.73	39.3214	39.3214	39.3214	58.73	0.00194101	966.96	966.96	966.96	1018.51	1018.51	1018.51	966.96	0.0300183	104.45	104.45	104.45	81.1829	81.1829	81.1829	104.45	0.00225109	345.62	345.62	345.62	214.895	214.895	214.895	345.62	0.00717188	9.17E+06													
1	1972	TIME	1	65307.8	65126.7	9.63E+06	13721.2	9.63E+06	35545.7	29581	27685.6	27490	1648.11	1648.11	1648.11	1349.59	1349.59	1349.59	1648.11	0.0504781	122.56	122.56	122.56	80.1337	80.1337	80.1337	122.56	0.00291703	70.95	70.95	70.95	47.5706	47.5706	47.5706	70.95	0.00242547	1308.7	1308.7	1308.7	1312.34	1312.34	1312.34	1308.7	0.0417284	123.08	123.08	123.08	91.9581	91.9581	91.9581	123.08	0.00264632	387.17	387.17	387.17	238.369	238.369	238.369	387.17	0.00796695	9.63E+06													
1	1973	TIME	1	64939.9	64669.4	9.81E+06	20490.2	9.81E+06	35449.3	29220.1	27481.1	27219.8	4537.05	4537.05	4537.05	3544.52	3544.52	3544.52	4537.05	0.151561	151.53	151.53	151.53	95.932	95.932	95.932	151.53	0.00383038	167.3	167.3	167.3	111.046	111.046	111.046	167.3	0.00607809	1510.62	1510.62	1510.62	1491.88	1491.88	1491.88	1510.62	0.0538949	186.09	186.09	186.09	134.83	134.83	134.83	186.09	0.00425154	654.19	654.19	654.19	390.354	390.354	390.354	654.19	0.0141146	9.81E+06													
1	1974	TIME	1	60895.5	60686.2	9.17E+06	15858	9.17E+06	33511.3	27174.8	28982.9	28566.9	5956.32	5956.32	5956.32	4719.28	4719.28	4719.28	5956.32	0.234371	164.1	164.1	164.1	102.361	102.361	102.361	164.1	0.00478866	261.65	261.65	261.65	168.228	168.228	168.228	261.65	0.0113405	1892.59	1892.59	1892.59	2082.12	2082.12	2082.12	1892.59	0.0766203	200.89	200.89	200.89	150.618	150.618	150.618	200.89	0.00517779	529.74	529.74	529.74	303.935	303.935	303.935	529.74	0.0131474	9.17E+06													
1	1975	TIME	1	55212.5	55115	8.22E+06	7386.82	8.22E+06	30710	24405	27508.9	26955.9	3316.02	3316.02	3316.02	2844.39	2844.39	2844.39	3316.02	0.140628	158.13	158.13	158.13	102.625	102.625	102.625	158.13	0.00520933	285.36	285.36	285.36	186.229	186.229	186.229	285.36	0.0145266	1865.23	1865.23	1865.23	2189.42	2189.42	2189.42	1865.23	0.0782901	200.29	200.29	200.29	157.7	157.7	157.7	200.29	0.00560129	585.68	585.68	585.68	344.424	344.424	344.424	585.68	0.0163382	8.22E+06													
1	1976	TIME	1	51802.6	51782.1	7.82E+06	1551.57	7.82E+06	28971.9	22810.3	23453.2	22903.8	3424.73	3424.73	3424.73	2970.39	2970.39	2970.39	3424.73	0.144789	218.88	218.88	218.88	146.315	146.315	146.315	218.88	0.00752588	123.1	123.1	123.1	84.1457	84.1457	84.1457	123.1	0.00639151	1489.03	1489.03	1489.03	1633.17	1633.17	1633.17	1489.03	0.064247	215.7	215.7	215.7	165.721	165.721	165.721	215.7	0.00626201	714.18	714.18	714.18	439.352	439.352	439.352	714.18	0.0206901	7.82E+06													
1	1977	TIME	1	47659.3	47177.9	7.45E+06	36474.4	7.45E+06	26529	20648.9	17797.6	17265.6	2381.4	2381.4	2381.4	1926.06	1926.06	1926.06	2381.4	0.106523	188.75	188.75	188.75	122.783	122.783	122.783	188.75	0.00673317	158.08	158.08	158.08	108.759	108.759	108.759	158.08	0.00812439	1265.09	1265.09	1265.09	1250.91	1250.91	1250.91	1265.09	0.0614747	193.57	193.57	193.57	142.406	142.406	142.406	193.57	0.00600199	678.27	678.27	678.27	414.369	414.369	414.369	678.27	0.020357	7.45E+06													
1	1978	TIME	1	46605.4	46286.7	7.00E+06	24139.5	7.00E+06	25950.2	20336.5	28338.6	27801.2	1878.87	1878.87	1878.87	1508.78	1508.78	1508.78	1878.87	0.0955686	247.93	247.93	247.93	157.953	157.953	157.953	247.93	0.00953797	124.75	124.75	124.75	82.2173	82.2173	82.2173	124.75	0.00690067	1174.03	1174.03	1174.03	1491.23	1491.23	1491.23	1174.03	0.0601478	195.63	195.63	195.63	161.761	161.761	161.761	195.63	0.00647771	760.57	760.57	760.57	439.202	439.202	439.202	760.57	0.0248234	7.00E+06													
1	1979	TIME	1	48255	48185.3	6.60E+06	5281.91	6.60E+06	26839.9	21345.4	32034.1	31518.7	3299.31	3299.31	3299.31	3249.09	3249.09	3249.09	3299.31	0.157938	351.15	351.15	351.15	250.276	250.276	250.276	351.15	0.014089	235.32	235.32	235.32	156.69	156.69	156.69	235.32	0.0149082	1713.94	1713.94	1713.94	2440.9	2440.9	2440.9	1713.94	0.072441	230.22	230.22	230.22	216.972	216.972	216.972	230.22	0.00735737	342.23	342.23	342.23	211.104	211.104	211.104	342.23	0.0119288	6.60E+06													
1	1980	TIME	1	48178.2	48132.1	6.68E+06	3495.44	6.68E+06	26769.3	21362.8	25985.8	25565.8	3054.6	3054.6	3054.6	3032.74	3032.74	3032.74	3054.6	0.12013	335.1	335.1	335.1	256.442	256.442	256.442	335.1	0.0122672	215.9	215.9	215.9	161.858	161.858	161.858	215.9	0.0118445	942.92	942.92	942.92	1153.43	1153.43	1153.43	942.92	0.0354353	316.85	316.85	316.85	285.086	285.086	285.086	316.85	0.00928492	677.34	677.34	677.34	474.291	474.291	474.291	677.34	0.0212961	6.68E+06													
1	1981	TIME	1	47026.6	47003.9	7.02E+06	1723.14	7.02E+06	26118	20885.9	20710.1	20382	1779.3	1779.3	1779.3	1557.06	1557.06	1557.06	1779.3	0.0674882	300.2	300.2	300.2	216.82	216.82	216.82	300.2	0.0100814	356.2	356.2	356.2	265.411	265.411	265.411	356.2	0.0160254	941.39	941.39	941.39	945.243	945.243	945.243	941.39	0.0380268	230.37	230.37	230.37	181.149	181.149	181.149	230.37	0.00668059	2204.97	2204.97	2204.97	1517.11	1517.11	1517.11	2204.97	0.0636945	7.02E+06													
1	1982	TIME	1	43296	43286.1	6.83E+06	752.215	6.83E+06	24104.8	19181.3	15898	15598.6	2328.1	2328.1	2328.1	1779.25	1779.25	1779.25	2328.1	0.10595	393.4	393.4	393.4	255.945	255.945	255.945	393.4	0.0140999	387	387	387	266.501	266.501	266.501	387	0.0183136	1249.41	1249.41	1249.41	1069.29	1069.29	1069.29	1249.41	0.0640781	371.15	371.15	371.15	253.429	253.429	253.429	371.15	0.0122427	2043.08	2043.08	2043.08	1274.86	1274.86	1274.86	2043.08	0.0634307	6.83E+06													
1	1983	TIME	1	36485	36470.4	6.03E+06	1102.2	6.03E+06	20515.4	15955	11434.1	11043.7	1891.2	1891.2	1891.2	1287.97	1287.97	1287.97	1891.2	0.118342	267.6	267.6	267.6	157.361	157.361	157.361	267.6	0.0118166	670.9	670.9	670.9	425.04	425.04	425.04	670.9	0.0413389	266.18	266.18	266.18	200.905	200.905	200.905	266.18	0.0193715	307.62	307.62	307.62	185.373	185.373	185.373	307.62	0.0128553	2366.31	2366.31	2366.31	1331.34	1331.34	1331.34	2366.31	0.0893452	6.03E+06													
1	1984	TIME	1	29696.4	29480.1	5.05E+06	16386.1	5.05E+06	16795.3	12684.8	8440.3	7990.21	1420.9	1420.9	1420.9	879.803	879.803	879.803	1420.9	0.128266	480.2	480.2	480.2	259.392	259.392	259.392	480.2	0.0281476	685.3	685.3	685.3	404.883	404.883	404.883	685.3	0.0603197	182.11	182.11	182.11	134.72	134.72	134.72	182.11	0.0195007	66.92	66.92	66.92	38.4034	38.4034	38.4034	66.92	0.00369275	1655.12	1655.12	1655.12	850.251	850.251	850.251	1655.12	0.0808938	5.05E+06													
1	1985	TIME	1	25130.5	25076.9	4.11E+06	4063.54	4.11E+06	14391	10685.9	12782.7	12291.1	544.6	544.6	544.6	368.567	368.567	368.567	544.6	0.0672336	163	163	163	87.4267	87.4267	87.4267	163	0.0127511	1047	1047	1047	582.061	582.061	582.061	1047	0.134018	325.04	325.04	325.04	388.588	388.588	388.588	325.04	0.0415662	67.91	67.91	67.91	46.8458	46.8458	46.8458	67.91	0.00466442	663.89	663.89	663.89	319.095	319.095	319.095	663.89	0.0425616	4.11E+06													
1	1986	TIME	1	23151.5	23124.8	3.54E+06	2026.4	3.54E+06	13294.6	9830.13	11596.2	11108	789.4	789.4	789.4	738.567	738.567	738.567	789.4	0.0933785	287.7	287.7	287.7	185.071	185.071	185.071	287.7	0.0264057	1091.6	1091.6	1091.6	660.647	660.647	660.647	1091.6	0.18112	435.09	435.09	435.09	579.057	579.057	579.057	435.09	0.0470935	176.28	176.28	176.28	144.242	144.242	144.242	176.28	0.0127276	387.47	387.47	387.47	213.57	213.57	213.57	387.47	0.0294427	3.54E+06													
1	1987	TIME	1	21059.6	21025.6	3.28E+06	2573.13	3.28E+06	12103.5	8922.12	9384.51	8975.89	642.7	642.7	642.7	591.961	591.961	591.961	642.7	0.0655418	306.7	306.7	306.7	216.181	216.181	216.181	306.7	0.0275341	976	976	976	712.019	712.019	712.019	976	0.136652	91.54	91.54	91.54	103.259	103.259	103.259	91.54	0.00953776	106.38	106.38	106.38	84.7141	84.7141	84.7141	106.38	0.00763127	569.33	569.33	569.33	368.411	368.411	368.411	569.33	0.0419998	3.28E+06													
1	1988	TIME	1	19387.6	19245.6	3.10E+06	10761.9	3.10E+06	11035	8210.55	7945.55	7648.25	590	590	590	485.324	485.324	485.324	590	0.0627351	522.9	522.9	522.9	351.72	351.72	351.72	522.9	0.0463152	370.1	370.1	370.1	264.206	264.206	264.206	370.1	0.0453274	106.54	106.54	106.54	108.244	108.244	108.244	106.54	0.0123861	44.34	44.34	44.34	33.3345	33.3345	33.3345	44.34	0.00335083	712.04	712.04	712.04	449.027	449.027	449.027	712.04	0.0530113	3.10E+06													
1	1989	TIME	1	18412.8	18378.5	2.84E+06	2597.87	2.84E+06	10448.4	7930.13	10361.9	10111	592.9	592.9	592.9	483.606	483.606	483.606	592.9	0.0747062	395.4	395.4	395.4	256.945	256.945	256.945	395.4	0.0387469	983.2	983.2	983.2	655.5	655.5	655.5	983.2	0.135657	182.95	182.95	182.95	220.196	220.196	220.196	182.95	0.0235169	81.91	81.91	81.91	65.4867	65.4867	65.4867	81.91	0.00690127	571.71	571.71	571.71	337.76	337.76	337.76	571.71	0.047913	2.84E+06													
1	1990	TIME	1	17053.5	17021.9	2.51E+06	2391.75	2.51E+06	9655.07	7366.87	8836.94	8595.18	724.2	724.2	724.2	677.512	677.512	677.512	724.2	0.0946244	487.4	487.4	487.4	340.245	340.245	340.245	487.4	0.0532623	783.3	783.3	783.3	529.093	529.093	529.093	783.3	0.130867	160.27	160.27	160.27	199.693	199.693	199.693	160.27	0.0198843	68.02	68.02	68.02	58.0096	58.0096	58.0096	68.02	0.00610396	476.14	476.14	476.14	296.811	296.811	296.811	476.14	0.0448832	2.51E+06													
1	1991	TIME	1	15686.4	15641.9	2.36E+06	3366.98	2.36E+06	8861.47	6780.48	7422.79	7222.46	498.4	498.4	498.4	450.151	450.151	450.151	498.4	0.0616461	270.7	270.7	270.7	193.534	193.534	193.534	270.7	0.0292916	468.5	468.5	468.5	342.107	342.107	342.107	468.5	0.0728925	160.27	160.27	160.27	176.707	176.707	176.707	160.27	0.020332	68.02	68.02	68.02	55.5255	55.5255	55.5255	68.02	0.00617049	273.04	273.04	273.04	182.294	182.294	182.294	273.04	0.0250872	2.36E+06													
1	1992	TIME	1	15073.1	15039.5	2.32E+06	2539.22	2.32E+06	8483.3	6556.25	6966.54	6802.5	359.7	359.7	359.7	299.281	299.281	299.281	359.7	0.0473572	479.2	479.2	479.2	325.829	325.829	325.829	479.2	0.0520328	640.3	640.3	640.3	451.724	451.724	451.724	640.3	0.094736	160.27	160.27	160.27	166.668	166.668	166.668	160.27	0.0224	68.02	68.02	68.02	52.3294	52.3294	52.3294	68.02	0.00645894	149.38	149.38	149.38	95.363	95.363	95.363	149.38	0.0139352	2.32E+06													
1	1993	TIME	1	14063.7	14040.3	2.18E+06	1769.38	2.18E+06	7912.86	6127.45	6253.52	6101.06	357.7	357.7	357.7	291.056	291.056	291.056	357.7	0.053165	444	444	444	290.946	290.946	290.946	444	0.0519311	432	432	432	291.092	291.092	291.092	432	0.0707854	118.01	118.01	118.01	121.95	121.95	121.95	118.01	0.0184597	68.02	68.02	68.02	50.8298	50.8298	50.8298	68.02	0.00705042	215.59	215.59	215.59	131.686	131.686	131.686	215.59	0.0217511	2.18E+06													
1	1994	TIME	1	13015.2	12990.2	2.04E+06	1898.13	2.04E+06	7327.06	5663.13	5436.58	5287.9	376.6	376.6	376.6	302.501	302.501	302.501	376.6	0.0619104	210.9	210.9	210.9	135.544	135.544	135.544	210.9	0.0268267	262.6	262.6	262.6	174.86	174.86	174.86	262.6	0.0480884	252.95	252.95	252.95	253.386	253.386	253.386	252.95	0.0441617	68.02	68.02	68.02	49.328	49.328	49.328	68.02	0.00768389	170.2	170.2	170.2	102.282	102.282	102.282	170.2	0.0184857	2.04E+06													
1	1995	TIME	1	12050.5	12034.1	1.92E+06	1241.68	1.92E+06	6801.24	5232.85	4882.28	4733.42	214.9	214.9	214.9	167.649	167.649	167.649	214.9	0.0385604	68.7	68.7	68.7	43.1494	43.1494	43.1494	68.7	0.00934786	281.2	281.2	281.2	185.27	185.27	185.27	281.2	0.0554782	34.51	34.51	34.51	33.6161	33.6161	33.6161	34.51	0.00667746	3.32	3.32	3.32	2.32794	2.32794	2.32794	3.32	0.000402543	165.09	165.09	165.09	97.0978	97.0978	97.0978	165.09	0.0190323	1.92E+06													
1	1996	TIME	1	11490.1	11473.5	1.84E+06	1257.7	1.84E+06	6480.65	4992.82	4361.86	4224.33	225.8	225.8	225.8	172.049	172.049	172.049	225.8	0.0435233	92.6	92.6	92.6	56.8662	56.8662	56.8662	92.6	0.013263	91.8	91.8	91.8	59.4213	59.4213	59.4213	91.8	0.0192868	68.53	68.53	68.53	64.6665	64.6665	64.6665	68.53	0.0144028	32.37	32.37	32.37	21.93	21.93	21.93	32.37	0.00414072	67.32	67.32	67.32	38.6745	38.6745	38.6745	67.32	0.00813441	1.84E+06													
1	1997	TIME	1	10976.1	10953.1	1.78E+06	1739.73	1.78E+06	6183.64	4769.5	3986.22	3858.66	136.3	136.3	136.3	100.705	100.705	100.705	136.3	0.0284357	57.6	57.6	57.6	34.5	34.5	34.5	57.6	0.00873607	34.9	34.9	34.9	22.2502	22.2502	22.2502	34.9	0.00785743	72.83	72.83	72.83	66.7163	66.7163	66.7163	72.83	0.0168349	111.55	111.55	111.55	73.1984	73.1984	73.1984	111.55	0.0151453	95.5	95.5	95.5	53.6008	53.6008	53.6008	95.5	0.0121273	1.78E+06													
1	1998	TIME	1	10463	10452.7	1.70E+06	779.365	1.70E+06	5894.14	4558.56	3900.82	3784.59	41.2	41.2	41.2	29.9537	29.9537	29.9537	41.2	0.00927534	41.6	41.6	41.6	24.4354	24.4354	24.4354	41.6	0.00667724	39.2	39.2	39.2	24.5171	24.5171	24.5171	39.2	0.00948224	34.09	34.09	34.09	31.7539	31.7539	31.7539	34.09	0.00848878	25.95	25.95	25.95	16.8058	16.8058	16.8058	25.95	0.00371273	33.27	33.27	33.27	18.2049	18.2049	18.2049	33.27	0.0044481	1.70E+06													
1	1999	TIME	1	10299.2	10149.6	1.66E+06	11328.9	1.66E+06	5710.85	4438.8	3519.65	3417.57	19	19	19	13.9291	13.9291	13.9291	19	0.00447623	21	21	21	12.2925	12.2925	12.2925	21	0.00352553	7.2	7.2	7.2	4.49396	4.49396	4.49396	7.2	0.00185747	81.28	81.28	81.28	79.869	79.869	79.869	81.28	0.0210886	60.54	60.54	60.54	41.6223	41.6223	41.6223	60.54	0.00895516	30.88	30.88	30.88	16.7663	16.7663	16.7663	30.88	0.00429749	1.66E+06													
1	2000	TIME	1	10976.6	10952.2	1.61E+06	1852.54	1.61E+06	6089.88	4862.31	7596.48	7505.98	13.5	13.5	13.5	11.1898	11.1898	11.1898	13.5	0.00317211	7	7	7	4.35234	4.35234	4.35234	7	0.00120341	0.7	0.7	0.7	0.438488	0.438488	0.438488	0.7	0.00018779	59.5	59.5	59.5	85.1299	85.1299	85.1299	59.5	0.0132296	75.12	75.12	75.12	64.32	64.32	64.32	75.12	0.0107215	7.78	7.78	7.78	4.23767	4.23767	4.23767	7.78	0.00111652	1.61E+06													
1	2001	TIME	1	12158.1	12139.5	1.64E+06	1408.73	1.64E+06	6689.05	5450.41	7041.59	6965.09	9.2	9.2	9.2	9.45066	9.45066	9.45066	9.2	0.00159904	7.8	7.8	7.8	5.74966	5.74966	5.74966	7.8	0.00119502	0.9	0.9	0.9	0.616445	0.616445	0.616445	0.9	0.000227562	63.57	63.57	63.57	87.362	87.362	87.362	63.57	0.00976878	54.08	54.08	54.08	50.3721	50.3721	50.3721	54.08	0.00641348	5.53	5.53	5.53	3.53079	3.53079	3.53079	5.53	0.000730561	1.64E+06													
1	2002	TIME	1	13326.2	13312	1.89E+06	1075.96	1.89E+06	7299.92	6012.09	6398.05	6334.17	28.04	28.04	28.04	26.4456	26.4456	26.4456	28.04	0.00361728	0.13	0.13	0.13	0.0981204	0.0981204	0.0981204	0.13	1.56E-05	0.01	0.01	0.01	0.00766934	0.00766934	0.00766934	0.01	1.71E-06	86.02	86.02	86.02	95.1662	95.1662	95.1662	86.02	0.0113035	9.01	9.01	9.01	7.61014	7.61014	7.61014	9.01	0.000888422	20.67	20.67	20.67	14.6554	14.6554	14.6554	20.67	0.00210725	1.89E+06													
1	2003	TIME	1	14146.3	14100.7	2.13E+06	3454.76	2.13E+06	7724.29	6376.38	5728.55	5673.21	5.07	5.07	5.07	3.02882	3.02882	3.02882	5.07	0.000474025	0	0	0	0	0	0	0	0	0	0	0	0	0	0	0	0	12.09	12.09	12.09	12.6535	12.6535	12.6535	12.09	0.00224355	0.02	0.02	0.02	0.0158179	0.0158179	0.0158179	0.02	2.17E-06	0.31	0.31	0.31	0.203684	0.203684	0.203684	0.31	2.25E-05	2.13E+06													
1	2004	TIME	1	14846	14828.5	2.28E+06	1328.39	2.28E+06	8116.04	6712.42	6220.58	6173.67	13.86	13.86	13.86	7.7982	7.7982	7.7982	13.86	0.00119871	1.84	1.84	1.84	1.16407	1.16407	1.16407	1.84	0.000179292	0.21	0.21	0.21	0.139594	0.139594	0.139594	0.21	2.73E-05	61.37	61.37	61.37	65.0689	65.0689	65.0689	61.37	0.0135474	2.31	2.31	2.31	1.67804	1.67804	1.67804	2.31	0.000260795	3.52	3.52	3.52	2.15013	2.15013	2.15013	3.52	0.000247242	2.28E+06													
1	2005	TIME	1	15190.7	15163.1	2.34E+06	2087.72	2.34E+06	8306.66	6856.48	5716.94	5673.59	24.64	24.64	24.64	13.199	13.199	13.199	24.64	0.00205299	1.5	1.5	1.5	0.908769	0.908769	0.908769	1.5	0.000150988	0.17	0.17	0.17	0.10701	0.10701	0.10701	0.17	2.47E-05	191.88	191.88	191.88	212.989	212.989	212.989	191.88	0.0461096	11.05	11.05	11.05	7.89583	7.89583	7.89583	11.05	0.00132573	0.43	0.43	0.43	0.251902	0.251902	0.251902	0.43	2.99E-05	2.34E+06													
1	2006	TIME	1	15134.5	15117.4	2.37E+06	1291.67	2.37E+06	8301.47	6815.94	5545.96	5496.9	15.81	15.81	15.81	8.15314	8.15314	8.15314	15.81	0.00130363	10.01	10.01	10.01	5.93877	5.93877	5.93877	10.01	0.00105178	0	0	0	0	0	0	0	0	52.11	52.11	52.11	56.9784	56.9784	56.9784	52.11	0.0135413	12.22	12.22	12.22	8.55521	8.55521	8.55521	12.22	0.00153566	0.98	0.98	0.98	0.553356	0.553356	0.553356	0.98	6.81E-05	2.37E+06													
1	2007	TIME	1	14998.7	14983	2.38E+06	1192.79	2.38E+06	8238.03	6744.93	5136.94	5092.18	5.22	5.22	5.22	2.6086	2.6086	2.6086	5.22	0.000432273	10.88	10.88	10.88	6.33641	6.33641	6.33641	10.88	0.00118855	0	0	0	0	0	0	0	0	80.19	80.19	80.19	86.5276	86.5276	86.5276	80.19	0.0223543	9.33	9.33	9.33	6.38668	6.38668	6.38668	9.33	0.00122214	1.47	1.47	1.47	0.802521	0.802521	0.802521	1.47	0.000103269	2.38E+06													
1	2008	TIME	1	14636.3	14623.4	2.36E+06	977.548	2.36E+06	8054.52	6568.91	4744.83	4701.54	7.54	7.54	7.54	3.65811	3.65811	3.65811	7.54	0.000636558	3.83	3.83	3.83	2.18291	2.18291	2.18291	3.83	0.000437176	0	0	0	0	0	0	0	0	49.29	49.29	49.29	51.3762	51.3762	51.3762	49.29	0.0151371	3.71	3.71	3.71	2.46117	2.46117	2.46117	3.71	0.000511408	4.37	4.37	4.37	2.30115	2.30115	2.30115	4.37	0.000314318	2.36E+06													
1	2009	TIME	1	14148.1	14122.4	2.31E+06	1949.49	2.31E+06	7790.37	6332.03	4344.85	4305.06	19.83	19.83	19.83	9.38806	9.38806	9.38806	19.83	0.00172911	2.67	2.67	2.67	1.48344	1.48344	1.48344	2.67	0.000322068	0	0	0	0	0	0	0	0	51.99	51.99	51.99	52.8753	52.8753	52.8753	51.99	0.0179618	8.75	8.75	8.75	5.61641	5.61641	5.61641	8.75	0.00128891	1.35	1.35	1.35	0.68744	0.68744	0.68744	1.35	0.000100748	2.31E+06													
1	2010	TIME	1	13654.6	13582.6	2.22E+06	5459.32	2.22E+06	7499.39	6083.16	4413.21	4375.91	12.87	12.87	12.87	6.11174	6.11174	6.11174	12.87	0.00117139	1.76	1.76	1.76	0.959408	0.959408	0.959408	1.76	0.000227383	0	0	0	0	0	0	0	0	50.07	50.07	50.07	54.3458	54.3458	54.3458	50.07	0.019078	6.54	6.54	6.54	4.1849	4.1849	4.1849	6.54	0.00103898	2.15	2.15	2.15	1.09202	1.09202	1.09202	2.15	0.000168029	2.22E+06													
1	2011	TIME	1	13580.8	13520.1	2.13E+06	4593.51	2.13E+06	7448.09	6072.03	5937.4	5902.61	7.88	7.88	7.88	3.95439	3.95439	3.95439	7.88	0.000746194	2.52	2.52	2.52	1.41405	1.41405	1.41405	2.52	0.000346671	0	0	0	0	0	0	0	0	99.26	99.26	99.26	138.113	138.113	138.113	99.26	0.0342456	4.06	4.06	4.06	2.88091	2.88091	2.88091	4.06	0.000669298	1.93	1.93	1.93	1.0646	1.0646	1.0646	1.93	0.000155636	2.13E+06													
1	2012	TIME	1	13952.6	13915.2	2.08E+06	2830.57	2.08E+06	7638.93	6276.28	6812.15	6779.27	11.43	11.43	11.43	6.20315	6.20315	6.20315	11.43	0.00109572	3.49	3.49	3.49	2.17979	2.17979	2.17979	3.49	0.000477492	0	0	0	0	0	0	0	0	119.08	119.08	119.08	177.486	177.486	177.486	119.08	0.0297073	5.65	5.65	5.65	4.67716	4.67716	4.67716	5.65	0.000853021	2.01	2.01	2.01	1.24888	1.24888	1.24888	2.01	0.000158724	2.08E+06													
1	2013	TIME	1	14738.3	14532.6	2.14E+06	15581.5	2.14E+06	7954.46	6578.13	6785.68	6755.63	14.34	14.34	14.34	8.50646	8.50646	8.50646	14.34	0.00133462	3.94	3.94	3.94	2.67596	2.67596	2.67596	3.94	0.000484821	0	0	0	0	0	0	0	0	125.87	125.87	125.87	172.163	172.163	172.163	125.87	0.0249254	4.97	4.97	4.97	4.33338	4.33338	4.33338	4.97	0.000637544	1.29	1.29	1.29	0.865178	0.865178	0.865178	1.29	9.55E-05	2.14E+06													
1	2014	TIME	1	16771.4	16669.2	2.27E+06	7744.29	2.27E+06	9051.84	7617.31	12090.7	12061.8	6.43	6.43	6.43	4.26887	4.26887	4.26887	6.43	0.000552639	6.57	6.57	6.57	4.68164	4.68164	4.68164	6.57	0.000700588	0	0	0	0	0	0	0	0	93.43	93.43	93.43	146.292	146.292	146.292	93.43	0.014712	6.1	6.1	6.1	5.68781	5.68781	5.68781	6.1	0.000667184	6.51	6.51	6.51	4.92657	4.92657	4.92657	6.51	0.000436398	2.27E+06													
1	2015	TIME	1	19756.5	19700.8	2.50E+06	4222.87	2.50E+06	10640.3	9060.49	13257.6	13232.5	10.97	10.97	10.97	7.75886	7.75886	7.75886	10.97	0.000818295	7.91	7.91	7.91	6.13648	6.13648	6.13648	7.91	0.000689858	0	0	0	0	0	0	0	0	82.91	82.91	82.91	127.285	127.285	127.285	82.91	0.00877709	7.55	7.55	7.55	7.63659	7.63659	7.63659	7.55	0.000635853	30.02	30.02	30.02	24.7427	24.7427	24.7427	30.02	0.00168289	2.50E+06													
1	2016	TIME	1	22847.9	22815.9	3.02E+06	2429.67	3.02E+06	12304.1	10511.7	12757.8	12736.5	31.61	31.61	31.61	21.8468	21.8468	21.8468	31.61	0.00197804	0.72	0.72	0.72	0.561882	0.561882	0.561882	0.72	4.84E-05	0	0	0	0	0	0	0	0	57.9	57.9	57.9	75.3406	75.3406	75.3406	57.9	0.0050716	10.1	10.1	10.1	9.58048	9.58048	9.58048	10.1	0.00065721	56.9	56.9	56.9	44.9947	44.9947	44.9947	56.9	0.00263015	3.02E+06													
1	2017	FORE	1	25374.8	25292.8	3.60E+06	6219.73	3.60E+06	13658.9	11633.9	11601.2	11583	10.124	10.124	10.124	6.51067	6.51067	6.51067	_	0.00053997	3.562	3.562	3.562	2.57993	2.57993	2.57993	_	0.00019711	0	0	0	0	0	0	_	0	97.542	97.542	97.542	109.219	109.219	109.219	_	0.00881707	5.464	5.464	5.464	4.60336	4.60336	4.60336	_	0.000314326	2.316	2.316	2.316	1.65463	1.65463	1.65463	_	9.40E-05	3.60E+06													
1	2018	FORE	1	27413.2	27329.4	4.04E+06	6344.99	4.04E+06	14789.6	12539.8	12233.1	12212.6	10.124	10.124	10.124	6.07363	6.07363	6.07363	_	0.00048056	3.562	3.562	3.562	2.36599	2.36599	2.36599	_	0.000181589	0	0	0	0	0	0	_	0	97.542	97.542	97.542	105.899	105.899	105.899	_	0.0100846	5.464	5.464	5.464	4.20119	4.20119	4.20119	_	0.000313169	2.316	2.316	2.316	1.51979	1.51979	1.51979	_	8.77E-05	4.04E+06													
1	2019	FORE	1	29103.6	29019	4.31E+06	6411.77	4.31E+06	15734.4	13284.5	12815.8	12792.2	10.124	10.124	10.124	5.80762	5.80762	5.80762	_	0.000445069	3.562	3.562	3.562	2.25517	2.25517	2.25517	_	0.00018029	0	0	0	0	0	0	_	0	97.542	97.542	97.542	114.056	114.056	114.056	_	0.0107265	5.464	5.464	5.464	4.12509	4.12509	4.12509	_	0.000322179	2.316	2.316	2.316	1.464	1.464	1.464	_	8.37E-05	4.31E+06													
1	2020	FORE	1	30607.4	30522.1	4.54E+06	6462.91	4.54E+06	16574.6	13947.5	13326.6	13301	10.124	10.124	10.124	5.67727	5.67727	5.67727	_	0.000422142	3.562	3.562	3.562	2.23976	2.23976	2.23976	_	0.000180821	0	0	0	0	0	0	_	0	97.542	97.542	97.542	118.711	118.711	118.711	_	0.0104831	5.464	5.464	5.464	4.18644	4.18644	4.18644	_	0.000321182	2.316	2.316	2.316	1.44742	1.44742	1.44742	_	8.01E-05	4.54E+06													
1	2021	FORE	1	31997.9	31912	4.76E+06	6509.77	4.76E+06	17347.7	14564.2	13772.3	13745.6	10.124	10.124	10.124	5.61876	5.61876	5.61876	_	0.00040493	3.562	3.562	3.562	2.25291	2.25291	2.25291	_	0.000177922	0	0	0	0	0	0	_	0	97.542	97.542	97.542	119.225	119.225	119.225	_	0.0100138	5.464	5.464	5.464	4.223	4.223	4.223	_	0.000311362	2.316	2.316	2.316	1.43909	1.43909	1.43909	_	7.67E-05	4.76E+06													
1	2022	FORE	1	33309.8	33223.3	4.98E+06	6551.92	4.98E+06	18074.5	15148.8	14163.7	14136.4	10.124	10.124	10.124	5.58616	5.58616	5.58616	_	0.000390227	3.562	3.562	3.562	2.25857	2.25857	2.25857	_	0.000172534	0	0	0	0	0	0	_	0	97.542	97.542	97.542	118.445	118.445	118.445	_	0.00963455	5.464	5.464	5.464	4.21834	4.21834	4.21834	_	0.000299704	2.316	2.316	2.316	1.43011	1.43011	1.43011	_	7.37E-05	4.98E+06													
1	2023	FORE	1	34547.5	34460.5	5.19E+06	6589.1	5.19E+06	18758.9	15701.7	14508.6	14480.8	10.124	10.124	10.124	5.55762	5.55762	5.55762	_	0.00037691	3.562	3.562	3.562	2.25367	2.25367	2.25367	_	0.00016673	0	0	0	0	0	0	_	0	97.542	97.542	97.542	117.577	117.577	117.577	_	0.00936882	5.464	5.464	5.464	4.19477	4.19477	4.19477	_	0.000289471	2.316	2.316	2.316	1.41975	1.41975	1.41975	_	7.10E-05	5.19E+06													
1	2024	FORE	1	35707.3	35619.9	5.39E+06	6621.75	5.39E+06	19399.9	16220	14812.7	14784.3	10.124	10.124	10.124	5.52638	5.52638	5.52638	_	0.000364759	3.562	3.562	3.562	2.24341	2.24341	2.24341	_	0.000161533	0	0	0	0	0	0	_	0	97.542	97.542	97.542	116.879	116.879	116.879	_	0.00918113	5.464	5.464	5.464	4.16641	4.16641	4.16641	_	0.000281133	2.316	2.316	2.316	1.40872	1.40872	1.40872	_	6.87E-05	5.39E+06													
1	2025	FORE	1	36781.8	36694.1	5.58E+06	6650.29	5.58E+06	19994	16700.1	15080.7	15051.8	10.124	10.124	10.124	5.49279	5.49279	5.49279	_	0.000353842	3.562	3.562	3.562	2.23163	2.23163	2.23163	_	0.000157154	0	0	0	0	0	0	_	0	97.542	97.542	97.542	116.344	116.344	116.344	_	0.00904197	5.464	5.464	5.464	4.1388	4.1388	4.1388	_	0.000274365	2.316	2.316	2.316	1.39776	1.39776	1.39776	_	6.67E-05	5.58E+06													
1	2026	FORE	1	37769.1	37681	5.75E+06	6675.22	5.75E+06	20540.4	17140.6	15316.8	15287.4	10.124	10.124	10.124	5.45878	5.45878	5.45878	_	0.000344207	3.562	3.562	3.562	2.22006	2.22006	2.22006	_	0.000153514	0	0	0	0	0	0	_	0	97.542	97.542	97.542	115.929	115.929	115.929	_	0.00893378	5.464	5.464	5.464	4.11351	4.11351	4.11351	_	0.000268789	2.316	2.316	2.316	1.38728	1.38728	1.38728	_	6.49E-05	5.75E+06													
