Area Yr Era Seas Bio_all Bio_smry SpawnBio Recruit_0  SpawnBio_GP:1 SmryBio_SX:1_GP:1 SmryBio_SX:2_GP:1 SmryNum_SX:1_GP:1 SmryNum_SX:2_GP:1 sel(B):_1 dead(B):_1 retain(B):_1 sel(N):_1 dead(N):_1 retain(N):_1 obs_cat:_1 F:_1 sel(B):_2 dead(B):_2 retain(B):_2 sel(N):_2 dead(N):_2 retain(N):_2 obs_cat:_2 F:_2 sel(B):_3 dead(B):_3 retain(B):_3 sel(N):_3 dead(N):_3 retain(N):_3 obs_cat:_3 F:_3 sel(B):_4 dead(B):_4 retain(B):_4 sel(N):_4 dead(N):_4 retain(N):_4 obs_cat:_4 F:_4 SSB_vir_LH ABC_buffer
1 1914 VIRG 1 291.504 287.213 204.584 0  204.584  244.953 42.2599  238.329 92.4003 0 0 0 0 0 0 0 0  0 0 0 0 0 0 0 0  0 0 0 0 0 0 0 0  0 0 0 0 0 0 0 0  204.584 NA
1 1915 INIT 1 291.504 287.213 204.584 0  204.584  244.953 42.2599  238.329 92.4003  0 0 0 0 0 0 0 0  0 0 0 0 0 0 0 0  0 0 0 0 0 0 0 0  0 0 0 0 0 0 0 0 204.584 NA
1 1916 TIME 1 291.504 287.213 204.584 183.659  204.584  244.953 42.2599  238.329 92.4003  0 0 0 0 0 0 0 0  0 0 0 0 0 0 0 0  0.04 0.04 0.04 0.0349145 0.0349145 0.0349145 0.04 0.000149401  0 0 0 0 0 0 0 0 204.584 NA
1 1917 TIME 1 291.467 287.176 204.555 183.656  204.555  244.921 42.2556  238.306 92.3934  0 0 0 0 0 0 0 0  0 0 0 0 0 0 0 0  0.04 0.04 0.04 0.0349158 0.0349158 0.0349158 0.04 0.00014942  0 0 0 0 0 0 0 0 204.555 NA
1 1918 TIME 1 291.434 287.143 204.527 183.654  204.527  244.891 42.2526  238.292 92.3909  0 0 0 0 0 0 0 0  0 0 0 0 0 0 0 0  0.04 0.04 0.04 0.0349173 0.0349173 0.0349173 0.04 0.000149437  0 0 0 0 0 0 0 0 204.527 NA
1 1919 TIME 1 291.406 287.115 204.502 183.651  204.502  244.865 42.2505  238.279 92.3889  0 0 0 0 0 0 0 0  0 0 0 0 0 0 0 0  0.04 0.04 0.04 0.0349189 0.0349189 0.0349189 0.04 0.000149452  0 0 0 0 0 0 0 0 204.502 NA
1 1920 TIME 1 291.382 287.091 204.48 183.649  204.48  244.842 42.2489  238.269 92.3871  0 0 0 0 0 0 0 0  0 0 0 0 0 0 0 0  0.04 0.04 0.04 0.0349203 0.0349203 0.0349203 0.04 0.000149464  0 0 0 0 0 0 0 0 204.48 NA
1 1921 TIME 1 291.362 287.071 204.461 183.647  204.461  244.823 42.2478  238.261 92.3856  0 0 0 0 0 0 0 0  0 0 0 0 0 0 0 0  0.04 0.04 0.04 0.0349214 0.0349214 0.0349214 0.04 0.000149474  0 0 0 0 0 0 0 0 204.461 NA
1 1922 TIME 1 291.345 287.054 204.445 183.646  204.445  244.807 42.2469  238.253 92.3842  0 0 0 0 0 0 0 0  0 0 0 0 0 0 0 0  0.04 0.04 0.04 0.0349224 0.0349224 0.0349224 0.04 0.000149483  0 0 0 0 0 0 0 0 204.445 NA
1 1923 TIME 1 291.33 287.04 204.432 183.645  204.432  244.794 42.2462  238.247 92.383  0 0 0 0 0 0 0 0  0 0 0 0 0 0 0 0  0.04 0.04 0.04 0.0349232 0.0349232 0.0349232 0.04 0.00014949  0 0 0 0 0 0 0 0 204.432 NA
1 1924 TIME 1 291.318 287.028 204.422 183.643  204.422  244.782 42.2456  238.242 92.3819  0 0 0 0 0 0 0 0  0 0 0 0 0 0 0 0  0.04 0.04 0.04 0.0349239 0.0349239 0.0349239 0.04 0.000149496  0 0 0 0 0 0 0 0 204.422 NA
1 1925 TIME 1 291.308 287.018 204.412 183.643  204.412  244.773 42.245  238.238 92.3811  0 0 0 0 0 0 0 0  0 0 0 0 0 0 0 0  0.04 0.04 0.04 0.0349245 0.0349245 0.0349245 0.04 0.000149501  0 0 0 0 0 0 0 0 204.412 NA
1 1926 TIME 1 291.3 287.009 204.405 183.642  204.405  244.765 42.2446  238.234 92.3803  0 0 0 0 0 0 0 0  0 0 0 0 0 0 0 0  0.04 0.04 0.04 0.034925 0.034925 0.034925 0.04 0.000149505  0 0 0 0 0 0 0 0 204.405 NA
1 1927 TIME 1 291.293 287.002 204.398 183.641  204.398  244.758 42.2442  238.231 92.3797  0 0 0 0 0 0 0 0  0 0 0 0 0 0 0 0  0.04 0.04 0.04 0.0349254 0.0349254 0.0349254 0.04 0.000149509  0 0 0 0 0 0 0 0 204.398 NA
1 1928 TIME 1 291.287 286.996 204.393 183.641  204.393  244.752 42.2439  238.228 92.3792  0 0 0 0 0 0 0 0  0 0 0 0 0 0 0 0  0.04 0.04 0.04 0.0349264 0.0349264 0.0349264 0.04 0.000149526  0.06 0.06 0.06 0.044421 0.044421 0.044421 0.06 0.000229752 204.393 NA
1 1929 TIME 1 291.228 286.937 204.344 183.636  204.344  244.699 42.2378  238.196 92.3708  0 0 0 0 0 0 0 0  0 0 0 0 0 0 0 0  0.09 0.09 0.09 0.0785922 0.0785922 0.0785922 0.09 0.000336559  0.11 0.11 0.11 0.0814437 0.0814437 0.0814437 0.11 0.000421371 204.344 NA
1 1930 TIME 1 291.084 286.794 204.226 183.625  204.226  244.571 42.223  238.118 92.3503  0 0 0 0 0 0 0 0  0 0 0 0 0 0 0 0  0.13 0.13 0.13 0.113544 0.113544 0.113544 0.13 0.000486454  0.16 0.16 0.16 0.118479 0.118479 0.118479 0.16 0.000613308 204.226 NA
1 1931 TIME 1 290.875 286.585 204.05 183.608  204.05  244.382 42.2027  238.008 92.3232  0 0 0 0 0 0 0 0  0 0 0 0 0 0 0 0  0.17 0.17 0.17 0.148522 0.148522 0.148522 0.17 0.000636698  0.22 0.22 0.22 0.162942 0.162942 0.162942 0.22 0.000844064 204.05 NA
1 1932 TIME 1 290.6 286.31 203.816 183.585  203.816  244.133 42.1772  237.867 92.2894  0.00102 0.00102 0.00102 0.00136896 0.00136896 0.00136896 0.00102 3.51868e-06  0 0 0 0 0 0 0 0  0.22 0.22 0.22 0.192278 0.192278 0.192278 0.22 0.000824884  0.27 0.27 0.27 0.20003 0.20003 0.20003 0.27 0.00103708 203.816 NA
1 1933 TIME 1 290.267 285.978 203.531 183.558  203.531  243.83 42.1476  237.699 92.2495  0.03366 0.03366 0.03366 0.0452047 0.0452047 0.0452047 0.03366 0.000116266  0 0 0 0 0 0 0 0  0.26 0.26 0.26 0.227343 0.227343 0.227343 0.26 0.000976197  0.33 0.33 0.33 0.244568 0.244568 0.244568 0.33 0.00126931 203.531 NA
1 1934 TIME 1 289.854 285.565 203.18 183.523  203.18  243.455 42.1101  237.483 92.1953  0 0 0 0 0 0 0 0  0 0 0 0 0 0 0 0  0.3 0.3 0.3 0.262462 0.262462 0.262462 0.3 0.0011281  0.38 0.38 0.38 0.281743 0.281743 0.281743 0.38 0.00146391 203.18 NA
1 1935 TIME 1 289.443 285.156 202.823 183.489  202.823  243.079 42.0769  237.288 92.1535  0.06834 0.06834 0.06834 0.0919227 0.0919227 0.0919227 0.06834 0.00023677  0 0 0 0 0 0 0 0  0.34 0.34 0.34 0.297638 0.297638 0.297638 0.34 0.00128068  0.44 0.44 0.44 0.326387 0.326387 0.326387 0.44 0.00169799 202.823 NA
1 1936 TIME 1 288.931 284.644 202.386 183.446  202.386  242.612 42.0316  237.018 92.0844  0.00612 0.00612 0.00612 0.00824058 0.00824058 0.00824058 0.00612 2.12473e-05  0 0 0 0 0 0 0 0  0.48 0.48 0.48 0.420511 0.420511 0.420511 0.48 0.001812  0.62 0.62 0.62 0.460175 0.460175 0.460175 0.62 0.00239799 202.386 NA
1 1937 TIME 1 288.252 283.966 201.806 183.389  201.806  241.994 41.9724  236.68 92.0064  0.00102 0.00102 0.00102 0.00137479 0.00137479 0.00137479 0.00102 3.54693e-06  0 0 0 0 0 0 0 0  0.32 0.32 0.32 0.28056 0.28056 0.28056 0.32 0.0012101  0.41 0.41 0.41 0.304502 0.304502 0.304502 0.41 0.0015886 201.806 NA
1 1938 TIME 1 288.005 283.721 201.561 183.365  201.561  241.755 41.9661  236.608 92.0071  0 0 0 0 0 0 0 0  0 0 0 0 0 0 0 0  0.91 0.91 0.91 0.798608 0.798608 0.798608 0.91 0.00345179  1.16 1.16 1.16 0.862159 0.862159 0.862159 1.16 0.00450862 201.561 NA
1 1939 TIME 1 286.584 282.301 200.386 183.248  200.386  240.477 41.824  235.822 91.7944  0.00102 0.00102 0.00102 0.00137888 0.00137888 0.00137888 0.00102 3.56655e-06  0 0 0 0 0 0 0 0  0.34 0.34 0.34 0.298744 0.298744 0.298744 0.34 0.00129333  0.43 0.43 0.43 0.319899 0.319899 0.319899 0.43 0.00167614 200.386 NA
1 1940 TIME 1 286.514 282.233 200.259 183.235  200.259  240.385 41.8483  235.9 91.8538  0.02754 0.02754 0.02754 0.0372395 0.0372395 0.0372395 0.02754 9.63108e-05  0 0 0 0 0 0 0 0  0.32 0.32 0.32 0.281308 0.281308 0.281308 0.32 0.00121747  0.41 0.41 0.41 0.305191 0.305191 0.305191 0.41 0.00159849 200.259 NA
1 1941 TIME 1 286.495 282.215 200.205 183.23  200.205  240.348 41.8667  235.925 91.8657  0.0357 0.0357 0.0357 0.0483016 0.0483016 0.0483016 0.0357 0.000125014  0 0 0 0 0 0 0 0  0.68 0.68 0.68 0.598075 0.598075 0.598075 0.68 0.00259072  0.86 0.86 0.86 0.640455 0.640455 0.640455 0.86 0.00335763 200.205 NA
1 1942 TIME 1 285.749 281.468 199.593 183.169  199.593  239.674 41.7943  235.501 91.7452  0.00408 0.00408 0.00408 0.00552707 0.00552707 0.00552707 0.00408 1.43219e-05  0 0 0 0 0 0 0 0  0.68 0.68 0.68 0.598577 0.598577 0.598577 0.68 0.00259737  0.86 0.86 0.86 0.640849 0.640849 0.640849 0.86 0.00336642 199.593 NA
1 1943 TIME 1 285.12 280.841 199.055 183.115  199.055  239.099 41.7417  235.198 91.6793  0 0 0 0 0 0 0 0  0 0 0 0 0 0 0 0  0.68 0.68 0.68 0.599095 0.599095 0.599095 0.68 0.0026031  0.86 0.86 0.86 0.641282 0.641282 0.641282 0.86 0.00337403 199.055 NA
1 1944 TIME 1 284.58 280.302 198.576 183.066  198.576  238.6 41.7018  234.949 91.6279  0.0153 0.0153 0.0153 0.0207712 0.0207712 0.0207712 0.0153 5.39142e-05  0 0 0 0 0 0 0 0  0.68 0.68 0.68 0.599588 0.599588 0.599588 0.68 0.0026081  0.86 0.86 0.86 0.641726 0.641726 0.641726 0.86 0.00338066 198.576 NA
1 1945 TIME 1 284.102 279.826 198.15 183.023  198.15  238.157 41.6689  234.728 91.5804  0 0 0 0 0 0 0 0  0 0 0 0 0 0 0 0  0.68 0.68 0.68 0.600031 0.600031 0.600031 0.68 0.00261239  0.86 0.86 0.86 0.642138 0.642138 0.642138 0.86 0.00338633 198.15 NA
1 1946 TIME 1 283.71 279.434 197.796 182.987  197.796  237.789 41.6449  234.555 91.5464  0 0 0 0 0 0 0 0  0 0 0 0 0 0 0 0  0.68 0.68 0.68 0.600417 0.600417 0.600417 0.68 0.00261597  0.86 0.86 0.86 0.642503 0.642503 0.642503 0.86 0.00339107 197.796 NA
1 1947 TIME 1 283.378 279.103 197.495 182.956  197.495  237.477 41.6256  234.409 91.5169  0.00612 0.00612 0.00612 0.00834371 0.00834371 0.00834371 0.00612 2.17616e-05  0 0 0 0 0 0 0 0  2.07 2.07 2.07 1.83067 1.83067 1.83067 2.07 0.00801557  2.64 2.64 2.64 1.97445 1.97445 1.97445 2.64 0.0104793 197.495 NA
1 1948 TIME 1 280.199 275.926 194.921 182.69  194.921  234.644 41.2816  232.582 91.0053  0.00612 0.00612 0.00612 0.00839258 0.00839258 0.00839258 0.00612 2.20195e-05  0 0 0 0 0 0 0 0  2.34 2.34 2.34 2.07711 2.07711 2.07711 2.34 0.00917517  2.97 2.97 2.97 2.22676 2.22676 2.22676 2.97 0.0119409 194.921 NA
1 1949 TIME 1 276.818 272.551 192.077 182.388  192.077  231.596 40.9555  230.836 90.5865  0.0051 0.0051 0.0051 0.00704438 0.00704438 0.00704438 0.0051 1.86118e-05  0 0 0 0 0 0 0 0  3.04 3.04 3.04 2.71198 2.71198 2.71198 3.04 0.0121017  3.87 3.87 3.87 2.91207 2.91207 2.91207 3.87 0.015802 192.077 NA
1 1950 TIME 1 272.391 268.131 188.324 181.977  188.324  227.591 40.5403  228.541 90.0234  0.29478 0.29478 0.29478 0.410131 0.410131 0.410131 0.29478 0.00109008  0 0 0 0 0 0 0 0  2.37 2.37 2.37 2.12602 2.12602 2.12602 2.37 0.00956933  3.01 3.01 3.01 2.2749 2.2749 2.2749 3.01 0.0124703 188.324 NA
1 1951 TIME 1 269.619 265.369 185.855 181.699  185.855  225.032 40.3371  227.25 89.7501  0.01938 0.01938 0.01938 0.027099 0.027099 0.027099 0.01938 7.22655e-05  0 0 0 0 0 0 0 0  2.17 2.17 2.17 1.95514 1.95514 1.95514 2.17 0.00884086  2.77 2.77 2.77 2.10161 2.10161 2.10161 2.77 0.011582 185.855 NA
1 1952 TIME 1 267.911 263.667 184.246 181.514  184.246  223.406 40.2606  226.594 89.6577  0.05202 0.05202 0.05202 0.0730881 0.0730881 0.0730881 0.05202 0.000195695  0 0 0 0 0 0 0 0  2.93 2.93 2.93 2.6506 2.6506 2.6506 2.93 0.0120502  3.72 3.72 3.72 2.83239 2.83239 2.83239 3.72 0.0157044 184.246 NA
1 1953 TIME 1 264.901 260.662 181.671 181.213  181.671  220.651 40.0102  225.039 89.2613  0.0153 0.0153 0.0153 0.0216698 0.0216698 0.0216698 0.0153 5.85008e-05  0 0 0 0 0 0 0 0  4.35 4.35 4.35 3.95767 3.95767 3.95767 4.35 0.0182017  5.54 5.54 5.54 4.23654 4.23654 4.23654 5.54 0.0238032 181.671 NA
1 1954 TIME 1 259.363 255.132 177.077 180.655  177.077  215.663 39.4691  222.034 88.4691  0.00102 0.00102 0.00102 0.00147365 0.00147365 0.00147365 0.00102 4.07292e-06  0 0 0 0 0 0 0 0  9.93999 9.93999 9.93999 9.15848 9.15848 9.15848 9.94 0.043547  12.65 12.65 12.65 9.75622 9.75622 9.75622 12.65 0.056961 177.077 NA
1 1955 TIME 1 242.923 238.711 163.762 178.886  163.762  201.033 37.6781  212.62 85.8422  0.00917999 0.00917999 0.00917999 0.0137104 0.0137104 0.0137104 0.00918 3.90316e-05  0 0 0 0 0 0 0 0  9.58999 9.58999 9.58999 9.03662 9.03662 9.03662 9.59 0.0449423  12.2 12.2 12.2 9.55812 9.55812 9.55812 12.2 0.0588651 163.762 NA
1 1956 TIME 1 228.958 224.787 151.971 177.097  151.971  188.444 36.3428  205.454 84.1204  0.05916 0.05916 0.05916 0.0918015 0.0918015 0.0918015 0.05916 0.000270444  0 0 0 0 0 0 0 0  10.88 10.88 10.88 10.5451 10.5451 10.5451 10.88 0.0551294  17.93 17.93 17.93 14.347 14.347 14.347 17.93 0.0937349 151.971 NA
1 1957 TIME 1 210.276 206.152 136.402 174.333  136.402  171.673 34.4788  195.302 81.4234  0.37026 0.37026 0.37026 0.597405 0.597405 0.597405 0.37026 0.00180976  0 0 0 0 0 0 0 0  7.94999 7.94999 7.94999 7.95021 7.95021 7.95021 7.95 0.0433311  13.1 13.1 13.1 10.7497 10.7497 10.7497 13.1 0.0738274 136.402 NA
1 1958 TIME 1 200.442 196.377 127.647 172.531  127.647  162.618 33.7589  190.735 80.4464  0.06834 0.06834 0.06834 0.112355 0.112355 0.112355 0.06834 0.000343842  0 0 0 0 0 0 0 0  5.36 5.36 5.36 5.46845 5.46845 5.46845 5.36 0.0301657  8.82999 8.82999 8.82999 7.38717 7.38717 7.38717 8.83 0.0514356 127.647 NA
1 1959 TIME 1 198.443 194.415 125.22 171.994  125.22  160.472 33.9431  190.487 80.5815  0.00713999 0.00713999 0.00713999 0.0116786 0.0116786 0.0116786 0.00714 3.53656e-05  0 0 0 0 0 0 0 0  1.37 1.37 1.37 1.40218 1.40218 1.40218 1.37 0.00758405  2.26 2.26 2.26 1.90541 1.90541 1.90541 2.26 0.0129421 125.22 NA
1 1960 TIME 1 206.638 202.614 131.111 173.268  131.111  167.348 35.2653  195.99 82.2792  0.00306 0.00306 0.00306 0.00489235 0.00489235 0.00489235 0.00306 1.45202e-05  0 0 0 0 0 0 0 0  0.66 0.66 0.66 0.66731 0.66731 0.66731 0.66 0.00348664  1.08 1.08 1.08 0.905788 0.905788 0.905788 1.08 0.00589233 131.111 NA
1 1961 TIME 1 216.04 211.985 138.689 174.772  138.689  175.537 36.4482  201.198 83.583  0.0102 0.0102 0.0102 0.0159402 0.0159402 0.0159402 0.0102 4.64505e-05  0 0 0 0 0 0 0 0  0.779999 0.779999 0.779999 0.775634 0.775634 0.775634 0.78 0.00393904  1.28 1.28 1.28 1.06097 1.06097 1.06097 1.28 0.00666567 138.689 NA
1 1962 TIME 1 224.255 220.165 145.746 176.053  145.746  182.879 37.2858  205.41 84.5821  0.00204 0.00204 0.00204 0.00313824 0.00313824 0.00313824 0.00204 9.0499e-06  0 0 0 0 0 0 0 0  2.39 2.39 2.39 2.34318 2.34318 2.34318 2.39 0.011727  3.94 3.94 3.94 3.22571 3.22571 3.22571 3.94 0.019918 145.746 NA
1 1963 TIME 1 227.644 223.528 149.083 176.622  149.083  186.092 37.4357  206.674 84.7564  0.0051 0.0051 0.0051 0.00782463 0.00782463 0.00782463 0.0051 2.2608e-05  0 0 0 0 0 0 0 0  4.81 4.81 4.81 4.68752 4.68752 4.68752 4.81 0.0235733  7.92999 7.92999 7.92999 6.44402 6.44402 6.44402 7.93 0.0400408 149.083 NA
1 1964 TIME 1 224.635 220.51 147.152 176.295  147.152  183.666 36.8441  204.394 84.0138  0.0714 0.0714 0.0714 0.11005 0.11005 0.11005 0.0714 0.000319095  0 0 0 0 0 0 0 0  3.82 3.82 3.82 3.72552 3.72552 3.72552 3.82 0.0188905  6.31 6.31 6.31 5.11901 5.11901 5.11901 6.31 0.032163 147.152 NA
1 1965 TIME 1 224.05 219.932 146.652 176.21  146.652  183.214 36.7185  204.238 84.0865  0.01632 0.01632 0.01632 0.0253049 0.0253049 0.0253049 0.01632 7.38146e-05  0 0 0 0 0 0 0 0  3.96 3.96 3.96 3.87559 3.87559 3.87559 3.96 0.0198404  10.81 10.81 10.81 8.78442 8.78442 8.78442 10.81 0.0558505 146.652 NA
1 1966 TIME 1 219.376 215.262 142.849 175.54  142.849  179.113 36.1489  201.559 83.3607  0.05202 0.05202 0.05202 0.0821729 0.0821729 0.0821729 0.05202 0.000244217  0 0 0 0 0 0 0 0  6.06 6.06 6.06 6.00211 6.00211 6.00211 6.06 0.0316033  16.52 16.52 16.52 13.5295 13.5295 13.5295 16.52 0.0889354 142.849 NA
1 1967 TIME 1 208.048 203.955 133.758 173.81  133.758  169.129 34.8253  194.979 81.5124  0.03876 0.03876 0.03876 0.0623887 0.0623887 0.0623887 0.03876 0.000187424  0 0 0 0 0 0 0 0  4.08 4.08 4.08 4.10085 4.10085 4.10085 4.08 0.021983  8.54999 8.54999 8.54999 7.08221 7.08221 7.08221 8.55 0.0476097 133.758 NA
1 1968 TIME 1 206.865 202.806 132.217 173.497  132.217  167.884 34.9223  195.191 81.8558  0.06222 0.06222 0.06222 0.100123 0.100123 0.100123 0.06222 0.000299913  0 0 0 0 0 0 0 0  2.9 2.9 2.9 2.9264 2.9264 2.9264 2.9 0.0155784  6.09 6.09 6.09 5.07355 5.07355 5.07355 6.09 0.0338091 132.217 NA
1 1969 TIME 1 209.294 205.239 133.769 173.812  133.769  169.853 35.3858  196.886 82.3613  0.04386 0.04386 0.04386 0.0701045 0.0701045 0.0701045 0.04386 0.000208806  0 0 0 0 0 0 0 0  2.77 2.77 2.77 2.78818 2.78818 2.78818 2.77 0.0146788  5.82 5.82 5.82 4.85012 4.85012 4.85012 5.82 0.0318544 133.769 NA
1 1970 TIME 1 212.294 207.931 135.924 237.064  135.924  172.173 35.7579  198.349 82.6975  0.0917999 0.0917999 0.0917999 0.146007 0.146007 0.146007 0.0918 0.00043397  0 0 0 0 0 0 0 0  3.54 3.54 3.54 3.5502 3.5502 3.5502 3.54 0.0186087  7.41999 7.41999 7.41999 6.16874 6.16874 6.16874 7.42 0.0402687 135.924 NA
1 1971 TIME 1 213.638 208.166 136.356 223.182  136.356  172.43 35.736  198.169 82.5363  0.02448 0.02448 0.02448 0.0428075 0.0428075 0.0428075 0.02448 0.000115495  0 0 0 0 0 0 0 0  3.66 3.66 3.66 3.78269 3.78269 3.78269 3.66 0.0193875  12.79 12.79 12.79 10.6725 10.6725 10.6725 12.79 0.070152 136.356 NA
1 1972 TIME 1 213.089 207.886 132.807 220.748  132.807  170.714 37.1722  213.833 93.6255  0.03774 0.03774 0.03774 0.0705548 0.0705548 0.0705548 0.03774 0.00019041  0 0 0 0 0 0 0 0  10.67 10.67 10.67 11.7217 11.7217 11.7217 10.67 0.0614523  37.3 37.3 37.3 32.3779 32.3779 32.3779 37.3 0.224323 132.807 NA
1 1973 TIME 1 186.94 181.792 108.402 218.746  108.402  146.725 35.0664  203.031 91.5593  0.0153 0.0153 0.0153 0.0302179 0.0302179 0.0302179 0.0153 8.15542e-05  0 0 0 0 0 0 0 0  4.27 4.27 4.27 4.99149 4.99149 4.99149 4.27 0.026319  14.93 14.93 14.93 13.7692 13.7692 13.7692 14.93 0.0965443 108.402 NA
1 1974 TIME 1 190.812 185.571 107.364 245.999  107.364  148.629 36.9428  210.233 94.976  0.0663 0.0663 0.0663 0.130562 0.130562 0.130562 0.0663 0.00034541  0 0 0 0 0 0 0 0  4.35 4.35 4.35 5.15801 5.15801 5.15801 4.35 0.0261881  15.22 15.22 15.22 14.3959 14.3959 14.3959 15.22 0.0960044 107.364 NA
1 1975 TIME 1 195.569 190.12 109.462 183.543  109.462  151.821 38.2987  214.634 96.5087  0.02754 0.02754 0.02754 0.0560745 0.0560745 0.0560745 0.02754 0.000142272  0 0 0 0 0 0 0 0  6.46999 6.46999 6.46999 7.7923 7.7923 7.7923 6.47 0.0387351  22.61 22.61 22.61 21.605 21.605 21.605 22.61 0.141874 109.462 NA
1 1976 TIME 1 192.327 188.301 106.814 128.603  106.814  149.449 38.8529  219.993 100.569  0.0907799 0.0907799 0.0907799 0.173005 0.173005 0.173005 0.09078 0.000466855  0 0 0 0 0 0 0 0  4.28 4.28 4.28 5.10255 5.10255 5.10255 4.28 0.0253683  14.97 14.97 14.97 14.4279 14.4279 14.4279 14.97 0.0929485 106.814 NA
1 1977 TIME 1 195.486 192.577 110.917 108.594  110.917  153.685 38.8919  211.691 93.2142  0.10914 0.10914 0.10914 0.181253 0.181253 0.181253 0.10914 0.000550793  0 0 0 0 0 0 0 0  2.77 2.77 2.77 3.09791 3.09791 3.09791 2.77 0.0157594  9.67999 9.67999 9.67999 9.12993 9.12993 9.12993 9.68 0.0571241 110.917 NA
1 1978 TIME 1 199.057 196.574 120.339 97.1994  120.339  159.415 37.159  193.459 79.7935  0.3264 0.3264 0.3264 0.481071 0.481071 0.481071 0.3264 0.00166835  0 0 0 0 0 0 0 0  4.09 4.09 4.09 4.19816 4.19816 4.19816 4.09 0.0230392  14.29 14.29 14.29 12.7236 12.7236 12.7236 14.29 0.082662 120.339 NA
1 1979 TIME 1 190.831 188.275 123.258 156.734  123.258  155.272 33.003  170.072 66.7854  0.21828 0.21828 0.21828 0.296484 0.296484 0.296484 0.21828 0.00117012  0 0 0 0 0 0 0 0  3.06 3.06 3.06 2.90853 2.90853 2.90853 3.06 0.0178249  10.69 10.69 10.69 8.89247 8.89247 8.89247 10.69 0.0636426 123.258 NA
1 1980 TIME 1 182.911 179.297 123.636 146.742  123.636  150.135 29.1623  152.005 57.6878  3.64344 3.64344 3.64344 5.51253 5.51253 5.51253 3.64344 0.0215457  0 0 0 0 0 0 0 0  9.13274 9.13274 9.13274 8.59241 8.59241 8.59241 9.13275 0.0590865  20.5974 20.5974 20.5974 16.2953 16.2953 16.2953 20.5974 0.13654 123.636 NA
1 1981 TIME 1 156.789 153.722 104.901 70.9951  104.901  128.317 25.4057  144.07 59.6996  0.2652 0.2652 0.2652 0.447952 0.447952 0.447952 0.2652 0.00181211  0 0 0 0 0 0 0 0  4.00058 4.00058 4.00058 4.01027 4.01027 4.01027 4.00058 0.0305797  25.618 25.618 25.618 20.6054 20.6054 20.6054 25.618 0.202948 104.901 NA
1 1982 TIME 1 136.207 134.558 86.2788 69.0133  86.2788  110.796 23.7614  138.358 60.1727  0.2856 0.2856 0.2856 0.448648 0.448648 0.448648 0.2856 0.00226279  0 0 0 0 0 0 0 0  4.79815 4.79815 4.79815 4.97634 4.97634 4.97634 4.79816 0.0426747  23.59 23.59 23.59 20.2191 20.2191 20.2191 23.5901 0.218103 86.2788 NA
1 1983 TIME 1 116.62 114.57 71.4954 160.632  71.4954  94.1309 20.4388  111.208 45.7143  0.1938 0.1938 0.1938 0.292789 0.292789 0.292789 0.1938 0.00177344  0 0 0 0 0 0 0 0  6.37552 6.37552 6.37552 6.51078 6.51078 6.51078 6.37553 0.0647202  13.8615 13.8615 13.8615 12.0885 12.0885 12.0885 13.8615 0.14497 71.4954 NA
1 1984 TIME 1 106.39 100.645 64.7998 577.446  64.7998  83.0891 17.5555  93.979 37.7872  0.0509999 0.0509999 0.0509999 0.103404 0.103404 0.103404 0.051 0.000531795  0 0 0 0 0 0 0 0  4.18219 4.18219 4.18219 4.60493 4.60493 4.60493 4.18219 0.0496573  21.8002 21.8002 21.8002 18.8039 18.8039 18.8039 21.8002 0.26854 64.7998 NA
1 1985 TIME 1 98.4921 87.338 52.4796 88.647  52.4796  70.1391 17.1989  105.068 49.4321  0.1122 0.1122 0.1122 0.477469 0.477469 0.477469 0.1122 0.00104415  0 0 0 0 0 0 0 0  3.06457 3.06457 3.06457 5.31604 5.31604 5.31604 3.06457 0.038636  14.256 14.256 14.256 14.1874 14.1874 14.1874 14.256 0.200147 52.4796 NA
1 1986 TIME 1 118.825 116.676 45.7157 104.983  45.7157  83.78 32.8956  241.002 136.099  0.1836 0.1836 0.1836 0.5204 0.5204 0.5204 0.1836 0.00149161  0 0 0 0 0 0 0 0  7.44361 7.44361 7.44361 13.5823 13.5823 13.5823 7.44362 0.0813342  24.586 24.586 24.586 32.4757 32.4757 32.4757 24.586 0.309784 45.7157 NA
1 1987 TIME 1 127.016 122.936 41.0444 445.465  41.0444  89.4507 33.4852  185.501 88.8658  0.2958 0.2958 0.2958 0.644848 0.644848 0.644848 0.2958 0.00233521  0 0 0 0 0 0 0 0  3.69577 3.69577 3.69577 5.67909 5.67909 5.67909 3.69577 0.0353783  24.7279 24.7279 24.7279 32.0779 32.0779 32.0779 24.7279 0.252 41.0444 NA
1 1988 TIME 1 131.671 122.883 55.5149 106.808  55.5149  93.112 29.7706  150.553 66.4209  0.4998 0.4998 0.4998 1.5443 1.5443 1.5443 0.4998 0.00358705  0 0 0 0 0 0 0 0  5.17408 5.17408 5.17408 7.98758 7.98758 7.98758 5.17408 0.0458219  15.9544 15.9544 15.9544 18.1371 18.1371 18.1371 15.9544 0.149829 55.5149 NA
1 1989 TIME 1 146.625 144.216 67.699 88.7447  67.699  107.16 37.0563  231.622 120  0.4794 0.4794 0.4794 1.09518 1.09518 1.09518 0.4794 0.00315183  0 0 0 0 0 0 0 0  5.12074 5.12074 5.12074 7.54087 7.54087 7.54087 5.12074 0.041147  17.1765 17.1765 17.1765 19.6026 19.6026 19.6026 17.1765 0.1496 67.699 NA
1 1990 TIME 1 154.896 152.732 71.7202 107.629  71.7202  116.275 36.4574  193.24 88.0288  0.622199 0.622199 0.622199 1.11468 1.11468 1.11468 0.6222 0.0039826  0 0 0 0 0 0 0 0  3.48749 3.48749 3.48749 4.47151 4.47151 4.47151 3.48749 0.0257332  16.8878 16.8878 16.8878 18.601 18.601 18.601 16.8878 0.130189 71.7202 NA
1 1991 TIME 1 155.268 152.77 83.835 104.185  83.835  120.39 32.3804  160.095 66.2992  1.632 1.632 1.632 2.63102 2.63102 2.63102 1.632 0.010729  0 0 0 0 0 0 0 0  3.51289 3.51289 3.51289 3.92942 3.92942 3.92942 3.51289 0.0256494  16.296 16.296 16.296 15.918 15.918 15.918 16.296 0.122054 83.835 NA
1 1992 TIME 1 147.646 145.227 90.8979 101.05  90.8979  117.417 27.81  140.962 57.0764  0.4386 0.4386 0.4386 0.686498 0.686498 0.686498 0.4386 0.00316087  0 0 0 0 0 0 0 0  5.79893 5.79893 5.79893 6.01196 6.01196 6.01196 5.79894 0.0460788  21.8892 21.8892 21.8892 19.4053 19.4053 19.4053 21.8892 0.178598 90.8979 NA
1 1993 TIME 1 130.355 127.48 82.8587 208.749  82.8587  104.356 23.1238  122.652 50.176  0.3978 0.3978 0.3978 0.633542 0.633542 0.633542 0.3978 0.00319194  0 0 0 0 0 0 0 0  3.57639 3.57639 3.57639 3.64084 3.64084 3.64084 3.57639 0.0318071  14.3907 14.3907 14.3907 12.2554 12.2554 12.2554 14.3908 0.131962 82.8587 NA
1 1994 TIME 1 122.452 117.517 76.4706 220.977  76.4706  96.7024 20.8145  113.829 47.173  0.724199 0.724199 0.724199 1.53452 1.53452 1.53452 0.7242 0.00613853  5.62824 5.62824 5.62824 4.44857 4.44857 4.44857 5.62831 0.751542  1.91012 1.91012 1.91012 2.14675 2.14675 2.14675 1.91012 0.0186119  11.7637 11.7637 11.7637 10.1111 10.1111 10.1111 11.7638 0.119618 76.4706 NA
1 1995 TIME 1 117.887 113.121 67.2178 137.979  67.2178  90.7376 22.3833  138.057 65.5071  0.805802 0.805802 0.805802 2.03592 2.03592 2.03592 0.8058 0.00703971  9.84818 9.84818 9.84818 7.78349 7.78349 7.78349 9.84827 1.61705  2.9325 2.9325 2.9325 3.90106 3.90106 3.90106 2.93249 0.031058  12.4999 12.4999 12.4999 11.9824 11.9824 11.9824 12.4999 0.141942 67.2178 NA
1 1996 TIME 1 113.379 110.357 55.124 95.8736  55.124  85.2448 25.1123  155.956 77.3725  0.459001 0.459001 0.459001 1.08865 1.08865 1.08865 0.459 0.00408166  10.6795 10.6795 10.6795 8.44251 8.44251 8.44251 10.6797 1.98056  1.38 1.38 1.38 1.97526 1.97526 1.97526 1.38 0.015012  12.01 12.01 12.01 13.1538 13.1538 13.1538 12.01 0.140914 55.124 NA
1 1997 TIME 1 111.837 109.489 51.0132 118.436  51.0132  83.7281 25.7614  145.729 69.0478  0.6222 0.6222 0.6222 1.27333 1.27333 1.27333 0.6222 0.00554983  11.9463 11.9463 11.9463 9.44253 9.44253 9.44253 11.9465 1.84392  1.84 1.84 1.84 2.49388 2.49388 2.49388 1.84 0.0193936  5.34 5.34 5.34 5.95132 5.95132 5.95132 5.34 0.0594531 51.0132 NA
1 1998 TIME 1 113.14 109.693 55.9618 260.734  55.9618  85.0922 24.6008  128.431 57.3072  0.6834 0.6834 0.6834 1.36171 1.36171 1.36171 0.6834 0.00634934  16.9014 16.9014 16.9014 13.355 13.355 13.355 16.9016 2.19018  2.98 2.98 2.98 3.77796 3.77796 3.77796 2.98 0.0319896  7.28 7.28 7.28 7.6437 7.6437 7.6437 7.28 0.081488 55.9618 NA
1 1999 TIME 1 105.98 100.725 54.8829 85.8323  54.8829  78.5625 22.1624  117.037 53.2255  0.346801 0.346801 0.346801 0.953502 0.953502 0.953502 0.3468 0.00337398  14.1633 14.1633 14.1633 11.1918 11.1918 11.1918 14.1635 1.98569  3.24001 3.24001 3.24001 4.5457 4.5457 4.5457 3.24 0.0382171  11.4 11.4 11.4 11.7375 11.7375 11.7375 11.4 0.142847 54.8829 NA
1 2000 TIME 1 100.483 98.6354 47.6914 52.8936  47.6914  74.2275 24.4079  149.565 77.0862  0.887401 0.887401 0.887401 2.09923 2.09923 2.09923 0.8874 0.00911039  21.8242 21.8242 21.8242 14.6498 14.6498 14.6498 21.8242 0.687584  0.58 0.58 0.58 0.866473 0.866473 0.866473 0.58 0.00734694  6.10001 6.10001 6.10001 6.99677 6.99677 6.99677 6.1 0.0840389 47.6914 NA
1 2001 TIME 1 94.1513 92.825 39.5926 71.8334  39.5926  69.0906 23.7344  124.618 59.5603  0.611999 0.611999 0.611999 1.18161 1.18161 1.18161 0.612 0.00666986  13.7549 13.7549 13.7549 9.69428 9.69428 9.69428 13.7549 0.466912  3.01 3.01 3.01 4.15986 4.15986 4.15986 3.01 0.0385737  5.52999 5.52999 5.52999 6.50445 6.50445 6.50445 5.53 0.0746377 39.5926 NA
1 2002 TIME 1 89.6979 86.9278 42.7053 300.229  42.7053  66.4444 20.4834  97.8584 42.7238  0.377399 0.377399 0.377399 0.674033 0.674033 0.674033 0.3774 0.00440827  6.47184 6.47184 6.47184 4.58848 4.58848 4.58848 6.47186 0.191223  3.24999 3.24999 3.24999 3.97154 3.97154 3.97154 3.25 0.0429031  8.50999 8.50999 8.50999 8.99602 8.99602 8.99602 8.51 0.115814 42.7053 NA
1 2003 TIME 1 86.5178 80.449 46.2902 102.453  46.2902  63.1399 17.3091  84.9452 36.6241  0.387599 0.387599 0.387599 1.18246 1.18246 1.18246 0.3876 0.00436762  5.50652 5.50652 5.50652 3.70818 3.70818 3.70818 5.50654 0.153424  1.95 1.95 1.95 2.74734 2.74734 2.74734 1.95 0.0267656  7.72999 7.72999 7.72999 7.64239 7.64239 7.64239 7.73 0.112418 46.2902 NA
1 2004 TIME 1 92.5821 90.3185 44.8973 75.2651  44.8973  67.702 22.6165  145.021 76.9823  0.23667 0.23667 0.23667 0.591042 0.591042 0.591042 0.23667 0.00243643  5.67022 5.67022 5.67022 3.69055 3.69055 3.69055 5.67024 0.168415  3.1 3.1 3.1 4.66589 4.66589 4.66589 3.1 0.0398288  3.82999 3.82999 3.82999 2.65418 2.65418 2.65418 3.83 0.0787847 44.8973 NA
1 2005 TIME 1 101.784 99.5296 44.0514 178.968  44.0514  74.7262 24.8034  134.747 64.9657  0.471239 0.471239 0.471239 0.940702 0.940702 0.940702 0.47124 0.00458275  2.19774 2.19774 2.19774 1.48808 1.48808 1.48808 2.19775 0.0656298  9.75999 9.75999 9.75999 13.3765 13.3765 13.3765 9.76 0.112216  2.83999 2.83999 2.83999 2.09978 2.09978 2.09978 2.84 0.0546969 44.0514 NA
1 2006 TIME 1 105.372 101.292 51.0351 157.74  51.0351  78.2008 23.0913  115.107 50.6566  0.3193 0.3193 0.3193 0.703364 0.703364 0.703364 0.3193 0.00290989  2.9854 2.9854 2.9854 2.07301 2.07301 2.07301 2.98541 0.0726982  2.59 2.59 2.59 3.34524 3.34524 3.34524 2.59 0.0274352  2.29 2.29 2.29 1.67874 1.67874 1.67874 2.29 0.0374613 51.0351 NA
1 2007 TIME 1 115.791 112.274 61.944 122.614  61.944  87.3135 24.9604  136.841 64.1246  0.0714905 0.0714905 0.0714905 0.154479 0.154479 0.154479 0.0714905 0.000597228  3.21588 3.21588 3.21588 2.1506 2.1506 2.1506 3.21589 0.0660169  2.47 2.47 2.47 3.14369 3.14369 3.14369 2.47 0.0241397  4.90999 4.90999 4.90999 3.41004 3.41004 3.41004 4.91 0.0706085 61.944 NA
1 2008 TIME 1 124.387 121.488 66.5685 129.789  66.5685  94.7283 26.76  146.436 68.3319  0.162169 0.162169 0.162169 0.316538 0.316538 0.316538 0.162169 0.00126262  3.6269 3.6269 3.6269 2.36404 2.36404 2.36404 3.62691 0.070278  3.13 3.13 3.13 3.85204 3.85204 3.85204 3.13 0.028225  1.53 1.53 1.53 1.03509 1.03509 1.03509 1.53 0.0202888 66.5685 NA
1 2009 TIME 1 133.012 130.008 73.0271 123.941  73.0271  102.604 27.4041  144.357 64.3493  0.0407393 0.0407393 0.0407393 0.0752258 0.0752258 0.0752258 0.0407393 0.000301811  3.60341 3.60341 3.60341 2.3522 2.3522 2.3522 3.60342 0.0659281  2.57 2.57 2.57 3.01644 3.01644 3.01644 2.57 0.0217179  5.11999 5.11999 5.11999 3.42624 3.42624 3.42624 5.12 0.0626021 73.0271 NA
1 2010 TIME 1 137.26 134.515 78.7842 92.5177  78.7842  107.147 27.368  143.848 63.1723  0.141456 0.141456 0.141456 0.249199 0.249199 0.249199 0.141456 0.00101466  4.6665 4.6665 4.6665 3.0316 3.0316 3.0316 4.66651 0.0795634  0.629999 0.629999 0.629999 0.709093 0.709093 0.709093 0.63 0.0051049  3.84999 3.84999 3.84999 2.52491 2.52491 2.52491 3.85 0.0439073 78.7842 NA
1 2011 TIME 1 141.317 139.052 84.4068 114.179  84.4068  111.781 27.2709  143.159 61.8708  0.131333 0.131333 0.131333 0.210148 0.210148 0.210148 0.131334 0.000936996  5.2655 5.2655 5.2655 3.37423 3.37423 3.37423 5.26551 0.0864219  2.42 2.42 2.42 2.58875 2.58875 2.58875 2.42 0.0192699  5.19999 5.19999 5.19999 3.32548 3.32548 3.32548 5.2 0.0569305 84.4068 NA
1 2012 TIME 1 139.357 136.62 85.7433 128.691  85.7433  111.027 25.5937  131.286 54.5071  0.232495 0.232495 0.232495 0.373884 0.373884 0.373884 0.232496 0.00169992  6.10643 6.10643 6.10643 3.87069 3.87069 3.87069 6.10644 0.101175  4.19 4.19 4.19 4.34634 4.34634 4.34634 4.19 0.0340192  3.52 3.52 3.52 2.19958 2.19958 2.19958 3.52 0.038513 85.7433 NA
1 2013 TIME 1 135.138 132.216 84.7676 111.162  84.7676  107.998 24.2174  127.782 53.7975  0.120724 0.120724 0.120724 0.204678 0.204678 0.204678 0.120724 0.00090916  6.19349 6.19349 6.19349 3.88581 3.88581 3.88581 6.1935 0.106417  2.45 2.45 2.45 2.55797 2.55797 2.55797 2.45 0.0206271  5.30999 5.30999 5.30999 3.24677 3.24677 3.24677 5.31 0.059661 84.7676 NA
1 2014 TIME 1 131.517 128.754 81.5375 145.965  81.5375  104.854 23.9001  129.868 56.4151  0.296438 0.296438 0.296438 0.500278 0.500278 0.500278 0.296438 0.00228019  5.02644 5.02644 5.02644 3.13029 3.13029 3.13029 5.02645 0.0907605  2.55 2.55 2.55 2.69806 2.69806 2.69806 2.55 0.022037  4.07999 4.07999 4.07999 2.47098 2.47098 2.47098 4.08 0.047444 81.5375 NA
1 2015 TIME 1 130.687 126.876 79.2906 229.767  79.2906  103.256 23.6202  127.121 54.7642  0.252595 0.252595 0.252595 0.454037 0.454037 0.454037 0.252596 0.00190718  3.11832 3.11832 3.11832 1.94532 1.94532 1.94532 3.11833 0.0568824  1.32 1.32 1.32 1.42529 1.42529 1.42529 1.32 0.0112618  0.749999 0.749999 0.749999 0.454807 0.454807 0.454807 0.75 0.00868426 79.2906 NA
1 2016 TIME 1 138.033 132.967 82.5329 166.391  82.5329  107.962 25.0054  138.487 61.1291  0.0403375 0.0403375 0.0403375 0.0856293 0.0856293 0.0856293 0.0403375 0.000285127  2.68312 2.68312 2.68312 1.67893 1.67893 1.67893 2.68313 0.0477346  3.73 3.73 3.73 4.32209 4.32209 4.32209 3.73 0.0305021  1.99 1.99 1.99 1.21028 1.21028 1.21028 1.99 0.0223928 82.5329 NA
1 2017 TIME 1 147.311 143.456 84.0186 159.728  84.0186  114.444 29.0114  170.275 80.4571  0.2142 0.2142 0.2142 0.429506 0.429506 0.429506 0.2142 0.00138982  2.63911 2.63911 2.63911 1.65861 1.65861 1.65861 2.63912 0.0450373  0.18 0.18 0.18 0.215508 0.215508 0.215508 0.18 0.00135983  0.619999 0.619999 0.619999 0.383619 0.383619 0.383619 0.62 0.00665993 84.0186 NA
1 2018 TIME 1 162.412 158.67 90.4431 161.813  90.4431  126.372 32.2985  178.87 81.2625  0.919999 0.919999 0.919999 1.70662 1.70662 1.70662 0.92 0.00546864  1.6635 1.6635 1.6635 1.06189 1.06189 1.06189 1.6635 0.0260069  2 2 2 2.33246 2.33246 2.33246 2 0.0136333  0.619999 0.619999 0.619999 0.394081 0.394081 0.394081 0.62 0.00608195 90.4431 NA
1 2019 FORE 1 0 0 100.592 165.368  100.592  0 0  181.88 79.7529  0.369999 0.369999 0.369999 0.654365 0.654365 0.654365  _ 0.00209439  4.98 4.98 4.98 3.2158 3.2158 3.2158  _ 0.0703592  3.3 3.3 3.3 3.70304 3.70304 3.70304  _ 0.0211408  4.2 4.2 4.2 2.69184 2.69184 2.69184  _ 0.0379801 100.592 1
1 2020 FORE 1 0 0 106.425 167.163  106.425  0 0  181.367 78.5849  0.369999 0.369999 0.369999 0.642159 0.642159 0.642159  _ 0.00205035  4.98 4.98 4.98 3.19415 3.19415 3.19415  _ 0.0657648  3.3 3.3 3.3 3.61124 3.61124 3.61124  _ 0.0205902  4.2 4.2 4.2 2.66311 2.66311 2.66311  _ 0.0362147 106.425 1
1 2021 FORE 1 0 0 110.507 168.326  110.507  0 0  182.104 78.5955  3.67397 3.67397 3.67397 6.34849 6.34849 6.34849  _ 0.0205186  7.42877 7.42877 7.42877 4.71112 4.71112 4.71112  _ 0.0975792  8.14057 8.14057 8.14057 8.80375 8.80375 8.80375  _ 0.051153  2.65739 2.65739 2.65739 1.65917 1.65917 1.65917  _ 0.0228198 110.507 0.935
1 2022 FORE 1 0 0 106.965 167.321  106.965  0 0  176.197 76.3192  3.53487 3.53487 3.53487 6.19333 6.19333 6.19333  _ 0.0204089  7.07276 7.07276 7.07276 4.45898 4.45898 4.45898  _ 0.0970573  7.81328 7.81328 7.81328 8.47631 8.47631 8.47631  _ 0.0508795  2.55227 2.55227 2.55227 1.57942 1.57942 1.57942  _ 0.0226978 106.965 0.93
1 2023 FORE 1 0 0 103.094 166.158  103.094  0 0  172.548 75.2672  3.41889 3.41889 3.41889 6.07872 6.07872 6.07872  _ 0.0203211  6.73545 6.73545 6.73545 4.24289 4.24289 4.24289  _ 0.0966399  7.53427 7.53427 7.53427 8.24791 8.24791 8.24791  _ 0.0506607  2.45067 2.45067 2.45067 1.51352 1.51352 1.51352  _ 0.0226002 103.094 0.926
1 2024 FORE 1 0 0 99.5571 165.032  99.5571  0 0  169.873 74.5195  3.32379 3.32379 3.32379 5.9838 5.9838 5.9838  _ 0.0202333  6.46478 6.46478 6.46478 4.08089 4.08089 4.08089  _ 0.0962224  7.3063 7.3063 7.3063 8.0799 8.0799 8.0799  _ 0.0504418  2.36239 2.36239 2.36239 1.46337 1.46337 1.46337  _ 0.0225025 99.5571 0.922
1 2025 FORE 1 0 0 96.6733 164.066  96.6733  0 0  167.798 73.9069  3.24353 3.24353 3.24353 5.89539 5.89539 5.89539  _ 0.0201236  6.26111 6.26111 6.26111 3.96501 3.96501 3.96501  _ 0.0957006  7.11709 7.11709 7.11709 7.93935 7.93935 7.93935  _ 0.0501683  2.28897 2.28897 2.28897 1.42531 1.42531 1.42531  _ 0.0223805 96.6733 0.917
1 2026 FORE 1 0 0 94.4695 163.296  94.4695  0 0  166.127 73.3746  3.18128 3.18128 3.18128 5.82327 5.82327 5.82327  _ 0.0200358  6.12151 6.12151 6.12151 3.8878 3.8878 3.8878  _ 0.0952832  6.97187 6.97187 6.97187 7.82922 7.82922 7.82922  _ 0.0499494  2.23346 2.23346 2.23346 1.39803 1.39803 1.39803  _ 0.0222829 94.4695 0.913
1 2027 FORE 1 0 0 92.7933 162.691  92.7933  0 0  164.747 72.9087  3.1298 3.1298 3.1298 5.75953 5.75953 5.75953  _ 0.0199481  6.01696 6.01696 6.01696 3.82943 3.82943 3.82943  _ 0.0948657  6.85295 6.85295 6.85295 7.73367 7.73367 7.73367  _ 0.0497306  2.18934 2.18934 2.18934 1.37631 1.37631 1.37631  _ 0.0221853 92.7933 0.909
1 2028 FORE 1 0 0 91.506 162.215  91.506  0 0  163.615 72.5152  3.08331 3.08331 3.08331 5.69709 5.69709 5.69709  _ 0.0198383  5.92671 5.92671 5.92671 3.77735 3.77735 3.77735  _ 0.0943439  6.74662 6.74662 6.74662 7.64163 7.64163 7.64163  _ 0.0494571  2.15122 2.15122 2.15122 1.35674 1.35674 1.35674  _ 0.0220632 91.506 0.904
1 2029 FORE 1 0 0 90.5194 161.842  90.5194  0 0  162.713 72.1974  3.04688 3.04688 3.04688 5.64747 5.64747 5.64747  _ 0.0197506  5.85642 5.85642 5.85642 3.73617 3.73617 3.73617  _ 0.0939265  6.66343 6.66343 6.66343 7.5683 7.5683 7.5683  _ 0.0492382  2.12169 2.12169 2.12169 1.34131 1.34131 1.34131  _ 0.0219656 90.5194 0.9
1 2030 FORE 1 0 0 89.7526 161.548  89.7526  0 0  161.996 71.9426  3.01564 3.01564 3.01564 5.60322 5.60322 5.60322  _ 0.0196628  5.79568 5.79568 5.79568 3.69998 3.69998 3.69998  _ 0.093509  6.5924 6.5924 6.5924 7.5035 7.5035 7.5035  _ 0.0490194  2.09681 2.09681 2.09681 1.32792 1.32792 1.32792  _ 0.021868 89.7526 0.896
