Area Yr Era Seas Bio_all Bio_smry SpawnBio Recruit_0  Spbio_GP:1 SmryBio_SX:1_GP:1 SmryBio_SX:2_GP:1 SmryNum_SX:1_GP:1 SmryNum_SX:2_GP:1 sel(B):_1 dead(B):_1 retain(B):_1 sel(N):_1 dead(N):_1 retain(N):_1 obs_cat:_1 F:_1 sel(B):_2 dead(B):_2 retain(B):_2 sel(N):_2 dead(N):_2 retain(N):_2 obs_cat:_2 F:_2 sel(B):_3 dead(B):_3 retain(B):_3 sel(N):_3 dead(N):_3 retain(N):_3 obs_cat:_3 F:_3 SPB_vir_LH
1 1913 VIRG 1 39938.3 39932.3 3.54431e+009 3006.4  3.54431e+009  26017 13915.3  27092.2 20941.5 0 0 0 0 0 0 0 0  0 0 0 0 0 0 0 0  0 0 0 0 0 0 0 0  3.54431e+009
1 1914 INIT 1 39938.3 39932.3 3.54431e+009 3006.4  3.54431e+009  26017 13915.3  27092.2 20941.5  0 0 0 0 0 0 0 0  0 0 0 0 0 0 0 0  0 0 0 0 0 0 0 0 3.54431e+009
1 1915 TIME 1 39766.5 39760.5 3.52762e+009 2991.45  3.52762e+009  25898.1 13862.4  26974.1 20859.8  0.0102547 0.0102547 0.01 0.011142 0.011142 0.00983137 0.01 4.48154e-007  0 0 0 0 0 0 0 0  0 0 0 0 0 0 0 0 3.52762e+009
1 1916 TIME 1 39767.3 39761.4 3.52784e+009 2991.22  3.52784e+009  25899.1 13862.2  26973.2 20858.3  13.3413 13.3413 13.01 14.4951 14.4951 12.7902 13.01 0.000583146  0 0 0 0 0 0 0 0  0 0 0 0 0 0 0 0 3.52784e+009
1 1917 TIME 1 39754.5 39748.5 3.52691e+009 2990.91  3.52691e+009  25891.8 13856.7  26964.7 20850.3  21.1554 21.1554 20.63 22.9846 22.9846 20.2808 20.63 0.000925117  0 0 0 0 0 0 0 0  0 0 0 0 0 0 0 0 3.52691e+009
1 1918 TIME 1 39733.7 39727.7 3.5253e+009 2990.56  3.5253e+009  25879.5 13848.2  26952.1 20838.9  22.1297 22.1297 21.58 24.0432 24.0432 21.2142 21.58 0.000968268  0 0 0 0 0 0 0 0  0 0 0 0 0 0 0 0 3.5253e+009
1 1919 TIME 1 39712 39706 3.52356e+009 2990.22  3.52356e+009  25866.6 13839.4  26939.4 20827.6  14.172 14.172 13.82 15.3978 15.3978 13.5856 13.82 0.000620374  0 0 0 0 0 0 0 0  0 0 0 0 0 0 0 0 3.52356e+009
1 1920 TIME 1 39698.4 39692.5 3.52247e+009 2989.95  3.52247e+009  25858.5 13833.9  26931.8 20820.8  14.8694 14.8694 14.5 16.1558 16.1558 14.2541 14.5 0.00065113  0 0 0 0 0 0 0 0  0 0 0 0 0 0 0 0 3.52247e+009
1 1921 TIME 1 39684.3 39678.4 3.52132e+009 2989.69  3.52132e+009  25850.1 13828.3  26924 20813.9  12.6852 12.6852 12.37 13.7829 13.7829 12.1602 12.37 0.000555666  0 0 0 0 0 0 0 0  0 0 0 0 0 0 0 0 3.52132e+009
1 1922 TIME 1 39672.7 39666.7 3.52034e+009 2989.48  3.52034e+009  25843 13823.7  26917.7 20808.5  11.629 11.629 11.34 12.6356 12.6356 11.1477 11.34 0.000509544  0 0 0 0 0 0 0 0  0 0 0 0 0 0 0 0 3.52034e+009
1 1923 TIME 1 39662.3 39656.3 3.51944e+009 2989.31  3.51944e+009  25836.7 13819.6  26912.3 20803.9  14.0389 14.0389 13.69 15.2545 15.2545 13.4579 13.69 0.000615322  0 0 0 0 0 0 0 0  0 0 0 0 0 0 0 0 3.51944e+009
1 1924 TIME 1 39649.8 39643.8 3.51835e+009 2989.15  3.51835e+009  25829 13814.8  26905.7 20798.3  14.3158 14.3158 13.96 15.556 15.556 13.7235 13.96 0.000627662  0 0 0 0 0 0 0 0  0 0 0 0 0 0 0 0 3.51835e+009
1 1925 TIME 1 39637.4 39631.4 3.51724e+009 2989.01  3.51724e+009  25821.3 13810.1  26899.2 20792.8  16.3361 16.3361 15.93 17.7519 17.7519 15.6604 15.93 0.000716482  0 0 0 0 0 0 0 0  0 0 0 0 0 0 0 0 3.51724e+009
1 1926 TIME 1 39623.3 39617.3 3.51598e+009 2988.87  3.51598e+009  25812.6 13804.7  26891.9 20786.7  22.0893 22.0893 21.54 24.0048 24.0048 21.1758 21.54 0.000969223  0 0 0 0 0 0 0 0  0 0 0 0 0 0 0 0 3.51598e+009
1 1927 TIME 1 39603.8 39597.9 3.51425e+009 2988.71  3.51425e+009  25800.5 13797.3  26881.6 20778.2  19.0847 19.0847 18.61 20.7408 20.7408 18.2958 18.61 0.000837766  0 0 0 0 0 0 0 0  0 0 0 0 0 0 0 0 3.51425e+009
1 1928 TIME 1 39587.9 39582 3.51279e+009 2988.59  3.51279e+009  25790.6 13791.4  26873.4 20771.6  18.8797 18.8797 18.41 20.5192 20.5192 18.0997 18.41 0.00082909  0 0 0 0 0 0 0 0  0 0 0 0 0 0 0 0 3.51279e+009
1 1929 TIME 1 39572.8 39566.8 3.51138e+009 2988.5  3.51138e+009  25781 13785.8  26865.8 20765.4  19.9669 19.9669 19.47 21.702 21.702 19.1424 19.47 0.000877171  0 0 0 0 0 0 0 0  0 0 0 0 0 0 0 0 3.51138e+009
1 1930 TIME 1 39557.1 39551.1 3.50991e+009 2988.42  3.50991e+009  25771 13780.1  26857.9 20759.1  21.8027 21.8027 21.26 23.6989 23.6989 20.903 21.26 0.000958212  0 0 0 0 0 0 0 0  0 0 0 0 0 0 0 0 3.50991e+009
1 1931 TIME 1 39540.1 39534.1 3.50832e+009 2988.37  3.50832e+009  25760.2 13773.9  26849.3 20752.4  26.7665 26.7665 26.1 29.0963 29.0963 25.6626 26.1 0.00117693  0 0 0 0 0 0 0 0  0 0 0 0 0 0 0 0 3.50832e+009
1 1932 TIME 1 39518.7 39512.8 3.50636e+009 2988.32  3.50636e+009  25746.7 13766  26838.4 20743.6  16.9317 16.9317 16.51 18.4068 18.4068 16.234 16.51 0.000744793  0 0 0 0 0 0 0 0  0 0 0 0 0 0 0 0 3.50636e+009
1 1933 TIME 1 39508 39502 3.50525e+009 2988.38  3.50525e+009  25739.6 13762.4  26833.6 20740.1  16.5626 16.5626 16.15 18.0067 18.0067 15.8807 16.15 0.000728734  0 0 0 0 0 0 0 0  0 0 0 0 0 0 0 0 3.50525e+009
1 1934 TIME 1 39498.2 39492.2 3.50422e+009 2988.51  3.50422e+009  25733.1 13759.1  26829.2 20737.2  15.7833 15.7833 15.39 17.1606 17.1606 15.1341 15.39 0.000694592  0 0 0 0 0 0 0 0  0 0 0 0 0 0 0 0 3.50422e+009
1 1935 TIME 1 39489.8 39483.8 3.50331e+009 2988.83  3.50331e+009  25727.4 13756.4  26825.6 20734.8  17.9781 17.9781 17.53 19.5481 19.5481 17.2392 17.53 0.000791353  0 0 0 0 0 0 0 0  0 0 0 0 0 0 0 0 3.50331e+009
1 1936 TIME 1 39479.7 39473.7 3.50226e+009 2989.53  3.50226e+009  25720.7 13753  26821.1 20731.7  12.1632 12.1632 11.86 13.2263 13.2263 11.6638 11.86 0.000535481  0 0 0 0 0 0 0 0  0 0 0 0 0 0 0 0 3.50226e+009
1 1937 TIME 1 39476 39470 3.50175e+009 2990.57  3.50175e+009  25717.8 13752.2  26820.5 20731.9  13.8452 13.8452 13.5 15.0562 15.0562 13.2772 13.5 0.000609585  0 0 0 0 0 0 0 0  0 0 0 0 0 0 0 0 3.50175e+009
1 1938 TIME 1 39471.1 39465.1 3.50114e+009 2992.5  3.50114e+009  25714.3 13750.8  26819.4 20731.8  17.1271 17.1271 16.7 18.6265 18.6265 16.4249 16.7 0.000754194  0 0 0 0 0 0 0 0  0 0 0 0 0 0 0 0 3.50114e+009
1 1939 TIME 1 39463.5 39457.5 3.50031e+009 2996.75  3.50031e+009  25709.1 13748.4  26817.4 20731.1  24.2756 24.2756 23.67 26.4036 26.4036 23.2808 23.67 0.00106927  0 0 0 0 0 0 0 0  0 0 0 0 0 0 0 0 3.50031e+009
1 1940 TIME 1 39449.4 39443.4 3.49891e+009 3001.9  3.49891e+009  25699.9 13743.5  26813.5 20728.8  33.4959 33.4959 32.66 36.4377 36.4377 32.124 32.66 0.00147611  0 0 0 0 0 0 0 0  0 0 0 0 0 0 0 0 3.49891e+009
1 1941 TIME 1 39427.1 39421 3.49678e+009 3010.38  3.49678e+009  25685.6 13735.5  26807 20724.6  42.8194 42.8194 41.75 46.5902 46.5902 41.0661 41.75 0.0018883  0 0 0 0 0 0 0 0  0 0 0 0 0 0 0 0 3.49678e+009
1 1942 TIME 1 39397 39390.9 3.49391e+009 3020.08  3.49391e+009  25666.4 13724.5  26799.6 20720.1  49.1077 49.1077 47.88 53.4484 53.4484 47.0979 47.88 0.00216749  0 0 0 0 0 0 0 0  0 0 0 0 0 0 0 0 3.49391e+009
1 1943 TIME 1 39362.8 39356.7 3.49056e+009 3031.99  3.49056e+009  25644.6 13712.2  26793.6 20717.4  187.763 187.763 183.06 204.451 204.451 180.072 183.06 0.00831029  0 0 0 0 0 0 0 0  0 0 0 0 0 0 0 0 3.49056e+009
1 1944 TIME 1 39192.6 39186.5 3.47566e+009 3047.38  3.47566e+009  25539.5 13647  26714.7 20652.8  406.781 406.781 396.55 443.282 443.282 390.057 396.55 0.0181394  0 0 0 0 0 0 0 0  0 0 0 0 0 0 0 0 3.47566e+009
1 1945 TIME 1 38808.9 38802.8 3.44241e+009 3066.82  3.44241e+009  25303.2 13499.6  26522.6 20492.8  692.852 692.852 675.3 756.067 756.067 664.216 675.3 0.0313386  0 0 0 0 0 0 0 0  0 0 0 0 0 0 0 0 3.44241e+009
1 1946 TIME 1 38149.3 38143.2 3.38515e+009 3091.55  3.38515e+009  24896.4 13246.8  26186.1 20212.9  409.736 409.736 399.26 448.021 448.021 392.855 399.26 0.0187928  0 0 0 0 0 0 0 0  0 0 0 0 0 0 0 0 3.38515e+009
1 1947 TIME 1 37792 37785.8 3.35169e+009 3127.92  3.35169e+009  24671 13114.8  26039.8 20101.2  339.283 339.283 330.53 371.835 371.835 325.494 330.53 0.0156931  0 0 0 0 0 0 0 0  0 0 0 0 0 0 0 0 3.35169e+009
1 1948 TIME 1 37523.4 37517 3.32476e+009 3175.77  3.32476e+009  24497.9 13019.2  25958.2 20048.1  194.021 194.021 188.97 213.178 213.178 186.294 188.97 0.00901763  0 0 0 0 0 0 0 0  0 0 0 0 0 0 0 0 3.32476e+009
1 1949 TIME 1 37420.4 37413.9 3.31091e+009 3235.98  3.31091e+009  24424.5 12989.5  25986.5 20091.8  161.38 161.38 157.14 177.797 177.797 155.105 157.14 0.00751392  0 0 0 0 0 0 0 0  0 0 0 0 0 0 0 0 3.31091e+009
1 1950 TIME 1 37371.1 37364.5 3.30093e+009 3306.02  3.30093e+009  24382.8 12981.6  26060.4 20176.4  180.326 180.326 175.54 199.261 199.261 173.489 175.54 0.00840528  0 0 0 0 0 0 0 0  0 0 0 0 0 0 0 0 3.30093e+009
1 1951 TIME 1 37325.9 37319.2 3.29064e+009 3377.44  3.29064e+009  24342.8 12976.3  26152.3 20278.4  210.134 210.134 204.49 232.954 232.954 202.379 204.49 0.00980666  0 0 0 0 0 0 0 0  0 0 0 0 0 0 0 0 3.29064e+009
1 1952 TIME 1 37277.2 37270.3 3.27925e+009 3438.01  3.27925e+009  24299.6 12970.7  26255.7 20391.8  220.605 220.605 214.6 245.406 245.406 212.715 214.6 0.0103065  0 0 0 0 0 0 0 0  0 0 0 0 0 0 0 0 3.27925e+009
1 1953 TIME 1 37247.2 37240.3 3.26852e+009 3470.01  3.26852e+009  24266.7 12973.6  26375.8 20520.3  189.348 189.348 184.12 211.345 211.345 182.833 184.12 0.00884561  0 0 0 0 0 0 0 0  0 0 0 0 0 0 0 0 3.26852e+009
1 1954 TIME 1 37279.9 37273 3.26217e+009 3456.08  3.26217e+009  24271.2 13001.8  26522.6 20670.4  222.481 222.481 216.25 249.042 249.042 215.179 216.25 0.0103829  0 0 0 0 0 0 0 0  0 0 0 0 0 0 0 0 3.26217e+009
1 1955 TIME 1 37309.9 37303.1 3.25515e+009 3402.8  3.25515e+009  24273.5 13029.6  26635.4 20787  263.054 263.054 255.59 295.1 295.1 254.896 255.59 0.0122642  0 0 0 0 0 0 0 0  0 0 0 0 0 0 0 0 3.25515e+009
1 1956 TIME 1 37326.4 37319.7 3.24707e+009 3326.24  3.24707e+009  24267.7 13052.1  26693 20850.3  348.54 348.54 338.55 391.557 391.557 338.437 338.55 0.0162459  0 0 0 0 0 0 0 0  0 0 0 0 0 0 0 0 3.24707e+009
1 1957 TIME 1 37277.9 37271.4 3.23445e+009 3247.3  3.23445e+009  24223 13048.3  26660.8 20830.5  407.745 407.745 395.99 458.43 458.43 396.815 395.99 0.0190215  0 0 0 0 0 0 0 0  0 0 0 0 0 0 0 0 3.23445e+009
1 1958 TIME 1 37182.6 37176.2 3.21954e+009 3180.93  3.21954e+009  24151.4 13024.9  26558 20745.4  344.44 344.44 334.51 387.345 387.345 335.981 334.51 0.016068  0 0 0 0 0 0 0 0  0 0 0 0 0 0 0 0 3.21954e+009
1 1959 TIME 1 37154.7 37148.4 3.21237e+009 3131.1  3.21237e+009  24122.8 13025.6  26466.3 20666.8  290.308 290.308 281.99 326.348 326.348 283.766 281.99 0.0135142  0 0 0 0 0 0 0 0  0 0 0 0 0 0 0 0 3.21237e+009
1 1960 TIME 1 37175.8 37169.6 3.21195e+009 3095.17  3.21195e+009  24127 13042.6  26387.8 20597.4  352.514 352.514 342.52 395.908 395.908 345.049 342.52 0.0163811  0 0 0 0 0 0 0 0  0 0 0 0 0 0 0 0 3.21195e+009
1 1961 TIME 1 37121.6 37115.4 3.20811e+009 3072.94  3.20811e+009  24088.4 13027.1  26260.1 20484.7  328.764 328.764 319.56 368.737 368.737 321.965 319.56 0.015272  0 0 0 0 0 0 0 0  0 0 0 0 0 0 0 0 3.20811e+009
1 1962 TIME 1 37074.7 37068.6 3.20696e+009 3070.68  3.20696e+009  24056.8 13011.8  26142.9 20381.3  356.177 356.177 346.33 398.85 398.85 348.684 346.33 0.0165604  0 0 0 0 0 0 0 0  0 0 0 0 0 0 0 0 3.20696e+009
1 1963 TIME 1 36981.9 36975.7 3.2034e+009 3087.8  3.2034e+009  23999.3 12976.4  26015.1 20270.1  376.158 376.158 365.87 420.6 420.6 367.856 365.87 0.0175401  0 0 0 0 0 0 0 0  0 0 0 0 0 0 0 0 3.2034e+009
1 1964 TIME 1 36851.9 36845.7 3.19726e+009 3113.27  3.19726e+009  23920.5 12925.1  25891 20164.5  271.394 271.394 264.03 303.09 303.09 265.032 264.03 0.0126904  0 0 0 0 0 0 0 0  0 0 0 0 0 0 0 0 3.19726e+009
1 1965 TIME 1 36813.6 36807.3 3.1983e+009 3143.47  3.1983e+009  23897.9 12909.5  25846.8 20130.5  494.492 494.492 481.13 551.811 551.811 482.098 481.13 0.0232456  0 0 0 0 0 0 0 0  0 0 0 0 0 0 0 0 3.1983e+009
1 1966 TIME 1 36541 36534.8 3.17942e+009 3107.54  3.17942e+009  23732.9 12801.9  25689.6 20001.2  420.524 420.524 408.97 469.943 469.943 408.345 408.97 0.0211215  3807 3807 3807 4254.39 4254.39 4254.39 3807 0.191213  0 0 0 0 0 0 0 0 3.17942e+009
1 1967 TIME 1 32515.3 32509.4 2.84872e+009 2936.87  2.84872e+009  21272.5 11236.9  23340.2 18003.9  379.08 379.08 368.18 426.093 426.093 366.819 368.18 0.0212873  2706 2706 2706 3041.6 3041.6 3041.6 2706 0.151956  0 0 0 0 0 0 0 0 2.84872e+009
1 1968 TIME 1 29679.9 29674.4 2.60544e+009 2744.38  2.60544e+009  19508.3 10166.1  21677.8 16633.7  130.969 130.969 127.03 148.174 148.174 126.745 127.03 0.00802587  2288 2288 2288 2588.57 2588.57 2588.57 2288 0.14021  0 0 0 0 0 0 0 0 2.60544e+009
1 1969 TIME 1 27554.5 27549.2 2.41578e+009 2661.01  2.41578e+009  18162.9 9386.25  20389.2 15596  128.814 128.814 124.83 146.582 146.582 125.192 124.83 0.00818224  153 153 153 174.104 174.104 174.104 153 0.00971851  0 0 0 0 0 0 0 0 2.41578e+009
1 1970 TIME 1 27610.4 27604.8 2.4064e+009 2817.51  2.4064e+009  18161.9 9442.91  20407.9 15652  201.948 201.948 195.68 230.935 230.935 197.411 195.68 0.0127538  149 149 149 170.387 170.387 170.387 149 0.00940992  0 0 0 0 0 0 0 0 2.4064e+009
1 1971 TIME 1 27612.7 27606.5 2.39552e+009 3113.95  2.39552e+009  18130.1 9476.36  20457.2 15741.6  252.453 252.453 244.63 290.729 290.729 247.878 244.63 0.015916  278 278 278 320.15 320.15 320.15 278 0.0175266  0 0 0 0 0 0 0 0 2.39552e+009
1 1972 TIME 1 27449.6 27444.3 2.37351e+009 2647.02  2.37351e+009  17999.3 9444.99  20533.8 15870.7  240.641 240.641 233.17 277.428 277.428 236.897 233.17 0.01523  374 374 374 431.175 431.175 431.175 374 0.0236703  0 0 0 0 0 0 0 0 2.37351e+009
1 1973 TIME 1 27219.3 27215 2.34711e+009 2141.93  2.34711e+009  17828.4 9386.6  20334 15729.9  143.339 143.339 138.85 164.478 164.478 141.235 138.85 0.00918692  768 768 768 881.26 881.26 881.26 768 0.0492229  0 0 0 0 0 0 0 0 2.34711e+009
1 1974 TIME 1 26697.7 26693.8 2.29766e+009 1962.48  2.29766e+009  17479.8 9214.04  19727.6 15213.7  248.649 248.649 240.83 283.516 283.516 245.191 240.83 0.0161579  346 346 346 394.517 394.517 394.517 346 0.022484  0 0 0 0 0 0 0 0 2.29766e+009
1 1975 TIME 1 26479.1 26475.9 2.27466e+009 1600.6  2.27466e+009  17321.7 9154.27  19262.4 14810.7  280.455 280.455 271.8 316.763 316.763 277.131 271.8 0.0183661  293 293 293 330.933 330.933 330.933 293 0.0191876  0 0 0 0 0 0 0 0 2.27466e+009
1 1976 TIME 1 26240.7 26236.3 2.25458e+009 2231.76  2.25458e+009  17157.7 9078.58  18666.3 14279.1  511.249 511.249 496.1 577.283 577.283 506.728 496.1 0.0337421  118 118 118 133.241 133.241 133.241 118 0.00778793  10.759 10.759 10.759 12.1153 12.1153 12.1153 10.759 0.000739584 2.25458e+009
1 1977 TIME 1 25878 25875 2.23074e+009 1497.81  2.23074e+009  16926.3 8948.78  18361.1 14044.4  292.403 292.403 284.19 327.652 327.652 290.492 284.19 0.0193265  0 0 0 0 0 0 0 0  2.396 2.396 2.396 2.68323 2.68323 2.68323 2.396 0.000165237 2.23074e+009
1 1978 TIME 1 25808.5 25801.1 2.23595e+009 3690.59  2.23595e+009  16877 8924.05  17931.3 13656.4  393.016 393.016 382.52 447.255 447.255 389.845 382.52 0.0259649  0 0 0 0 0 0 0 0  1.075 1.075 1.075 1.19016 1.19016 1.19016 1.075 7.45781e-005 2.23595e+009
1 1979 TIME 1 25602.5 25596.4 2.23197e+009 3031.3  2.23197e+009  16749.2 8847.17  18501.2 14264.4  700.336 700.336 681.96 801.153 801.153 690.095 681.96 0.046954  0 0 0 0 0 0 0 0  3.716 3.716 3.716 4.05995 4.05995 4.05995 3.716 0.000263637 2.23197e+009
1 1980 TIME 1 25094 25089.6 2.19819e+009 2165.25  2.19819e+009  16432.8 8656.85  18542.5 14364.6  610.243 610.243 593.67 694.124 694.124 595.574 593.67 0.04199  0 0 0 0 0 0 0 0  21.43 21.43 21.43 23.1872 23.1872 23.1872 21.43 0.001569 2.19819e+009
1 1981 TIME 1 24709 24698.9 2.16406e+009 5052.13  2.16406e+009  16178.5 8520.38  18217.8 14092.8  849.871 849.871 824.81 995.088 995.088 821.969 824.81 0.060383  0 0 0 0 0 0 0 0  11.848 11.848 11.848 12.7992 12.7992 12.7992 11.848 0.000897235 2.16406e+009
1 1982 TIME 1 24158.5 24155.3 2.10536e+009 1560.63  2.10536e+009  15820.1 8335.18  19126.4 15055.5  1173.01 1173.01 1135.13 1358.79 1358.79 1129.68 1135.13 0.0869567  0 0 0 0 0 0 0 0  1.653 1.653 1.653 1.80953 1.80953 1.80953 1.653 0.000129845 2.10536e+009
1 1983 TIME 1 23380.4 23378.4 2.01778e+009 1008.1  2.01778e+009  15309.4 8069.01  18146.5 14169.9  1155.26 1155.26 1114.75 1320.61 1320.61 1116.13 1114.75 0.0893716  0 0 0 0 0 0 0 0  11.559 11.559 11.559 12.9244 12.9244 12.9244 11.559 0.000934658 2.01778e+009
1 1984 TIME 1 22662.5 22659.2 1.93304e+009 1666.04  1.93304e+009  14827.8 7831.33  16966.3 13102  1355.25 1355.25 1305.46 1550.92 1550.92 1325.16 1305.46 0.108558  0 0 0 0 0 0 0 0  19.582 19.582 19.582 22.3419 22.3419 22.3419 19.582 0.00162307 1.93304e+009
1 1985 TIME 1 21715.7 21711.3 1.83802e+009 2191.65  1.83802e+009  14210 7501.34  16028.5 12311.7  1835.7 1835.7 1770.5 2121.09 2121.09 1822.19 1770.5 0.154089  0 0 0 0 0 0 0 0  12.769 12.769 12.769 14.867 14.867 14.867 12.769 0.00109726 1.83802e+009
1 1986 TIME 1 20243 20239 1.71153e+009 1997.48  1.71153e+009  13273.3 6965.69  15086.5 11576.6  1311.55 1311.55 1268.12 1530.29 1530.29 1319.85 1268.12 0.115142  0 0 0 0 0 0 0 0  5.72 5.72 5.72 6.69851 6.69851 6.69851 5.72 0.000509718 1.71153e+009
1 1987 TIME 1 19267 19259.2 1.63451e+009 3878.56  1.63451e+009  12644.6 6614.64  14419.4 11063.2  2506.13 2506.13 2426 3034.89 3034.89 2536.51 2426 0.234725  0 0 0 0 0 0 0 0  13.985 13.985 13.985 16.1011 16.1011 16.1011 13.985 0.00134741 1.63451e+009
1 1988 TIME 1 17076.3 17073.1 1.46358e+009 1611.79  1.46358e+009  11261.8 5811.26  13872.9 10800.7  1774.18 1774.18 1715.85 2143.25 2143.25 1780.17 1715.85 0.183802  0 0 0 0 0 0 0 0  9.519 9.519 9.519 10.7477 10.7477 10.7477 9.519 0.00103544 1.46358e+009
1 1989 TIME 1 15652.4 15650.3 1.3443e+009 1030.95  1.3443e+009  10343.2 5307.17  12760.9 9887.61  1353.94 1353.94 1305.44 1609.03 1609.03 1339.23 1305.44 0.153863  0 0 0 0 0 0 0 0  5.289 5.289 5.289 5.95212 5.95212 5.95212 5.289 0.000635378 1.3443e+009
1 1990 TIME 1 14685.6 14683.8 1.25163e+009 869.175  1.25163e+009  9702.73 4981.11  11720.3 8998.95  1731.92 1731.92 1663.52 2030.75 2030.75 1702.5 1663.52 0.218247  0 0 0 0 0 0 0 0  32.867 32.867 32.867 37.6773 37.6773 37.6773 32.867 0.00433639 1.25163e+009
1 1991 TIME 1 13303.1 13301 1.12205e+009 1051.24  1.12205e+009  8803.38 4497.66  10412.5 7900.44  1275.67 1275.67 1223.91 1495.51 1495.51 1266.65 1223.91 0.177499  0 0 0 0 0 0 0 0  60.286 60.286 60.286 71.5369 71.5369 71.5369 60.286 0.00857223 1.12205e+009
1 1992 TIME 1 12316.7 12314.8 1.02972e+009 949.465  1.02972e+009  8153.87 4160.92  9521.42 7184.46  753.875 753.875 725.01 887.944 887.944 764.746 725.01 0.109801  0 0 0 0 0 0 0 0  32.977 32.977 32.977 39.8978 39.8978 39.8978 32.977 0.00480541 1.02972e+009
1 1993 TIME 1 11832.8 11831.8 9.88364e+008 503.715  9.88364e+008  7826.65 4005.16  8969.73 6747.56  1272.89 1272.89 1228.46 1491.02 1491.02 1313.08 1228.46 0.191696  0 0 0 0 0 0 0 0  9.203 9.203 9.203 11.0176 11.0176 11.0176 9.203 0.00139633 9.88364e+008
1 1994 TIME 1 10799.2 10793.8 9.12723e+008 2658.74  9.12723e+008  7158.35 3635.49  7923.64 5887.86  903.388 903.388 874.49 1101.98 1101.98 931.828 874.49 0.144061  0 0 0 0 0 0 0 0  18.951 18.951 18.951 22.1298 22.1298 22.1298 18.951 0.0031132 9.12723e+008
1 1995 TIME 1 10089.1 10080.7 8.63753e+008 4199.37  8.63753e+008  6696.28 3384.46  8163.11 6247.61  816.807 816.807 791.18 1071.31 1071.31 830.731 791.18 0.139457  0 0 0 0 0 0 0 0  57.503 57.503 57.503 65.6046 65.6046 65.6046 57.503 0.0103011 8.63753e+008
1 1996 TIME 1 9459.85 9457.74 8.13039e+008 1051.04  8.13039e+008  6284.61 3173.13  9120.51 7288.92  818.216 818.216 788.69 1064.59 1064.59 815.044 788.69 0.151664  0 0 0 0 0 0 0 0  7.119 7.119 7.119 7.99808 7.99808 7.99808 7.119 0.00140044 8.13039e+008
1 1997 TIME 1 8981.77 8979.03 7.60358e+008 1369.6  7.60358e+008  5949.68 3029.35  8571.28 6819  901.021 901.021 858.81 1175.89 1175.89 880.174 858.81 0.182401  0 0 0 0 0 0 0 0  4.069 4.069 4.069 4.58624 4.58624 4.58624 4.069 0.000882254 7.60358e+008
1 1998 TIME 1 8511.76 8510.11 6.97411e+008 826.896  6.97411e+008  5610.07 2900.04  8143.78 6482.71  1039.43 1039.43 979.35 1343.43 1343.43 1011.01 979.35 0.233592  0 0 0 0 0 0 0 0  14.586 14.586 14.586 17.3979 17.3979 17.3979 14.586 0.00345135 6.97411e+008
1 1999 TIME 1 7937.53 7924.3 6.21583e+008 6614.97  6.21583e+008  5196.76 2727.54  7382.12 5840.62  415.263 415.263 389.34 642.497 642.497 415.491 389.34 0.0986819  0 0 0 0 0 0 0 0  11.455 11.455 11.455 14.8815 14.8815 14.8815 11.455 0.00268844 6.21583e+008
1 2000 TIME 1 8057.46 8048.87 6.02119e+008 4294.34  6.02119e+008  5224.4 2824.47  9779.95 8245.78  267.958 267.958 250.78 445.347 445.347 280.965 250.78 0.0601963  0 0 0 0 0 0 0 0  8.075 8.075 8.075 10.8346 10.8346 10.8346 8.075 0.00172825 6.02119e+008
1 2001 TIME 1 8482.71 8481.63 6.06411e+008 539.198  6.06411e+008  5434.15 3047.48  11058.4 9496.28  175.002 175.002 162.87 274.452 274.452 188.081 162.87 0.0351458  0 0 0 0 0 0 0 0  12.395 12.395 12.395 16.4019 16.4019 16.4019 12.395 0.00245266 6.06411e+008
1 2002 TIME 1 9177.73 9175.04 6.28089e+008 1341.48  6.28089e+008  5793.63 3381.42  10577.9 8984.41  250.381 250.381 109.06 374.539 374.539 126.683 109.06 0.0459896  0 0 0 0 0 0 0 0  3.216 3.216 3.216 4.25774 4.25774 4.25774 3.216 0.00060625 6.28089e+008
1 2003 TIME 1 9889.59 9886.6 6.50385e+008 1492.98  6.50385e+008  6168.73 3717.87  10457.5 8841  196.442 196.442 75.5 282.504 282.504 88.3256 75.5 0.0342591  0 0 0 0 0 0 0 0  4.37 4.37 4.37 6.10517 6.10517 6.10517 4.37 0.000761802 6.50385e+008
1 2004 TIME 1 10640.6 10635.5 6.80538e+008 2528.62  6.80538e+008  6585.52 4049.98  10464.3 8816.24  225.141 225.141 181.78 324.317 324.317 217.62 181.78 0.0367257  0 0 0 0 0 0 0 0  7.394 7.394 7.394 10.7274 10.7274 10.7274 7.394 0.0011258 6.80538e+008
1 2005 TIME 1 11309.1 11304.2 7.20846e+008 2446.66  7.20846e+008  6972.5 4331.68  10937.2 9255.36  122.036 122.036 86.65 176.401 176.401 106.066 86.65 0.0175679  0 0 0 0 0 0 0 0  11.049 11.049 11.049 15.6653 15.6653 15.6653 11.049 0.00148218 7.20846e+008
1 2006 TIME 1 12030.3 12026 7.85175e+008 2166.87  7.85175e+008  7403.45 4622.53  11420.6 9691.36  189.203 189.203 96 268.166 268.166 116.717 96 0.0240819  0 0 0 0 0 0 0 0  11.126 11.126 11.126 14.9813 14.9813 14.9813 11.126 0.00139529 7.85175e+008
1 2007 TIME 1 12651.4 12648.1 8.54697e+008 1656.64  8.54697e+008  7782.22 4865.88  11699 9926.37  244.104 244.104 131.54 333.128 333.128 155.411 131.54 0.0292822  0 0 0 0 0 0 0 0  12.036 12.036 12.036 15.5178 15.5178 15.5178 12.036 0.00148942 8.54697e+008
1 2008 TIME 1 13189.3 13177.2 9.16725e+008 6048.12  9.16725e+008  8111.69 5065.52  11689.4 9875.73  237.511 237.511 111.06 336.821 336.821 127.447 111.06 0.0281166  0 0 0 0 0 0 0 0  6.322 6.322 6.322 7.99075 7.99075 7.99075 6.322 0.000782647 9.16725e+008
1 2009 TIME 1 13737 13735.2 9.7024e+008 873.599  9.7024e+008  8457.75 5277.47  13765.3 11876.2  290.431 290.431 138.06 395.272 395.272 155.62 138.06 0.0342243  0 0 0 0 0 0 0 0  0.308 0.308 0.308 0.387842 0.387842 0.387842 0.308 3.76646e-005 9.7024e+008
1 2010 TIME 1 14289.4 14284.5 1.01365e+009 2455.67  1.01365e+009  8796.93 5487.57  13255.6 11304.7  329.772 329.772 176.17 444.891 444.891 197.257 176.17 0.0382311  0 0 0 0 0 0 0 0  8.173 8.173 8.173 10.2656 10.2656 10.2656 8.173 0.000977192 1.01365e+009
1 2011 TIME 1 14830.8 14825.9 1.05101e+009 2446.89  1.05101e+009  9127.42 5698.48  13491.4 11482.5  109.08 109.08 104.65 171.349 171.349 133.886 104.65 0.0185593  0 0 0 0 0 0 0 0  12.196 12.196 12.196 15.376 15.376 15.376 12.196 0.00140815 1.05101e+009
1 2012 TIME 1 15579.5 15576.5 1.10465e+009 1482.13  1.10465e+009  9590.69 5985.82  13852.9 11762.5  99.7564 99.7564 96.34 151.767 151.767 124.219 96.34 0.0163165  0 0 0 0 0 0 0 0  2.695 2.695 2.695 3.45202 3.45202 3.45202 2.695 0.000293606 1.10465e+009
1 2013 TIME 1 16340.5 16313 1.16139e+009 13767.3  1.16139e+009  10051.4 6261.59  13753.6 11588.8  121.513 121.513 117.79 223.904 223.904 151.568 117.79 0.0189525  0 0 0 0 0 0 0 0  6.321 6.321 6.321 8.1029 8.1029 8.1029 6.321 0.000644644 1.16139e+009
1 2014 TIME 1 17139.9 17137.5 1.22224e+009 1226.91  1.22224e+009  10557.1 6580.35  19441.5 17121.2  95.9206 95.9206 92.58 167.311 167.311 119.567 92.58 0.0136781  0 0 0 0 0 0 0 0  10.617 10.617 10.617 13.3777 13.3777 13.3777 10.617 0.00102949 1.22224e+009
1 2015 TIME 1 18195.4 18190.2 1.28948e+009 2564.7  1.28948e+009  11180.5 7009.76  18913.6 16458.9  128.825 128.825 122.78 216.048 216.048 156.887 122.78 0.0172809  0 0 0 0 0 0 0 0  7.949 7.949 7.949 9.84341 9.84341 9.84341 7.949 0.000746701 1.28948e+009
1 2016 TIME 1 19431.1 19425.9 1.35511e+009 2598.3  1.35511e+009  11897.2 7528.69  19026.5 16441.9  131.533 131.533 124.01 212.764 212.764 158.546 124.01 0.0171643  0 0 0 0 0 0 0 0  5.093 5.093 5.093 6.40443 6.40443 6.40443 5.093 0.000463158 1.35511e+009
1 2017 FORE 1 20718.5 20713.3 1.41872e+009 2624.16  1.41872e+009  12656.4 8056.86  19153.6 16444  619.947 619.947 566.692 973.608 973.608 716.343  _ 0.0804416  0 0 0 0 0 0  _ 0  25.4916 25.4916 25.4916 33.8793 33.8793 33.8793  _ 0.00217062 1.41872e+009
1 2018 FORE 1 21424.7 21419.4 1.45798e+009 2639.23  1.45798e+009  13130.3 8289.08  18914.5 16065.7  641.599 641.599 594.376 989.375 989.375 764.721  _ 0.0804416  0 0 0 0 0 0  _ 0  27.904 27.904 27.904 37.8932 37.8932 37.8932  _ 0.00217062 1.45798e+009
1 2019 FORE 1 21990.1 21984.8 1.51392e+009 2659.62  1.51392e+009  13533.1 8451.66  18674.6 15721.1  735.472 735.472 688.694 1122.23 1122.23 905.699  _ 0.0804416  0 0 0 0 0 0  _ 0  29.6921 29.6921 29.6921 39.2244 39.2244 39.2244  _ 0.00217062 1.51392e+009
1 2020 FORE 1 22318.9 22313.5 1.58504e+009 2683.87  1.58504e+009  13803.7 8509.77  18379.1 15356.9  785.792 785.792 742.007 1170.39 1170.39 960.67  _ 0.0804416  0 0 0 0 0 0  _ 0  30.0006 30.0006 30.0006 38.0225 38.0225 38.0225  _ 0.00217062 1.58504e+009
1 2021 FORE 1 22439.2 22433.7 1.65243e+009 2705.28  1.65243e+009  13962.9 8470.84  18098.9 14994.7  764.021 764.021 724.889 1111.49 1111.49 909.265  _ 0.0804416  0 0 0 0 0 0  _ 0  29.3771 29.3771 29.3771 35.9809 35.9809 35.9809  _ 0.00217062 1.65243e+009
1 2022 FORE 1 22451.1 22445.6 1.70547e+009 2721.16  1.70547e+009  14064.3 8381.36  17885.8 14683.6  722.1 722.1 685.944 1037.33 1037.33 839.018  _ 0.0804416  0 0 0 0 0 0  _ 0  28.5673 28.5673 28.5673 34.1794 34.1794 34.1794  _ 0.00217062 1.70547e+009
1 2023 FORE 1 22412.6 22407.1 1.74407e+009 2732.22  1.74407e+009  14133.9 8273.24  17733.7 14432.2  685.577 685.577 650.911 980.526 980.526 783.604  _ 0.0804416  0 0 0 0 0 0  _ 0  27.8987 27.8987 27.8987 32.8811 32.8811 32.8811  _ 0.00217062 1.74407e+009
1 2024 FORE 1 22347.1 22341.6 1.77107e+009 2739.72  1.77107e+009  14180 8161.61  17623 14230.8  659.155 659.155 625.177 942.331 942.331 745.662  _ 0.0804416  0 0 0 0 0 0  _ 0  27.4129 27.4129 27.4129 32.0069 32.0069 32.0069  _ 0.00217062 1.77107e+009
1 2025 FORE 1 22264.9 22259.4 1.78918e+009 2744.64  1.78918e+009  14206.2 8053.24  17538.4 14067.6  641.192 641.192 607.505 917.708 917.708 720.865  _ 0.0804416  0 0 0 0 0 0  _ 0  27.0668 27.0668 27.0668 31.4242 31.4242 31.4242  _ 0.00217062 1.78918e+009
1 2026 FORE 1 22171.8 22166.3 1.80057e+009 2747.7  1.80057e+009  14215.3 7951  17469.9 13932.7  629.175 629.175 595.587 902.004 902.004 704.871  _ 0.0804416  0 0 0 0 0 0  _ 0  26.8134 26.8134 26.8134 31.0288 31.0288 31.0288  _ 0.00217062 1.80057e+009
1 2027 FORE 1 22071.8 22066.3 1.80693e+009 2749.39  1.80693e+009  14210.3 7855.96  17411.6 13818.7  621.066 621.066 587.492 891.924 891.924 694.512  _ 0.0804416  0 0 0 0 0 0  _ 0  26.6183 26.6183 26.6183 30.75 30.75 30.75  _ 0.00217062 1.80693e+009
1 2028 FORE 1 21968.3 21962.8 1.80959e+009 2750.1  1.80959e+009  14194.4 7768.34  17359.8 13720.5  615.43 615.43 581.837 885.279 885.279 687.646  _ 0.0804416  0 0 0 0 0 0  _ 0  26.4589 26.4589 26.4589 30.5429 30.5429 30.5429  _ 0.00217062 1.80959e+009
