Area Yr Era Seas Bio_all Bio_smry SpawnBio Recruit_0  Spbio_GP:1 SmryBio_SX:1_GP:1 SmryBio_SX:2_GP:1 SmryNum_SX:1_GP:1 SmryNum_SX:2_GP:1 sel(B):_1 dead(B):_1 retain(B):_1 sel(N):_1 dead(N):_1 retain(N):_1 obs_cat:_1 F:_1 sel(B):_2 dead(B):_2 retain(B):_2 sel(N):_2 dead(N):_2 retain(N):_2 obs_cat:_2 F:_2 sel(B):_3 dead(B):_3 retain(B):_3 sel(N):_3 dead(N):_3 retain(N):_3 obs_cat:_3 F:_3 sel(B):_4 dead(B):_4 retain(B):_4 sel(N):_4 dead(N):_4 retain(N):_4 obs_cat:_4 F:_4 sel(B):_5 dead(B):_5 retain(B):_5 sel(N):_5 dead(N):_5 retain(N):_5 obs_cat:_5 F:_5 SPB_vir_LH
1 1913 VIRG 1 1426.28 1426.28 396.625 1451.17  396.625  645.31 780.967  2400.02 2666.21 0 0 0 0 0 0 0 0  0 0 0 0 0 0 0 0  0 0 0 0 0 0 0 0  0 0 0 0 0 0 0 0  0 0 0 0 0 0 0 0  396.625
1 1914 INIT 1 1426.28 1426.28 396.625 1451.17  396.625  645.31 780.967  2400.02 2666.21  0 0 0 0 0 0 0 0  0 0 0 0 0 0 0 0  0 0 0 0 0 0 0 0  0 0 0 0 0 0 0 0  0 0 0 0 0 0 0 0 396.625
1 1915 TIME 1 1426.28 1426.28 396.625 1451.21  396.625  645.31 780.967  2400.04 2666.23  0 0 0 0 0 0 0 0  0 0 0 0 0 0 0 0  1.72944 1.72944 1.72944 4.26097 4.26097 4.26097 1.72944 0.00745861  1.69998 1.69998 1.69998 4.9314 4.9314 4.9314 1.7 0.217048  0 0 0 0 0 0 0 0 396.625
1 1916 TIME 1 1422.91 1422.91 395.565 1450.79  395.565  643.8 779.106  2396.34 2661.81  0 0 0 0 0 0 0 0  0 0 0 0 0 0 0 0  1.62771 1.62771 1.62771 4.0114 4.0114 4.0114 1.62771 0.00703542  1.59998 1.59998 1.59998 4.64322 4.64322 4.64322 1.6 0.204702  0 0 0 0 0 0 0 0 395.565
1 1917 TIME 1 1420.28 1420.28 394.642 1450.43  394.642  642.639 777.645  2393.78 2658.66  0 0 0 0 0 0 0 0  0 0 0 0 0 0 0 0  1.62771 1.62771 1.62771 4.01282 4.01282 4.01282 1.62771 0.00704771  1.59998 1.59998 1.59998 4.64529 4.64529 4.64529 1.6 0.20503  0 0 0 0 0 0 0 0 394.642
1 1918 TIME 1 1418.14 1418.14 393.857 1450.12  393.857  641.704 776.439  2391.84 2656.21  0 0 0 0 0 0 0 0  0 0 0 0 0 0 0 0  1.52598 1.52598 1.52598 3.76334 3.76334 3.76334 1.52598 0.00661632  1.59998 1.59998 1.59998 4.6472 4.6472 4.6472 1.6 0.205287  0 0 0 0 0 0 0 0 393.857
1 1919 TIME 1 1416.52 1416.52 393.25 1449.87  393.25  641.004 775.511  2390.46 2654.42  0 0 0 0 0 0 0 0  0 0 0 0 0 0 0 0  1.9329 1.9329 1.9329 4.76827 4.76827 4.76827 1.93291 0.00839159  1.79998 1.79998 1.79998 5.22977 5.22977 5.22977 1.8 0.231228  0 0 0 0 0 0 0 0 393.25
1 1920 TIME 1 1414.64 1414.64 392.585 1449.61  392.585  640.193 774.442  2388.76 2652.26  0 0 0 0 0 0 0 0  0 0 0 0 0 0 0 0  2.13637 2.13637 2.13637 5.2717 5.2717 5.2717 2.13637 0.00928795  1.99997 1.99997 1.99997 5.81279 5.81279 5.81279 2 0.257257  0 0 0 0 0 0 0 0 392.585
1 1921 TIME 1 1412.73 1412.73 391.916 1449.34  391.916  639.371 773.357  2387.02 2650.05  0 0 0 0 0 0 0 0  0 0 0 0 0 0 0 0  1.22078 1.22078 1.22078 3.01344 3.01344 3.01344 1.22078 0.00531076  1.29998 1.29998 1.29998 3.77987 3.77987 3.77987 1.3 0.167302  0 0 0 0 0 0 0 0 391.916
1 1922 TIME 1 1412.78 1412.78 391.862 1449.32  391.862  639.427 773.35  2387.43 2650.4  0 0 0 0 0 0 0 0  0 0 0 0 0 0 0 0  1.22078 1.22078 1.22078 3.01391 3.01391 3.01391 1.22078 0.00530993  1.09999 1.09999 1.09999 3.19877 3.19877 3.19877 1.1 0.141538  0 0 0 0 0 0 0 0 391.862
1 1923 TIME 1 1413.09 1413.09 391.945 1449.35  391.945  639.592 773.494  2387.96 2650.94  0 0 0 0 0 0 0 0  0 0 0 0 0 0 0 0  1.42425 1.42425 1.42425 3.51634 3.51634 3.51634 1.42425 0.00619448  1.29998 1.29998 1.29998 3.78035 3.78035 3.78035 1.3 0.167263  0 0 0 0 0 0 0 0 391.945
1 1924 TIME 1 1412.98 1412.98 391.927 1449.35  391.927  639.563 773.418  2387.91 2650.84  0 0 0 0 0 0 0 0  0 0 0 0 0 0 0 0  1.52598 1.52598 1.52598 3.76756 3.76756 3.76756 1.52598 0.0066382  1.49998 1.49998 1.49998 4.36197 4.36197 4.36197 1.5 0.193033  0 0 0 0 0 0 0 0 391.927
1 1925 TIME 1 1412.6 1412.6 391.821 1449.3  391.821  639.407 773.196  2387.54 2650.35  0 0 0 0 0 0 0 0  0 0 0 0 0 0 0 0  1.62771 1.62771 1.62771 4.01887 4.01887 4.01887 1.62771 0.00708312  1.59998 1.59998 1.59998 4.65298 4.65298 4.65298 1.6 0.205968  0 0 0 0 0 0 0 0 391.821
1 1926 TIME 1 1412.09 1412.09 391.659 1449.24  391.659  639.191 772.904  2387.04 2649.72  0 0 0 0 0 0 0 0  0 0 0 0 0 0 0 0  1.72944 1.72944 1.72944 4.2703 4.2703 4.2703 1.72944 0.00752868  1.59998 1.59998 1.59998 4.65334 4.65334 4.65334 1.6 0.206042  0 0 0 0 0 0 0 0 391.659
1 1927 TIME 1 1411.58 1411.58 391.485 1449.17  391.485  638.972 772.612  2386.56 2649.11  0 0 0 0 0 0 0 0  0 0 0 0 0 0 0 0  1.72944 1.72944 1.72944 4.27062 4.27062 4.27062 1.72944 0.00753126  1.59998 1.59998 1.59998 4.65376 4.65376 4.65376 1.6 0.206106  0 0 0 0 0 0 0 0 391.485
1 1928 TIME 1 1411.17 1411.17 391.338 1449.11  391.338  638.796 772.373  2386.2 2648.64  0 0 0 0 0 0 0 0  0 0 0 0 0 0 0 0  1.72944 1.72944 1.72944 4.27092 4.27092 4.27092 1.72944 0.00753332  1.59998 1.59998 1.59998 4.65414 4.65414 4.65414 1.6 0.206158  0 0 0 0 0 0 0 0 391.338
1 1929 TIME 1 1410.84 1410.84 391.218 1449.06  391.218  638.656 772.18  2385.92 2648.27  0 0 0 0 0 0 0 0  0 0 0 0 0 0 0 0  1.72944 1.72944 1.72944 4.27116 4.27116 4.27116 1.72944 0.00753529  1.69998 1.69998 1.69998 4.94533 4.94533 4.94533 1.7 0.219096  0 0 0 0 0 0 0 0 391.218
1 1930 TIME 1 1410.47 1410.47 391.092 1449.01  391.092  638.5 771.969  2385.59 2647.84  0 0 0 0 0 0 0 0  0 0 0 0 0 0 0 0  1.72944 1.72944 1.72944 4.27139 4.27139 4.27139 1.72944 0.00753744  1.79998 1.79998 1.79998 5.23655 5.23655 5.23655 1.8 0.232046  0 0 0 0 0 0 0 0 391.092
1 1931 TIME 1 1410.07 1410.07 390.956 1448.96  390.956  638.33 771.741  2385.22 2647.37  0 0 0 0 0 0 0 0  0 0 0 0 0 0 0 0  1.72944 1.72944 1.72944 4.27168 4.27168 4.27168 1.72944 0.00753882  1.59998 1.59998 1.59998 4.6551 4.6551 4.6551 1.6 0.206296  0 0 0 0 0 0 0 0 390.956
1 1932 TIME 1 1409.96 1409.96 390.905 1448.94  390.905  638.286 771.669  2385.17 2647.28  0 0 0 0 0 0 0 0  0 0 0 0 0 0 0 0  1.32251 1.32251 1.32251 3.26678 3.26678 3.26678 1.32251 0.00576378  1.29998 1.29998 1.29998 3.78252 3.78252 3.78252 1.3 0.167578  0 0 0 0 0 0 0 0 390.905
1 1933 TIME 1 1410.56 1410.56 391.091 1449.01  391.091  638.566 771.998  2385.89 2648.11  0 0 0 0 0 0 0 0  0 0 0 0 0 0 0 0  1.22078 1.22078 1.22078 3.01544 3.01544 3.01544 1.22078 0.00531752  1.09999 1.09999 1.09999 3.20046 3.20046 3.20046 1.1 0.141722  0 0 0 0 0 0 0 0 391.091
1 1934 TIME 1 1411.39 1411.39 391.366 1449.12  391.366  638.937 772.449  2386.77 2649.16  0 0 0 0 0 0 0 0  0 0 0 0 0 0 0 0  1.52598 1.52598 1.52598 3.7689 3.7689 3.7689 1.52598 0.00664505  1.49998 1.49998 1.49998 4.36363 4.36363 4.36363 1.5 0.193214  0 0 0 0 0 0 0 0 391.366
1 1935 TIME 1 1411.37 1411.37 391.394 1449.13  391.394  638.927 772.442  2386.65 2649.05  0 0 0 0 0 0 0 0  0 0 0 0 0 0 0 0  1.62771 1.62771 1.62771 4.01996 4.01996 4.01996 1.62771 0.00708879  1.59998 1.59998 1.59998 4.65432 4.65432 4.65432 1.6 0.206118  0 0 0 0 0 0 0 0 391.394
1 1936 TIME 1 1411.14 1411.14 391.335 1449.11  391.335  638.822 772.318  2386.36 2648.7  0 0 0 0 0 0 0 0  0 0 0 0 0 0 0 0  1.72944 1.72944 1.72944 4.27115 4.27115 4.27115 1.72944 0.00753397  1.79998 1.79998 1.79998 5.2361 5.2361 5.2361 1.8 0.231948  0 0 0 0 0 0 0 0 391.335
1 1937 TIME 1 1410.64 1410.64 391.174 1449.05  391.174  638.596 772.042  2385.8 2648.04  0 0 0 0 0 0 0 0  0 0 0 0 0 0 0 0  1.9329 1.9329 1.9329 4.77377 4.77377 4.77377 1.93291 0.00842458  1.99997 1.99997 1.99997 5.81815 5.81815 5.81815 2 0.257845  0 0 0 0 0 0 0 0 391.174
1 1938 TIME 1 1409.82 1409.82 390.9 1448.93  390.9  638.23 771.588  2384.94 2647  0 0 0 0 0 0 0 0  0 0 0 0 0 0 0 0  2.03464 2.03464 2.03464 5.02545 5.02545 5.02545 2.03464 0.00887326  1.99997 1.99997 1.99997 5.81883 5.81883 5.81883 2 0.257988  0 0 0 0 0 0 0 0 390.9
1 1939 TIME 1 1409.04 1409.04 390.625 1448.82  390.625  637.887 771.155  2384.19 2646.08  0 0 0 0 0 0 0 0  0 0 0 0 0 0 0 0  2.13637 2.13637 2.13637 5.27726 5.27726 5.27726 2.13637 0.00932252  2.09997 2.09997 2.09997 6.11054 6.11054 6.11054 2.1 0.271039  0 0 0 0 0 0 0 0 390.625
1 1940 TIME 1 1408.21 1408.21 390.331 1448.71  390.331  637.522 770.69  2383.4 2645.1  0 0 0 0 0 0 0 0  0 0 0 0 0 0 0 0  2.2381 2.2381 2.2381 5.52919 5.52919 5.52919 2.2381 0.00977267  2.19997 2.19997 2.19997 6.40241 6.40241 6.40241 2.2 0.284115  0 0 0 0 0 0 0 0 390.331
1 1941 TIME 1 1407.34 1407.34 390.023 1448.58  390.023  637.141 770.198  2382.58 2644.07  0 0 0 0 0 0 0 0  0 0 0 0 0 0 0 0  2.44156 2.44156 2.44156 6.03256 6.03256 6.03256 2.44156 0.010669  2.39997 2.39997 2.39997 6.98542 6.98542 6.98542 2.4 0.310161  0 0 0 0 0 0 0 0 390.023
1 1942 TIME 1 1406.23 1406.23 389.642 1448.43  389.642  636.657 769.577  2381.51 2642.75  0 0 0 0 0 0 0 0  0 0 0 0 0 0 0 0  2.44156 2.44156 2.44156 6.03345 6.03345 6.03345 2.44156 0.0106774  2.49997 2.49997 2.49997 7.2778 7.2778 7.2778 2.5 0.323321  0 0 0 0 0 0 0 0 389.642
1 1943 TIME 1 1405.23 1405.23 389.288 1448.28  389.288  636.222 769.009  2380.59 2641.58  0 0 0 0 0 0 0 0  0 0 0 0 0 0 0 0  2.74676 2.74676 2.74676 6.7886 6.7886 6.7886 2.74676 0.0120225  2.69996 2.69996 2.69996 7.86133 7.86133 7.86133 2.7 0.349473  0 0 0 0 0 0 0 0 389.288
1 1944 TIME 1 1403.93 1403.93 388.839 1448.1  388.839  635.654 768.275  2379.34 2640.02  0 0 0 0 0 0 0 0  0 0 0 0 0 0 0 0  2.64503 2.64503 2.64503 6.53838 6.53838 6.53838 2.64503 0.011587  2.69996 2.69996 2.69996 7.8631 7.8631 7.8631 2.7 0.349742  0 0 0 0 0 0 0 0 388.839
1 1945 TIME 1 1402.97 1402.97 388.49 1447.96  388.49  635.24 767.726  2378.49 2638.93  0 0 0 0 0 0 0 0  0 0 0 0 0 0 0 0  2.95022 2.95022 2.95022 7.29394 7.29394 7.29394 2.95022 0.0129348  2.89996 2.89996 2.89996 8.44703 8.44703 8.44703 2.9 0.375946  0 0 0 0 0 0 0 0 388.49
1 1946 TIME 1 1401.7 1401.7 388.053 1447.78  388.053  634.691 767.01  2377.3 2637.44  0 0 0 0 0 0 0 0  0 0 0 0 0 0 0 0  3.76408 3.76408 3.76408 9.30732 9.30732 9.30732 3.76408 0.0165277  3.69995 3.69995 3.69995 10.7789 10.7789 10.7789 3.7 0.480351  0 0 0 0 0 0 0 0 388.053
1 1947 TIME 1 1399.09 1399.09 387.188 1447.43  387.188  633.539 765.548  2374.63 2634.18  0 0 0 0 0 0 0 0  0 0 0 0 0 0 0 0  4.171 4.171 4.171 10.3163 10.3163 10.3163 4.17101 0.018354  4.19995 4.19995 4.19995 12.2399 12.2399 12.2399 4.2 0.546374  0 0 0 0 0 0 0 0 387.188
1 1948 TIME 1 1396.03 1396.03 386.146 1447  386.146  632.196 763.838  2371.61 2630.46  0 0 0 0 0 0 0 0  0 0 0 0 0 0 0 0  4.67966 4.67966 4.67966 11.5787 11.5787 11.5787 4.67967 0.0206426  4.59994 4.59994 4.59994 13.4119 13.4119 13.4119 4.6 0.599782  0 0 0 0 0 0 0 0 386.146
1 1949 TIME 1 1392.64 1392.64 384.969 1446.52  384.969  630.71 761.933  2368.34 2626.39  0 0 0 0 0 0 0 0  0 0 0 0 0 0 0 0  4.88313 4.88313 4.88313 12.0878 12.0878 12.0878 4.88313 0.0215924  4.69994 4.69994 4.69994 13.7113 13.7113 13.7113 4.7 0.614197  0 0 0 0 0 0 0 0 384.969
1 1950 TIME 1 1389.59 1389.59 383.879 1446.07  383.879  629.381 760.205  2365.52 2622.83  0 0 0 0 0 0 0 0  0 0 0 0 0 0 0 0  4.88313 4.88313 4.88313 12.0938 12.0938 12.0938 4.88313 0.0216371  4.69994 4.69994 4.69994 13.7193 13.7193 13.7193 4.7 0.615362  0 0 0 0 0 0 0 0 383.879
1 1951 TIME 1 1387.12 1387.12 382.982 1445.69  382.982  628.321 758.796  2363.35 2620.05  0 0 0 0 0 0 0 0  0 0 0 0 0 0 0 0  5.59525 5.59525 5.59525 13.863 13.863 13.863 5.59525 0.0248479  5.39993 5.39993 5.39993 15.7696 15.7696 15.7696 5.4 0.708502  0 0 0 0 0 0 0 0 382.982
1 1952 TIME 1 1383.75 1383.75 381.826 1445.21  381.826  626.859 756.892  2360.15 2616.04  0 0 0 0 0 0 0 0  0 0 0 0 0 0 0 0  5.90045 5.90045 5.90045 14.626 14.626 14.626 5.90045 0.0262711  5.79992 5.79992 5.79992 16.9472 16.9472 16.9472 5.8 0.762828  0 0 0 0 0 0 0 0 381.826
1 1953 TIME 1 1380.32 1380.32 380.634 1444.71  380.634  625.369 754.947  2356.91 2611.97  0 0 0 0 0 0 0 0  0 0 0 0 0 0 0 0  5.90045 5.90045 5.90045 14.6336 14.6336 14.6336 5.90045 0.0263329  5.79992 5.79992 5.79992 16.9578 16.9578 16.9578 5.8 0.764477  0 0 0 0 0 0 0 0 380.634
1 1954 TIME 1 1377.53 1377.53 379.636 1444.29  379.636  624.174 753.356  2354.44 2608.8  0 0 0 0 0 0 0 0  0 0 0 0 0 0 0 0  6.10391 6.10391 6.10391 15.1454 15.1454 15.1454 6.10391 0.0272982  6.09992 6.09992 6.09992 17.8445 17.8445 17.8445 6.1 0.805583  0 0 0 0 0 0 0 0 379.636
1 1955 TIME 1 1374.8 1374.8 378.672 1443.88  378.672  623.002 751.794  2351.98 2605.64  0 0 0 0 0 0 0 0  0 0 0 0 0 0 0 0  6.10391 6.10391 6.10391 15.1525 15.1525 15.1525 6.10391 0.027348  5.99992 5.99992 5.99992 17.5614 17.5614 17.5614 6 0.793698  0 0 0 0 0 0 0 0 378.672
1 1956 TIME 1 1372.7 1372.7 377.915 1443.55  377.915  622.116 750.584  2350.2 2603.31  0 0 0 0 0 0 0 0  0 0 0 0 0 0 0 0  6.30737 6.30737 6.30737 15.6637 15.6637 15.6637 6.30738 0.0283032  6.09992 6.09992 6.09992 17.8619 17.8619 17.8619 6.1 0.808073  0 0 0 0 0 0 0 0 377.915
1 1957 TIME 1 1370.74 1370.74 377.221 1443.26  377.221  621.287 749.453  2348.5 2601.1  0 0 0 0 0 0 0 0  0 0 0 0 0 0 0 0  6.51084 6.51084 6.51084 16.1745 16.1745 16.1745 6.51084 0.0292614  6.39992 6.39992 6.39992 18.7475 18.7475 18.7475 6.4 0.849034  0 0 0 0 0 0 0 0 377.221
1 1958 TIME 1 1368.67 1368.67 376.508 1442.95  376.508  620.406 748.267  2346.63 2598.69  0 0 0 0 0 0 0 0  0 0 0 0 0 0 0 0  6.30737 6.30737 6.30737 15.6746 15.6746 15.6746 6.30738 0.0283825  6.19992 6.19992 6.19992 18.1691 18.1691 18.1691 6.2 0.823434  0 0 0 0 0 0 0 0 376.508
1 1959 TIME 1 1367.41 1367.41 376.044 1442.75  376.044  619.883 747.525  2345.63 2597.33  0 0 0 0 0 0 0 0  0 0 0 0 0 0 0 0  6.30737 6.30737 6.30737 15.6789 15.6789 15.6789 6.30738 0.0284067  6.19992 6.19992 6.19992 18.1745 18.1745 18.1745 6.2 0.82407  0 0 0 0 0 0 0 0 376.044
1 1960 TIME 1 1366.41 1366.41 375.686 1442.6  375.686  619.476 746.938  2344.86 2596.27  0 0 0 0 0 0 0 0  0 0 0 0 0 0 0 0  6.51084 6.51084 6.51084 16.188 16.188 16.188 6.51084 0.0293476  6.39991 6.39991 6.39991 18.7648 18.7648 18.7648 6.4 0.851319  0 0 0 0 0 0 0 0 375.686
1 1961 TIME 1 1365.24 1365.24 375.287 1442.42  375.287  618.982 746.256  2343.81 2594.9  0 0 0 0 0 0 0 0  0 0 0 0 0 0 0 0  6.61257 6.61257 6.61257 16.4441 16.4441 16.4441 6.61257 0.0298328  6.49991 6.49991 6.49991 19.0622 19.0622 19.0622 6.5 0.865338  0 0 0 0 0 0 0 0 375.287
1 1962 TIME 1 1364.09 1364.09 374.896 1442.26  374.896  618.498 745.595  2342.78 2593.57  0 0 0 0 0 0 0 0  0 0 0 0 0 0 0 0  6.81603 6.81603 6.81603 16.9531 16.9531 16.9531 6.81603 0.0307801  6.69991 6.69991 6.69991 19.6528 19.6528 19.6528 6.7 0.892762  0 0 0 0 0 0 0 0 374.896
1 1963 TIME 1 1362.78 1362.78 374.448 1442.06  374.448  617.934 744.842  2341.55 2592  0 0 0 0 0 0 0 0  0 0 0 0 0 0 0 0  7.12123 7.12123 7.12123 17.7154 17.7154 17.7154 7.12123 0.0321971  7.09991 7.09991 7.09991 20.8305 20.8305 20.8305 7.1 0.947145  0 0 0 0 0 0 0 0 374.448
1 1964 TIME 1 1361.01 1361.01 373.854 1441.8  373.854  617.166 743.84  2339.81 2589.84  0 0 0 0 0 0 0 0  0 0 0 0 0 0 0 0  7.52815 7.52815 7.52815 18.7319 18.7319 18.7319 7.52816 0.034089  7.3999 7.3999 7.3999 21.7166 21.7166 21.7166 7.4 0.988588  0 0 0 0 0 0 0 0 373.854
1 1965 TIME 1 1358.86 1358.86 373.126 1441.49  373.126  616.232 742.633  2337.72 2587.23  0 0 0 0 0 0 0 0  0 0 0 0 0 0 0 0  7.83335 7.83335 7.83335 19.497 19.497 19.497 7.83335 0.0355314  7.5999 7.5999 7.5999 22.3115 22.3115 22.3115 7.6 1.01692  0 0 0 0 0 0 0 0 373.126
1 1966 TIME 1 1356.62 1356.62 372.348 1441.15  372.348  615.255 741.365  2335.57 2584.55  0 0 0 0 0 0 0 0  0 0 0 0 0 0 0 0  8.13855 8.13855 8.13855 20.263 20.263 20.263 8.13855 0.0369846  7.99989 7.99989 7.99989 23.4946 23.4946 23.4946 8 1.07232  0 0 0 0 0 0 0 0 372.348
1 1967 TIME 1 1354.09 1354.09 371.475 1440.76  371.475  614.152 739.938  2333.13 2581.51  0 0 0 0 0 0 0 0  0 0 0 0 0 0 0 0  8.13855 8.13855 8.13855 20.2707 20.2707 20.2707 8.13855 0.0370501  7.99989 7.99989 7.99989 23.5053 23.5053 23.5053 8 1.07406  0 0 0 0 0 0 0 0 371.475
1 1968 TIME 1 1352.03 1352.03 370.737 1440.44  370.737  613.262 738.765  2331.26 2579.12  0 0 0 0 0 0 0 0  0 0 0 0 0 0 0 0  7.52815 7.52815 7.52815 18.7579 18.7579 18.7579 7.52816 0.0343032  7.3999 7.3999 7.3999 21.7526 21.7526 21.7526 7.4 0.994293  0 0 0 0 0 0 0 0 370.737
1 1969 TIME 1 1351.56 1351.56 370.509 1440.33  370.509  613.089 738.469  2331.15 2578.84  0 0 0 0 0 0 0 0  0 0 0 0 0 0 0 0  8.13854 8.13854 8.13854 20.2824 20.2824 20.2824 8.13855 0.037114  7.99989 7.99989 7.99989 23.5199 23.5199 23.5199 8 1.07574  0 0 0 0 0 0 0 0 370.509
1 1970 TIME 1 1350.04 1350.04 370.004 1440.11  370.004  612.438 737.602  2329.7 2577.01  0 0 0 0 0 0 0 0  0 0 0 0 0 0 0 0  8.74894 8.74894 8.74894 21.8075 21.8075 21.8075 8.74894 0.0399621  8.69988 8.69988 8.69988 25.5832 25.5832 25.5832 8.7 1.17169  0 0 0 0 0 0 0 0 370.004
1 1971 TIME 1 1347.51 1347.51 369.173 1439.74  369.173  611.33 736.177  2327.14 2573.85  0 0 0 0 0 0 0 0  0 0 0 0 0 0 0 0  8.85067 8.85067 8.85067 22.0682 22.0682 22.0682 8.85067 0.0405012  8.69988 8.69988 8.69988 25.5937 25.5937 25.5937 8.7 1.17369  0 0 0 0 0 0 0 0 369.173
1 1972 TIME 1 1345.32 1345.32 368.411 1439.4  368.411  610.382 734.941  2325.07 2571.26  0 0 0 0 0 0 0 0  0 0 0 0 0 0 0 0  9.76625 9.76625 9.76625 24.3582 24.3582 24.3582 9.76626 0.0447937  9.59987 9.59987 9.59987 28.2509 28.2509 28.2509 9.6 1.29794  0 0 0 0 0 0 0 0 368.411
1 1973 TIME 1 1341.76 1341.76 367.215 1438.87  367.215  608.815 732.942  2321.47 2566.84  0 0 0 0 0 0 0 0  1.60607 1.60607 1.60607 2.33731 2.33731 2.33731 1.60607 0.00381709  10.5801 10.5801 10.5801 26.4025 26.4025 26.4025 10.5801 0.0487042  10.2999 10.2999 10.2999 30.3313 30.3313 30.3313 10.3 1.39738  0 0 0 0 0 0 0 0 367.215
1 1974 TIME 1 1336.2 1336.2 365.26 1437.98  365.26  606.356 729.847  2316.05 2560.22  0 0 0 0 0 0 0 0  2.15027 2.15027 2.15027 3.13031 3.13031 3.13031 2.15027 0.00514094  10.5801 10.5801 10.5801 26.426 26.426 26.426 10.5801 0.0489087  10.4999 10.4999 10.4999 30.9536 30.9536 30.9536 10.5 1.43001  0 0 0 0 0 0 0 0 365.26
1 1975 TIME 1 1331.08 1331.08 363.396 1437.13  363.396  604.105 726.974  2311.29 2554.32  0 0 0 0 0 0 0 0  2.37407 2.37407 2.37407 3.45755 3.45755 3.45755 2.37407 0.00570992  10.987 10.987 10.987 27.4671 27.4671 27.4671 10.987 0.0509926  10.7999 10.7999 10.7999 31.8711 31.8711 31.8711 10.8 1.47629  0 0 0 0 0 0 0 0 363.396
1 1976 TIME 1 1326.09 1326.09 361.595 1436.31  361.595  601.924 724.163  2306.68 2548.57  0 0 0 0 0 0 0 0  5.1074 5.1074 5.1074 7.44243 7.44243 7.44243 5.1074 0.0123648  10.5801 10.5801 10.5801 26.4795 26.4795 26.4795 10.5801 0.0493042  10.4999 10.4999 10.4999 31.0258 31.0258 31.0258 10.5 1.44057  0 0 0 0 0 0 0 0 361.595
1 1977 TIME 1 1320.83 1320.83 359.579 1435.37  359.579  599.624 721.211  2302.17 2542.94  0 0 0 0 0 0 0 0  4.29935 4.29935 4.29935 6.26902 6.26902 6.26902 4.29936 0.0104706  10.4784 10.4784 10.4784 26.2534 26.2534 26.2534 10.4784 0.0489919  10.2999 10.2999 10.2999 30.4714 30.4714 30.4714 10.3 1.41734  0 0 0 0 0 0 0 0 359.579
1 1978 TIME 1 1317.53 1317.53 358.327 1434.79  358.327  598.213 719.318  2299.48 2539.44  0 0 0 0 0 0 0 0  10.7225 10.7225 10.7225 15.6469 15.6469 15.6469 10.7225 0.0263242  11.394 11.394 11.394 28.5813 28.5813 28.5813 11.394 0.0535431  11.1998 11.1998 11.1998 33.1766 33.1766 33.1766 11.2 1.54844  0 0 0 0 0 0 0 0 358.327
1 1979 TIME 1 1308.64 1308.64 355.018 1433.22  355.018  594.265 714.377  2291.31 2529.51  0 0 0 0 0 0 0 0  7.64055 7.64055 7.64055 11.1593 11.1593 11.1593 7.64055 0.0189317  11.8009 11.8009 11.8009 29.6456 29.6456 29.6456 11.8009 0.0557757  11.5998 11.5998 11.5998 34.4191 34.4191 34.4191 11.6 1.61222  0 0 0 0 0 0 0 0 355.018
1 1980 TIME 1 1302.85 1302.85 352.967 1285.59  352.967  591.748 711.101  2212.62 2449.48  0 0 0 0 0 0 0 0  5.23191 5.23191 5.23191 7.64574 7.64574 7.64574 5.23191 0.0130771  21.1602 21.1602 21.1602 53.2004 53.2004 53.2004 21.1602 0.100682  10.1999 10.1999 10.1999 30.2916 30.2916 30.2916 10.2 1.42679  0 0 0 0 0 0 0 0 352.967
1 1981 TIME 1 1268.86 1268.86 349.579 1434.79  349.579  575.927 692.934  2226.25 2458.55  0 0 0 0 0 0 0 0  7.74696 7.74696 7.74696 11.3067 11.3067 11.3067 7.74696 0.0195943  6.61257 6.61257 6.61257 16.4233 16.4233 16.4233 6.61257 0.0323891  18.5997 18.5997 18.5997 54.314 54.314 54.314 18.6 2.69436  0 0 0 0 0 0 0 0 349.579
1 1982 TIME 1 1264.52 1264.52 343.221 990.954  343.221  574.2 690.323  2017.34 2247.37  0 0 0 0 0 0 0 0  5.30331 5.30331 5.30331 7.73905 7.73905 7.73905 5.30331 0.0134989  4.67966 4.67966 4.67966 11.7667 11.7667 11.7667 4.67967 0.0227859  9.79986 9.79986 9.79986 29.1627 29.1627 29.1627 9.8 1.40121  0 0 0 0 0 0 0 0 343.221
1 1983 TIME 1 1204.44 1204.44 343.932 2046.36  343.932  545.561 658.874  2412 2636.66  0 0 0 0 0 0 0 0  3.86032 3.86032 3.86032 5.60772 5.60772 5.60772 3.86032 0.00995867  15.8702 15.8702 15.8702 38.3219 38.3219 38.3219 15.8702 0.0826346  13.3998 13.3998 13.3998 37.6278 37.6278 37.6278 13.4 2.09053  0 0 0 0 0 0 0 0 343.932
1 1984 TIME 1 1302.19 1302.19 328.987 2111.34  328.987  592.745 709.444  2707.44 2937.29  0 0 0 0 0 0 0 0  3.03954 3.03954 3.03954 4.44579 4.44579 4.44579 3.03954 0.00787249  8.03681 8.03681 8.03681 21.2316 21.2316 21.2316 8.03682 0.0373468  4.49994 4.49994 4.49994 14.3367 14.3367 14.3367 4.5 0.598041  0 0 0 0 0 0 0 0 328.987
1 1985 TIME 1 1433.55 1433.55 346.453 3221.49  346.453  655.15 778.399  3484.27 3730.44  0 0 0 0 0 0 0 0  1.82963 1.82963 1.82963 2.71507 2.71507 2.71507 1.82963 0.00458877  3.25542 3.25542 3.25542 8.77159 8.77159 8.77159 3.25542 0.0136498  8.5999 8.5999 8.5999 27.7795 27.7795 27.7795 8.6 1.02868  0 0 0 0 0 0 0 0 346.453
1 1986 TIME 1 1735.11 1735.11 379.698 1853.66  379.698  798.047 937.066  3342.58 3624.2  0 0 0 0 0 0 0 0  3.42956 3.42956 3.42956 5.20948 5.20948 5.20948 3.42956 0.00793665  5.29005 5.29005 5.29005 15.0184 15.0184 15.0184 5.29006 0.0180299  11.5999 11.5999 11.5999 39.805 39.805 39.805 11.6 1.10153  0 0 0 0 0 0 0 0 379.698
1 1987 TIME 1 1789.8 1789.8 447.649 1890.1  447.649  822.195 967.604  3253.79 3555.8  0 0 0 0 0 0 0 0  3.57743 3.57743 3.57743 5.45778 5.45778 5.45778 3.57743 0.00753437  21.1602 21.1602 21.1602 55.7631 55.7631 55.7631 21.1602 0.0720821  13.4999 13.4999 13.4999 41.7217 41.7217 41.7217 13.5 1.34116  0 0 0 0 0 0 0 0 447.649
1 1988 TIME 1 1799.91 1799.91 480.274 1506.25  480.274  824.976 974.936  2983.56 3294.4  0.083776 0.083776 0.083776 0.121693 0.121693 0.121693 0.083776 0.000185968  2.21104 2.21104 2.21104 3.34116 3.34116 3.34116 2.21104 0.00429894  11.6992 11.6992 11.6992 29.8779 29.8779 29.8779 11.6992 0.0397826  6.89993 6.89993 6.89993 20.6613 20.6613 20.6613 6.9 0.690757  0 0 0 0 0 0 0 0 480.274
1 1989 TIME 1 1748.32 1748.32 496.889 730.9  496.889  798.104 950.213  2426.26 2738.67  0.0799895 0.0799895 0.0799895 0.114778 0.114778 0.114778 0.0799895 0.000166888  3.2611 3.2611 3.2611 4.84739 4.84739 4.84739 3.2611 0.00601845  1.42425 1.42425 1.42425 3.48927 3.48927 3.48927 1.42425 0.00503281  7.39992 7.39992 7.39992 21.0736 21.0736 21.0736 7.4 0.781682  0 0 0 0 0 0 0 0 496.889
1 1990 TIME 1 1570.46 1570.46 492.69 722.363  492.69  711.445 859.015  2042.61 2341.04  0.00331317 0.00331317 0.00331317 0.00467801 0.00467801 0.00467801 0.00331317 6.80095e-006  2.94024 2.94024 2.94024 4.27232 4.27232 4.27232 2.94024 0.0053906  6.30737 6.30737 6.30737 14.2008 14.2008 14.2008 6.30738 0.0254352  8.1999 8.1999 8.1999 20.8146 20.8146 20.8146 8.2 1.02179  0 0 0 0 0 0 0 0 492.69
1 1991 TIME 1 1387.94 1387.94 453.09 753.754  453.09  623.905 764.04  1787.1 2062.65  0.0231922 0.0231922 0.0231922 0.0321824 0.0321824 0.0321824 0.0231922 4.94473e-005  1.99104 1.99104 1.99104 2.82655 2.82655 2.82655 1.99104 0.00381739  8.74894 8.74894 8.74894 18.9727 18.9727 18.9727 8.74894 0.0403766  11.3998 11.3998 11.3998 27.9424 27.9424 27.9424 11.4 1.63394  0 0 0 0 0 0 0 0 453.09
1 1992 TIME 1 1225.3 1225.3 399.169 983.999  399.169  547.307 677.989  1720.14 1970.16  0.0165659 0.0165659 0.0165659 0.0226534 0.0226534 0.0226534 0.0165659 3.85609e-005  3.40555 3.40555 3.40555 4.74553 4.74553 4.74553 3.40555 0.00714125  11.0888 11.0888 11.0888 23.9577 23.9577 23.9577 11.0888 0.0582361  14.4998 14.4998 14.4998 35.8466 35.8466 35.8466 14.5 2.35138  0 0 0 0 0 0 0 0 399.169
1 1993 TIME 1 1120.83 1120.83 345.252 714.822  345.252  499.668 621.162  1533.33 1761.32  0.0866144 0.0866144 0.0866144 0.117557 0.117557 0.117557 0.0866159 0.000227487  4.02553 4.02553 4.02553 5.56381 5.56381 5.56381 4.0256 0.00948511  9.96953 9.96953 9.96953 22.5475 22.5475 22.5475 9.96972 0.0568377  21.3373 21.3373 21.3373 56.6025 56.6025 56.6025 21.3 3.67662  0 0 0 0 0 0 0 0 345.252
1 1994 TIME 1 994.254 994.254 304.794 1203.9  304.794  442.146 552.108  1639.78 1844.61  0.188851 0.188851 0.188851 0.256 0.256 0.256 0.188851 0.000560341  5.00097 5.00097 5.00097 6.90024 6.90024 6.90024 5.00097 0.0132421  5.08659 5.08659 5.08659 11.4387 11.4387 11.4387 5.08659 0.0324436  4.8999 4.8999 4.8999 12.7905 12.7905 12.7905 4.9 0.950358  0 0 0 0 0 0 0 0 304.794
1 1995 TIME 1 990.02 990.02 275.307 706.819  275.307  442.421 547.599  1485.69 1681.4  0.0383382 0.0383382 0.0383382 0.052291 0.052291 0.052291 0.0383382 0.0001254  3.65474 3.65474 3.65474 5.09321 5.09321 5.09321 3.65474 0.0105869  2.54329 2.54329 2.54329 6.20869 6.20869 6.20869 2.5433 0.0159089  5.5999 5.5999 5.5999 16.3518 16.3518 16.3518 5.6 1.02877  0 0 0 0 0 0 0 0 275.307
1 1996 TIME 1 924.573 924.573 266.379 869.224  266.379  413.154 511.419  1460.64 1645.64  0.689613 0.689613 0.689613 0.947973 0.947973 0.947973 0.689614 0.00243318  3.62674 3.62674 3.62674 5.09892 5.09892 5.09892 3.62674 0.0112932  4.78139 4.78139 4.78139 11.271 11.271 11.271 4.7814 0.0324574  7.09986 7.09986 7.09986 19.4747 19.4747 19.4747 7.1 1.44973  0 0 0 0 0 0 0 0 266.379
1 1997 TIME 1 888.619 888.619 252.217 1536.4  252.217  397.87 490.749  1773.38 1948.94  11.0305 11.0305 11.0305 15.2567 15.2567 15.2567 11.0305 0.0417886  5.27356 5.27356 5.27356 7.47088 7.47088 7.47088 5.27357 0.0176261  7.22296 7.22296 7.22296 17.3656 17.3656 17.3656 7.22296 0.0511503  7.79984 7.79984 7.79984 22.0651 22.0651 22.0651 7.8 1.64499  0 0 0 0 0 0 0 0 252.217
1 1998 TIME 1 958.266 958.266 237.025 1077.71  237.025  433.057 525.209  1752.68 1928.61  10.26 10.26 10.26 14.3561 14.3561 14.3561 10.26 0.0409011  3.43656 3.43656 3.43656 4.96296 4.96296 4.96296 3.43656 0.0120082  1.72944 1.72944 1.72944 4.58986 4.58986 4.58986 1.72944 0.0109346  3.09994 3.09994 3.09994 9.95073 9.95073 9.95073 3.1 0.558301  0 0 0 0 0 0 0 0 237.025
1 1999 TIME 1 974.021 974.021 249.358 1056.17  249.358  441.534 532.487  1738.05 1916.22  25.6908 25.6908 25.6908 36.4484 36.4484 36.4484 25.6908 0.104537  5.64159 5.64159 5.64159 8.28925 8.28925 8.28925 5.64159 0.0200362  3.66234 3.66234 3.66234 9.48085 9.48085 9.48085 3.66235 0.0231936  4.09992 4.09992 4.09992 12.5508 12.5508 12.5508 4.1 0.756401  0 0 0 0 0 0 0 0 249.358
1 2000 TIME 1 966.428 966.428 253.796 3112.97  253.796  438.77 527.658  2743.74 2920.48  20.2582 20.2582 20.2582 28.9694 28.9694 28.9694 20.2582 0.0827525  5.01952 5.01952 5.01952 7.43873 7.43873 7.43873 5.01952 0.0179314  2.64503 2.64503 2.64503 6.76281 6.76281 6.76281 2.64503 0.0169862  13.3997 13.3997 13.3997 40.3757 40.3757 40.3757 13.4 2.52284  0 0 0 0 0 0 0 0 253.796
1 2001 TIME 1 1285.79 1285.79 254.025 2273.95  254.025  591.613 694.18  3019.32 3224.41  30.1707 30.1707 30.1707 43.9833 43.9833 43.9833 30.1707 0.119366  3.58617 3.58617 3.58617 5.49523 5.49523 5.49523 3.58617 0.0122271  6.7143 6.7143 6.7143 20.0264 20.0264 20.0264 6.7143 0.0307959  17.4998 17.4998 17.4998 63.8635 63.8635 63.8635 17.5 2.17135  0 0 0 0 0 0 0 0 254.025
1 2002 TIME 1 1451.49 1451.49 308.924 1372.24  308.924  670.129 781.36  2740.96 2972.71  55.8151 55.8151 55.8151 83.1781 83.1781 83.1781 55.8152 0.204578  4.10974 4.10974 4.10974 6.46153 6.46153 6.46153 4.10974 0.0128572  16.4806 16.4806 16.4806 47.2651 47.2651 47.2651 16.4806 0.068768  23.6997 23.6997 23.6997 81.1627 81.1627 81.1627 23.7 2.77068  0 0 0 0 0 0 0 0 308.924
1 2003 TIME 1 1410.41 1410.41 353.288 1086.28  353.288  649.443 760.969  2370.88 2608.44  20.9658 20.9658 20.9658 31.2668 31.2668 31.2668 20.9658 0.0686486  4.08409 4.08409 4.08409 6.38636 6.38636 6.38636 4.08409 0.0115462  22.7879 22.7879 22.7879 60.1376 60.1376 60.1376 22.7879 0.0994863  13.6998 13.6998 13.6998 42.1333 42.1333 42.1333 13.7 1.75214  0 0 0 0 0 0 0 0 353.288
1 2004 TIME 1 1332.12 1332.12 373.032 808.793  373.032  610.34 721.781  2004.41 2239.56  24.2903 24.2903 24.2903 35.6005 35.6005 35.6005 24.2903 0.0718397  3.76522 3.76522 3.76522 5.44642 5.44642 5.44642 3.76522 0.0115258  0.712123 0.712123 0.712123 1.7669 1.7669 1.7669 0.712123 0.00331767  5.88599 5.88599 5.88599 16.8733 16.8733 16.8733 5.88607 0.820775  0 0 0 0 0 0 0 0 373.032
1 2005 TIME 1 1226.53 1226.53 370.208 944.928  370.208  558.1 668.428  1847.71 2075.58  21.8376 21.8376 21.8376 31.3209 31.3209 31.3209 21.8376 0.0617665  3.89841 3.89841 3.89841 5.50735 5.50735 5.50735 3.89841 0.0113794  2.03464 2.03464 2.03464 4.77703 4.77703 4.77703 2.03464 0.010448  3.75485 3.75485 3.75485 10.0919 10.0919 10.0919 3.75491 0.586919  0 0 0 0 0 0 0 0 370.208
1 2006 TIME 1 1145.47 1145.47 346.168 431.877  346.168  518.475 626.997  1485.1 1703.17  15.144 15.144 15.144 21.3339 21.3339 21.3339 15.144 0.0434618  2.67168 2.67168 2.67168 3.69771 3.69771 3.69771 2.67168 0.00786205  5.69698 5.69698 5.69698 13.3456 13.3456 13.3456 5.69698 0.0313767  7.61117 7.61117 7.61117 20.7058 20.7058 20.7058 7.6113 1.26622  0 0 0 0 0 0 0 0 346.168
1 2007 TIME 1 989.861 989.861 318.884 1494.67  318.884  444.369 545.492  1760.92 1959.89  19.1274 19.1274 19.1274 26.5508 26.5508 26.5508 19.1274 0.05851  2.9028 2.9028 2.9028 3.94669 3.94669 3.94669 2.9028 0.00904033  5.69698 5.69698 5.69698 12.4507 12.4507 12.4507 5.69698 0.0371124  7.50966 7.50966 7.50966 18.4866 18.4866 18.4866 7.50982 1.51914  0 0 0 0 0 0 0 0 318.884
1 2008 TIME 1 1017 1017 277.732 1827.47  277.732  458.394 558.604  2119.12 2311.81  22.912 22.912 22.912 31.6909 31.6909 31.6909 22.912 0.0768092  3.47986 3.47986 3.47986 4.7073 4.7073 4.7073 3.47986 0.011794  5.69698 5.69698 5.69698 14.3613 14.3613 14.3613 5.69698 0.0347859  7.50968 7.50968 7.50968 22.876 22.876 22.876 7.50982 1.32772  0 0 0 0 0 0 0 0 277.732
1 2009 TIME 1 1113.92 1113.92 265.763 3523.82  265.763  505.937 607.982  3212.41 3410.68  21.5039 21.5039 21.5039 30.167 30.167 30.167 21.5039 0.0773168  4.77372 4.77372 4.77372 6.5502 6.5502 6.5502 4.77373 0.0172929  5.49352 5.49352 5.49352 14.9037 14.9037 14.9037 5.49352 0.029904  7.40822 7.40822 7.40822 24.3194 24.3194 24.3194 7.40833 1.13965  0 0 0 0 0 0 0 0 265.763
1 2010 TIME 1 1490.64 1490.64 282.466 1854.81  282.466  686.305 804.333  3139.67 3375.06  19.1322 19.1322 19.1322 27.817 27.817 27.817 19.1322 0.0672391  7.37182 7.37182 7.37182 10.5198 10.5198 10.5198 7.37182 0.0261851  5.49352 5.49352 5.49352 16.5332 16.5332 16.5332 5.49352 0.0214636  7.40825 7.40825 7.40825 27.1968 27.1968 27.1968 7.40833 0.781576  0 0 0 0 0 0 0 0 282.466
1 2011 TIME 1 1586.83 1586.83 362.243 487.367  362.243  731.168 855.659  2402.46 2663  21.7027 21.7027 21.7027 32.2667 32.2667 32.2667 21.7027 0.0676513  5.91383 5.91383 5.91383 8.65497 8.65497 8.65497 5.91383 0.0188317  5.49352 5.49352 5.49352 15.1448 15.1448 15.1448 5.49352 0.0208163  7.40825 7.40825 7.40825 24.0511 24.0511 24.0511 7.40833 0.80532  0 0 0 0 0 0 0 0 362.243
1 2012 TIME 1 1423.57 1423.57 415.182 446.98  415.182  651.178 772.392  1868.59 2125.5  19.8596 19.8596 19.8596 29.2181 29.2181 29.2181 19.8596 0.0546401  6.22487 6.22487 6.22487 9.02188 9.02188 9.02188 6.22488 0.0176562  5.49352 5.49352 5.49352 13.0537 13.0537 13.0537 5.49352 0.0242874  7.30675 7.30675 7.30675 19.3651 19.3651 19.3651 7.30685 0.994593  0 0 0 0 0 0 0 0 415.182
1 2013 TIME 1 1231.85 1231.85 403.169 996.071  403.169  558.01 673.837  1774.46 2012.98  22.8339 22.8339 22.8339 32.6877 32.6877 32.6877 22.8339 0.0600316  8.26251 8.26251 8.26251 11.6376 11.6376 11.6376 8.26251 0.022412  5.39179 5.39179 5.39179 11.7647 11.7647 11.7647 5.39179 0.0282265  7.20525 7.20525 7.20525 17.3829 17.3829 17.3829 7.20536 1.18389  0 0 0 0 0 0 0 0 403.169
1 2014 TIME 1 1131.9 1131.9 354.513 1432.98  354.513  509.964 621.938  1926.36 2148.06  16.0608 16.0608 16.0608 22.4418 22.4418 22.4418 16.0609 0.0438764  4.75163 4.75163 4.75163 6.51774 6.51774 6.51774 4.75163 0.0133015  5.39179 5.39179 5.39179 12.3184 12.3184 12.3184 5.39179 0.0302621  7.20524 7.20524 7.20524 19.194 19.194 19.194 7.20536 1.22556  0 0 0 0 0 0 0 0 354.513
1 2015 FORE 1 1131.28 1131.28 315.975 1412.6  315.975  510.303 620.981  2027.28 2241.97  113.596 113.596 113.596 157.709 157.709 157.709  _ 0.378024  33.9002 33.9002 33.9002 46.1166 46.1166 46.1166  _ 0.114601  42.9857 42.9857 42.9857 107.576 107.576 107.576  _ 0.260728  59.7341 59.7341 59.7341 179.306 179.306 179.306  _ 10.559  0 0 0 0 0 0  _ 0 315.975
1 2016 FORE 1 967.528 967.528 238.775 1355.27  238.775  438.026 529.502  1906.66 2084.99  83.6009 83.6009 83.6009 117.984 117.984 117.984  _ 0.378024  25.0279 25.0279 25.0279 34.6109 34.6109 34.6109  _ 0.114601  37.7578 37.7578 37.7578 100.998 100.998 100.998  _ 0.260728  53.5974 53.5974 53.5974 172.36 172.36 172.36  _ 10.559  0 0 0 0 0 0  _ 0 238.775
1 2017 FORE 1 875.068 875.068 201.447 1314.82  201.447  398.764 476.304  1826.15 1980.57  66.8941 66.8941 66.8941 96.8997 96.8997 96.8997  _ 0.378024  19.9366 19.9366 19.9366 28.3648 28.3648 28.3648  _ 0.114601  34.7331 34.7331 34.7331 96.1512 96.1512 96.1512  _ 0.260728  49.7397 49.7397 49.7397 165.106 165.106 165.106  _ 10.559  0 0 0 0 0 0  _ 0 201.447
1 2018 FORE 1 821.501 821.501 183.614 1290.88  183.614  376.563 444.938  1771.96 1911.51  58.4662 58.4662 58.4662 86.5003 86.5003 86.5003  _ 0.378024  17.2824 17.2824 17.2824 25.2054 25.2054 25.2054  _ 0.114601  32.906 32.906 32.906 92.6122 92.6122 92.6122  _ 0.260728  47.3132 47.3132 47.3132 159.425 159.425 159.425  _ 10.559  0 0 0 0 0 0  _ 0 183.614
1 2019 FORE 1 788.565 788.565 174.04 1276.44  174.04  362.937 425.628  1734.75 1865.19  54.1688 54.1688 54.1688 81.1144 81.1144 81.1144  _ 0.378024  15.9015 15.9015 15.9015 23.5471 23.5471 23.5471  _ 0.114601  31.7375 31.7375 31.7375 90.098 90.098 90.098  _ 0.260728  45.7466 45.7466 45.7466 155.426 155.426 155.426  _ 10.559  0 0 0 0 0 0  _ 0 174.04
1 2020 FORE 1 766.937 766.937 167.982 1266.64  167.982  353.867 413.071  1708.53 1833.26  51.7164 51.7164 51.7164 77.9083 77.9083 77.9083  _ 0.378024  15.1184 15.1184 15.1184 22.5673 22.5673 22.5673  _ 0.114601  30.951 30.951 30.951 88.3328 88.3328 88.3328  _ 0.260728  44.696 44.696 44.696 152.681 152.681 152.681  _ 10.559  0 0 0 0 0 0  _ 0 167.982
1 2021 FORE 1 752.004 752.004 163.731 1259.43  163.731  347.498 404.505  1689.66 1810.65  50.1192 50.1192 50.1192 75.7428 75.7428 75.7428  _ 0.378024  14.6198 14.6198 14.6198 21.9168 21.9168 21.9168  _ 0.114601  30.4015 30.4015 30.4015 87.0828 87.0828 87.0828  _ 0.260728  43.9646 43.9646 43.9646 150.76 150.76 150.76  _ 10.559  0 0 0 0 0 0  _ 0 163.731
1 2022 FORE 1 741.396 741.396 160.652 1254.02  160.652  342.917 398.48  1675.92 1794.35  48.9968 48.9968 48.9968 74.1936 74.1936 74.1936  _ 0.378024  14.2769 14.2769 14.2769 21.4579 21.4579 21.4579  _ 0.114601  30.0092 30.0092 30.0092 86.1847 86.1847 86.1847  _ 0.260728  43.4424 43.4424 43.4424 149.381 149.381 149.381  _ 10.559  0 0 0 0 0 0  _ 0 160.652
1 2023 FORE 1 733.752 733.752 158.412 1249.99  158.412  339.589 394.164  1665.87 1782.51  48.1674 48.1674 48.1674 73.0398 73.0398 73.0398  _ 0.37785  14.0267 14.0267 14.0267 21.1188 21.1188 21.1188  _ 0.114549  29.7134 29.7134 29.7134 85.4965 85.4965 85.4965  _ 0.260608  43.0465 43.0465 43.0465 148.313 148.313 148.313  _ 10.5542  0 0 0 0 0 0  _ 0 158.412
1 2024 FORE 1 728.256 728.256 156.8 1247.03  156.8  337.185 391.071  1658.56 1773.94  47.439 47.439 47.439 72.0076 72.0076 72.0076  _ 0.376537  13.8094 13.8094 13.8094 20.817 20.817 20.817  _ 0.114151  29.4162 29.4162 29.4162 84.7542 84.7542 84.7542  _ 0.259703  42.6384 42.6384 42.6384 147.112 147.112 147.112  _ 10.5175  0 0 0 0 0 0  _ 0 156.8
