Area Yr Era Seas Bio_all Bio_smry SpawnBio Recruit_0  SpawnBio_GP:1 SmryBio_SX:1_GP:1 SmryBio_SX:2_GP:1 SmryNum_SX:1_GP:1 SmryNum_SX:2_GP:1 sel(B):_1 dead(B):_1 retain(B):_1 sel(N):_1 dead(N):_1 retain(N):_1 obs_cat:_1 F:_1 sel(B):_2 dead(B):_2 retain(B):_2 sel(N):_2 dead(N):_2 retain(N):_2 obs_cat:_2 F:_2 sel(B):_3 dead(B):_3 retain(B):_3 sel(N):_3 dead(N):_3 retain(N):_3 obs_cat:_3 F:_3 sel(B):_4 dead(B):_4 retain(B):_4 sel(N):_4 dead(N):_4 retain(N):_4 obs_cat:_4 F:_4 sel(B):_5 dead(B):_5 retain(B):_5 sel(N):_5 dead(N):_5 retain(N):_5 obs_cat:_5 F:_5 SSB_vir_LH ABC_buffer
1 1887 VIRG 1 33605.9 32617.3 26443.6 2253.21  26443.6  26948.1 5669.15  4327.88 2897.8 0 0 0 0 0 0 0 0  0 0 0 0 0 0 0 0  0 0 0 0 0 0 0 0  0 0 0 0 0 0 0 0  0 0 0 0 0 0 0 0  26443.6 NA
1 1888 INIT 1 33605.9 32617.3 26443.6 2253.21  26443.6  26948.1 5669.15  4327.88 2897.8  0 0 0 0 0 0 0 0  0 0 0 0 0 0 0 0  0 0 0 0 0 0 0 0  0 0 0 0 0 0 0 0  0 0 0 0 0 0 0 0 26443.6 NA
1 1889 TIME 1 33605.9 32617.3 26443.6 2253.38  26443.6  26948.1 5669.15  4327.88 2897.8  6.68738 6.60821 6.52905 2.50159 2.44238 2.38316 6.52905 0.000407522  14.3925 14.1066 14.0851 4.91446 4.76769 4.75664 14.0851 0.00123082  0 0 0 0 0 0 0 0  0 0 0 0 0 0 0 0  0 0 0 0 0 0 0 0 26443.6 NA
1 1890 TIME 1 33583.9 32595.3 26428.6 2253.08  26428.6  26932.7 5662.61  4324.49 2894.76  13.3748 13.2164 13.0581 5.00352 4.88504 4.76656 13.0581 0.000816098  28.7851 28.2132 28.1701 9.82951 9.53588 9.51378 28.1701 0.00246559  0 0 0 0 0 0 0 0  0 0 0 0 0 0 0 0  0 0 0 0 0 0 0 0 26428.6 NA
1 1891 TIME 1 33540.1 32551.5 26397.7 2252.44  26397.7  26901.2 5650.31  4318.21 2889.24  20.0623 19.8247 19.5872 7.50715 7.32929 7.15142 19.5872 0.00122668  43.1778 42.3198 42.2552 14.7471 14.3063 14.2731 42.2552 0.0037079  0 0 0 0 0 0 0 0  0 0 0 0 0 0 0 0  0 0 0 0 0 0 0 0 26397.7 NA
1 1892 TIME 1 33475 32486.6 26350.6 2251.46  26350.6  26853.5 5633.18  4309.53 2881.78  26.75 26.4331 26.1162 10.014 9.7766 9.53915 26.1162 0.00164011  57.5708 56.4264 56.3403 19.6694 19.0811 19.0368 56.3403 0.00496062  0 0 0 0 0 0 0 0  0 0 0 0 0 0 0 0  0 0 0 0 0 0 0 0 26350.6 NA
1 1893 TIME 1 33389.4 32401.5 26287.4 2250.13  26287.4  26789.6 5611.89  4298.69 2872.64  23.1993 22.9242 22.6491 8.69054 8.4843 8.27806 22.6491 0.00142623  49.9286 48.9355 48.8608 17.0663 16.5555 16.517 48.8608 0.00431595  0 0 0 0 0 0 0 0  0 0 0 0 0 0 0 0  0 0 0 0 0 0 0 0 26287.4 NA
1 1894 TIME 1 33318.1 32330.6 26231.5 2248.95  26231.5  26733.6 5597.08  4291.11 2866.72  19.6483 19.4152 19.182 7.36551 7.19062 7.01572 19.182 0.00121023  42.2861 41.4446 41.3813 14.4606 14.0275 13.9949 41.3813 0.00366294  0 0 0 0 0 0 0 0  0 0 0 0 0 0 0 0  0 0 0 0 0 0 0 0 26231.5 NA
1 1895 TIME 1 33262.1 32275.1 26185 2247.98  26185  26687.1 5588.03  4286.23 2863.36  16.0972 15.9061 15.7149 6.03785 5.89444 5.75102 15.7149 0.000992669  34.6433 33.9537 33.9017 11.8509 11.4959 11.4692 33.9017 0.00300397  0 0 0 0 0 0 0 0  0 0 0 0 0 0 0 0  0 0 0 0 0 0 0 0 26185 NA
1 1896 TIME 1 33221.7 32235.2 26149.2 2247.23  26149.2  26651.3 5583.84  4283.53 2861.98  16.358 16.1637 15.9693 6.13809 5.99228 5.84648 15.9693 0.00100953  35.2042 34.5033 34.4505 12.0445 11.6837 11.6566 34.4505 0.00305392  0 0 0 0 0 0 0 0  0 0 0 0 0 0 0 0  0 0 0 0 0 0 0 0 26149.2 NA
1 1897 TIME 1 33184.3 32198.2 26116.1 2246.54  26116.1  26618.1 5580.04  4280.78 2860.47  16.6187 16.4212 16.2237 6.23756 6.08939 5.94122 16.2237 0.00102633  35.765 35.0529 34.9993 12.2367 11.8701 11.8425 34.9993 0.00310365  0 0 0 0 0 0 0 0  0 0 0 0 0 0 0 0  0 0 0 0 0 0 0 0 26116.1 NA
1 1898 TIME 1 33149.5 32163.7 26085.5 2245.91  26085.5  26587.3 5576.42  4278.04 2858.9  16.8794 16.6787 16.4781 6.33664 6.18611 6.03557 16.4781 0.00104311  36.3258 35.6025 35.548 12.4282 12.0559 12.0279 35.548 0.00315348  0 0 0 0 0 0 0 0  0 0 0 0 0 0 0 0  0 0 0 0 0 0 0 0 26085.5 NA
1 1899 TIME 1 33117 32131.6 26057.1 2245.33  26057.1  26558.6 5572.9  4275.36 2857.33  17.14 16.9362 16.7325 6.43553 6.28263 6.12974 16.7325 0.00105988  36.8865 36.1521 36.0968 12.6197 12.2417 12.2132 36.0968 0.00320354  0 0 0 0 0 0 0 0  0 0 0 0 0 0 0 0  0 0 0 0 0 0 0 0 26057.1 NA
1 1900 TIME 1 33086.6 32101.4 26030.5 2244.79  26030.5  26531.9 5569.46  4272.76 2855.78  20.4986 20.2549 20.0111 7.69759 7.5147 7.3318 20.0111 0.0012686  44.1142 43.2359 43.1698 15.0923 14.6402 14.6062 43.1698 0.00383407  0 0 0 0 0 0 0 0  0 0 0 0 0 0 0 0  0 0 0 0 0 0 0 0 26030.5 NA
1 1901 TIME 1 33047.7 32062.8 25998.7 2244.13  25998.7  26499.7 5563.06  4268.66 2852.85  23.8572 23.5735 23.2898 8.96032 8.74737 8.53442 23.2898 0.00147823  51.342 50.3198 50.2429 17.5658 17.0395 16.9999 50.2429 0.00446792  0 0 0 0 0 0 0 0  0 0 0 0 0 0 0 0  0 0 0 0 0 0 0 0 25998.7 NA
1 1902 TIME 1 33000.2 32015.6 25961 2243.35  25961  26461.5 5554.07  4263.3 2848.8  27.2159 26.8922 26.5684 10.2243 9.98124 9.73816 26.5684 0.00168896  58.57 57.4037 57.3159 20.041 19.4404 19.3952 57.3159 0.00510578  0 0 0 0 0 0 0 0  0 0 0 0 0 0 0 0  0 0 0 0 0 0 0 0 25961 NA
1 1903 TIME 1 32944.2 31959.9 25916.9 2242.44  25916.9  26417 5542.88  4256.88 2843.87  30.5748 30.2109 29.8471 11.49 11.2167 10.9434 29.8471 0.00190095  65.7981 64.4876 64.3889 22.5186 21.8435 21.7927 64.3889 0.00574808  0 0 0 0 0 0 0 0  0 0 0 0 0 0 0 0  0 0 0 0 0 0 0 0 25916.9 NA
1 1904 TIME 1 32879.8 31895.9 25866.5 2241.38  25866.5  26366 5529.84  4249.54 2838.21  33.9338 33.5298 33.1258 12.7578 12.4542 12.1506 33.1258 0.00211431  73.0264 71.5714 71.4619 24.9988 24.249 24.1926 71.4619 0.00639505  0 0 0 0 0 0 0 0  0 0 0 0 0 0 0 0  0 0 0 0 0 0 0 0 25866.5 NA
1 1905 TIME 1 32807.5 31824 25809.7 2240.19  25809.7  26308.8 5515.24  4241.38 2831.92  30.2861 29.9253 29.5645 11.3925 11.1212 10.85 29.5645 0.00189065  65.1759 63.8769 63.7792 22.3184 21.6487 21.5983 63.7792 0.00571955  0 0 0 0 0 0 0 0  0 0 0 0 0 0 0 0  0 0 0 0 0 0 0 0 25809.7 NA
1 1906 TIME 1 32750.6 31767.6 25762.5 2239.2  25762.5  26261.5 5506.13  4236.05 2828.28  26.6382 26.3207 26.0032 10.0255 9.78666 9.54786 26.0032 0.00166493  57.3253 56.1824 56.0964 19.6355 19.0461 19.0017 56.0964 0.00503634  0 0 0 0 0 0 0 0  0 0 0 0 0 0 0 0  0 0 0 0 0 0 0 0 25762.5 NA
1 1907 TIME 1 32709.6 31727 25726.1 2238.46  25726.1  26225.2 5501.89  4233.1 2826.78  22.9902 22.716 22.4418 8.65581 8.44963 8.24344 22.4418 0.00143771  49.4745 48.4879 48.4136 16.9491 16.4403 16.402 48.4136 0.00434772  0 0 0 0 0 0 0 0  0 0 0 0 0 0 0 0  0 0 0 0 0 0 0 0 25726.1 NA
1 1908 TIME 1 32684.4 31702.2 25701.2 2237.98  25701.2  26200.4 5501.79  4232.14 2826.96  19.342 19.1113 18.8805 7.28388 7.1104 6.93692 18.8805 0.00120953  41.6234 40.7933 40.7309 14.2597 13.8317 13.7995 40.7309 0.00365602  0 0 0 0 0 0 0 0  0 0 0 0 0 0 0 0  0 0 0 0 0 0 0 0 25701.2 NA
1 1909 TIME 1 32674.5 31692.6 25688.1 2237.75  25688.1  26187.4 5505.18  4232.9 2828.53  26.1423 25.8305 25.5186 9.84503 9.61059 9.37614 25.5186 0.00163505  56.2572 55.1355 55.0511 19.2709 18.6926 18.6491 55.0511 0.00494036  0 0 0 0 0 0 0 0  0 0 0 0 0 0 0 0  0 0 0 0 0 0 0 0 25688.1 NA
1 1910 TIME 1 32645.1 31663.4 25663.2 2237.28  25663.2  26162 5501.37  4229.87 2826.54  32.9427 32.5497 32.1567 12.4062 12.1108 11.8153 32.1567 0.00206262  70.891 69.4778 69.3714 24.2813 23.5527 23.4978 69.3714 0.00623199  0 0 0 0 0 0 0 0  0 0 0 0 0 0 0 0  0 0 0 0 0 0 0 0 25663.2 NA
1 1911 TIME 1 32595.5 31613.9 25624.7 2236.5  25624.7  26122.8 5491.13  4223.66 2821.69  39.7431 39.269 38.7948 14.9699 14.6132 14.2565 38.7948 0.00249327  85.525 83.82 83.6916 29.2948 28.4154 28.3492 83.6916 0.0075353  0 0 0 0 0 0 0 0  0 0 0 0 0 0 0 0  0 0 0 0 0 0 0 0 25624.7 NA
1 1912 TIME 1 32525.6 31544.4 25571.7 2235.4  25571.7  26069 5475.43  4214.85 2814.61  46.544 45.9884 45.4328 17.5382 17.12 16.7018 45.4328 0.00292789  100.16 98.1622 98.0119 34.3154 33.2847 33.2071 98.0119 0.00885343  0 0 0 0 0 0 0 0  0 0 0 0 0 0 0 0  0 0 0 0 0 0 0 0 25571.7 NA
1 1913 TIME 1 32435.9 31455.2 25503.6 2233.97  25503.6  26000.1 5455.1  4203.75 2805.68  53.3452 52.7081 52.0709 20.113 19.633 19.1529 52.0709 0.0033672  114.795 112.505 112.332 39.3454 38.1627 38.0736 112.332 0.0101884  0 0 0 0 0 0 0 0  0 0 0 0 0 0 0 0  0 0 0 0 0 0 0 0 25503.6 NA
1 1914 TIME 1 32327.2 31347 25420.5 2232.2  25420.5  25916.2 5430.85  4190.63 2795.18  60.1471 59.428 58.709 22.6955 22.1533 21.6111 58.709 0.00381181  129.431 126.847 126.652 44.3857 43.0502 42.9497 126.652 0.0115415  0 0 0 0 0 0 0 0  0 0 0 0 0 0 0 0  0 0 0 0 0 0 0 0 25420.5 NA
1 1915 TIME 1 32200.3 31220.8 25322.8 2230.11  25322.8  25817.6 5403.28  4175.68 2783.36  66.9496 66.1483 65.3471 25.2869 24.6821 24.0772 65.3471 0.00426227  144.068 141.189 140.973 49.4364 47.9474 47.8353 140.973 0.0129139  0 0 0 0 0 0 0 0  0 0 0 0 0 0 0 0  0 0 0 0 0 0 0 0 25322.8 NA
1 1916 TIME 1 32056.3 31077.7 25211.1 2227.69  25211.1  25704.8 5372.89  4159.08 2770.38  80.0022 79.0435 78.0848 30.2504 29.5258 28.8012 78.0848 0.00512113  172.153 168.711 168.452 59.1148 57.3322 57.198 168.452 0.0155271  0 0 0 0 0 0 0 0  0 0 0 0 0 0 0 0  0 0 0 0 0 0 0 0 25211.1 NA
1 1917 TIME 1 31875.6 30898.1 25071.9 2224.64  25071.9  25564.1 5334.01  4137.77 2753.56  93.0562 91.9394 90.8226 35.2334 34.3879 33.5425 90.8226 0.00599703  200.24 196.233 195.931 68.8151 66.7369 66.5805 195.931 0.0181985  0 0 0 0 0 0 0 0  0 0 0 0 0 0 0 0  0 0 0 0 0 0 0 0 25071.9 NA
1 1918 TIME 1 31659.5 30683.2 24905 2220.93  24905  25395.5 5287.7  4112.32 2733.52  106.112 104.836 103.56 40.2422 39.2747 38.3071 103.56 0.00689282  228.329 223.754 223.41 78.5447 76.1686 75.9898 223.41 0.0209378  0 0 0 0 0 0 0 0  0 0 0 0 0 0 0 0  0 0 0 0 0 0 0 0 24905 NA
1 1919 TIME 1 31409.4 30434.6 24711 2216.55  24711  25199.5 5235.04  4083.24 2710.83  123.148 121.664 120.18 46.7931 45.6654 44.5376 120.18 0.00807413  264.979 259.663 259.263 91.2574 88.4913 88.283 259.263 0.0245543  0 0 0 0 0 0 0 0  0 0 0 0 0 0 0 0  0 0 0 0 0 0 0 0 24711 NA
1 1920 TIME 1 31113.8 30140.9 24481.6 2211.29  24481.6  24967.9 5173.06  4048.8 2684.04  79.7099 78.7466 77.7834 30.3635 29.6302 28.8969 77.7834 0.0052605  171.508 168.061 167.801 59.1496 57.3535 57.2183 167.801 0.0160032  0 0 0 0 0 0 0 0  0 0 0 0 0 0 0 0  0 0 0 0 0 0 0 0 24481.6 NA
1 1921 TIME 1 30973.7 30002.4 24353.4 2208.39  24353.4  24841.1 5161.34  4040.84 2681.19  49.3581 48.7602 48.1624 18.838 18.383 17.928 48.1624 0.00325885  106.198 104.061 103.9 36.6594 35.5459 35.4621 103.9 0.00989894  0 0 0 0 0 0 0 0  0 0 0 0 0 0 0 0  0 0 0 0 0 0 0 0 24353.4 NA
1 1922 TIME 1 30947.7 29978.3 24307 2207.45  24307  24796.9 5181.33  4048.69 2691.91  65.812 65.0142 64.2165 25.1318 24.5255 23.9191 64.2165 0.00434143  141.597 138.748 138.534 48.8763 47.3931 47.2815 138.534 0.0131588  0 0 0 0 0 0 0 0  0 0 0 0 0 0 0 0  0 0 0 0 0 0 0 0 24307 NA
1 1923 TIME 1 30880.2 29911.9 24240.2 2206.02  24240.2  24729.2 5182.69  4045.34 2691.92  54.1096 53.4537 52.7977 20.6648 20.1666 19.6684 52.7977 0.00356783  116.417 114.076 113.9 40.1632 38.9457 38.8541 113.9 0.0107941  0 0 0 0 0 0 0 0  0 0 0 0 0 0 0 0  0 0 0 0 0 0 0 0 24240.2 NA
1 1924 TIME 1 30860.1 29892.2 24209.4 2205.47  24209.4  24698.1 5194.07  4047.63 2696.38  46.3463 45.7846 45.2229 17.697 17.2707 16.8444 45.2229 0.00305058  99.7125 97.7097 97.5589 34.3759 33.3349 33.2566 97.5589 0.00921424  0 0 0 0 0 0 0 0  0 0 0 0 0 0 0 0  0 0 0 0 0 0 0 0 24209.4 NA
1 1925 TIME 1 30872.9 29905.5 24205.5 2205.58  24205.5  24694.6 5210.87  4053.38 2703.34  79.135 78.1765 77.2181 30.1997 29.4727 28.7457 77.2181 0.00521009  170.256 166.839 166.582 58.6511 56.8763 56.7427 166.582 0.015726  0 0 0 0 0 0 0 0  0 0 0 0 0 0 0 0  0 0 0 0 0 0 0 0 24205.5 NA
1 1926 TIME 1 30783.2 29816.1 24136.3 2204.13  24136.3  24623.1 5193.02  4040.87 2693.74  74.7318 73.8269 72.9219 28.5171 27.8303 27.1434 72.9219 0.00493238  160.782 157.557 157.314 55.3722 53.6962 53.57 157.314 0.0148926  0 0 0 0 0 0 0 0  0 0 0 0 0 0 0 0  0 0 0 0 0 0 0 0 24136.3 NA
1 1927 TIME 1 30711.1 29744.1 24077.6 2202.95  24077.6  24563.6 5180.55  4032.29 2687.66  92.8526 91.7279 90.6032 35.4413 34.587 33.7327 90.6033 0.00614891  199.767 195.759 195.458 68.8064 66.7223 66.5655 195.458 0.0185799  0 0 0 0 0 0 0 0  0 0 0 0 0 0 0 0  0 0 0 0 0 0 0 0 24077.6 NA
1 1928 TIME 1 30583.3 29617.1 23980.5 2200.85  23980.5  24465 5152.06  4015.7 2674.63  110.975 109.63 108.285 42.3872 41.364 40.3408 108.285 0.00739138  238.755 233.962 233.602 82.2789 79.7834 79.5956 233.602 0.022364  0 0 0 0 0 0 0 0  0 0 0 0 0 0 0 0  0 0 0 0 0 0 0 0 23980.5 NA
1 1929 TIME 1 30400 29434.6 23842.6 2197.73  23842.6  24325.2 5109.39  3991.76 2655.46  121.857 120.378 118.899 46.6027 45.4754 44.3481 118.899 0.00817696  262.164 256.895 256.499 90.4314 87.6837 87.4769 256.499 0.0247806  0 0 0 0 0 0 0 0  0 0 0 0 0 0 0 0  2.36054 2.36054 2.36054 0.828639 0.828639 0.828639 2.36054 0.000191111 23842.6 NA
1 1930 TIME 1 30183.8 29219.5 23677.7 2193.93  23677.7  24158.5 5060.99  3964.98 2634.35  123.696 122.191 120.687 47.3912 46.2422 45.0932 120.687 0.00836581  266.116 260.76 260.357 91.9107 89.1123 88.9017 260.357 0.0253892  0 0 0 0 0 0 0 0  0 0 0 0 0 0 0 0  4.726 4.726 4.726 1.66126 1.66126 1.66126 4.726 0.000386046 23677.7 NA
1 1931 TIME 1 29966.5 29003.7 23507.4 2189.97  23507.4  23987.1 5016.61  3940.22 2615.61  84.1392 83.1131 82.0871 32.3052 31.5209 30.7366 82.0871 0.00571303  160.983 157.738 157.493 55.6759 53.9784 53.8506 157.493 0.0154223  0 0 0 0 0 0 0 0  0 0 0 0 0 0 0 0  7.08244 7.08244 7.08244 2.49357 2.49357 2.49357 7.08244 0.000580928 23507.4 NA
1 1932 TIME 1 29907.1 28945.6 23442 2188.67  23442  23923.8 5021.82  3941.71 2620.12  81.5912 80.5947 79.5983 31.3653 30.6041 29.8429 79.5983 0.00553719  139.415 136.602 136.39 48.2461 46.7754 46.6647 136.39 0.0133298  0 0 0 0 0 0 0 0  0 0 0 0 0 0 0 0  9.45199 9.45199 9.45199 3.3308 3.3308 3.3308 9.45199 0.000774139 23442 NA
1 1933 TIME 1 29881 28921 23404.6 2188.11  23404.6  23887.3 5033.66  3945.54 2626.12  177.001 174.839 172.678 68.0402 66.3892 64.7383 172.678 0.0120625  270.988 265.523 265.112 93.7516 90.8948 90.6798 265.112 0.0259983  0 0 0 0 0 0 0 0  0 0 0 0 0 0 0 0  11.8125 11.8125 11.8125 4.16195 4.16195 4.16195 11.8125 0.00097106 23404.6 NA
1 1934 TIME 1 29623.9 28665 23214.4 2183.65  23214.4  23691.5 4973.49  3909.35 2596.51  93.1021 91.9637 90.8254 35.8298 34.9594 34.0889 90.8254 0.00637153  128.031 125.449 125.255 44.3028 42.9519 42.8502 125.255 0.0123326  0 0 0 0 0 0 0 0  0 0 0 0 0 0 0 0  14.1813 14.1813 14.1813 4.99861 4.99861 4.99861 14.1813 0.00117061 23214.4 NA
1 1935 TIME 1 29607.1 28648.3 23181.3 2183.25  23181.3  23660.6 4987.65  3915.28 2604.32  120.869 119.39 117.911 46.5475 45.4169 44.2862 117.911 0.00826866  149.57 146.553 146.325 51.7569 50.1791 50.0603 146.325 0.0143865  0 0 0 0 0 0 0 0  0 0 0 0 0 0 0 0  16.5393 16.5393 16.5393 5.83106 5.83106 5.83106 16.5393 0.00136371 23181.3 NA
1 1936 TIME 1 29545.6 28588.5 23123.7 2182.26  23123.7  23603.1 4985.41  3911.79 2603.37  109.472 108.132 106.792 42.167 41.1432 40.1195 106.792 0.00748887  122.044 119.583 119.397 42.2268 40.94 40.8431 119.397 0.0117278  0 0 0 0 0 0 0 0  0 0 0 0 0 0 0 0  18.9089 18.9089 18.9089 6.66634 6.66634 6.66634 18.9089 0.00155797 23123.7 NA
1 1937 TIME 1 29529 28572 23099.3 2182.17  23099.3  23578.6 4993.33  3913.44 2606.53  132.137 130.52 128.903 50.8907 49.6557 48.4207 128.903 0.00904087  132.798 130.121 129.919 45.9304 44.5315 44.4262 129.919 0.0127529  0 0 0 0 0 0 0 0  0 0 0 0 0 0 0 0  29.2908 29.2908 29.2908 10.3231 10.3231 10.3231 29.2908 0.0024123 23099.3 NA
1 1938 TIME 1 29472.1 28515.6 23051 2181.5  23051  23529.1 4986.48  3907.4 2602.49  106.601 105.296 103.991 41.057 40.0607 39.0645 103.991 0.00729358  96.5819 94.6356 94.4891 33.395 32.3782 32.3017 94.4891 0.00926983  0 0 0 0 0 0 0 0  0 0 0 0 0 0 0 0  35.4474 35.4474 35.4474 12.49 12.49 12.49 35.4474 0.00291808 23051 NA
1 1939 TIME 1 29477.4 28520.8 23045.7 2182  23045.7  23524.4 4996.45  3911.19 2606.93  77.8597 76.9069 75.954 29.9874 29.2602 28.5329 75.954 0.00531436  63.5616 62.2811 62.1847 21.9724 21.3037 21.2534 62.1847 0.00608101  0 0 0 0 0 0 0 0  0 0 0 0 0 0 0 0  48.9576 48.9576 48.9576 17.2472 17.2472 17.2472 48.9576 0.00401808 23045.7 NA
1 1940 TIME 1 29537.2 28580.6 23080.7 2183.6  23080.7  23560.9 5019.66  3922.59 2617.7  98.1285 96.9282 95.728 37.7747 36.8594 35.9442 95.728 0.00668027  72.1026 70.6508 70.5415 24.914 24.1564 24.0994 70.5415 0.00687443  0 0 0 0 0 0 0 0  0 0 0 0 0 0 0 0  51.4288 51.4288 51.4288 18.1095 18.1095 18.1095 51.4288 0.00420712 23080.7 NA
1 1941 TIME 1 29567.1 28610.3 23100.1 2184.8  23100.1  23580.1 5030.25  3926.81 2621.59  103.56 102.294 101.028 39.8403 38.8757 37.9111 101.028 0.00703844  68.3724 66.9965 66.893 23.6129 22.8954 22.8414 66.893 0.00650489  0 0 0 0 0 0 0 0  0 0 0 0 0 0 0 0  47.5312 47.5312 47.5312 16.7274 16.7274 16.7274 47.5312 0.00388035 23100.1 NA
1 1942 TIME 1 29600.3 28642.8 23123.5 2186.14  23123.5  23603.2 5039.6  3930.8 2624.96  39.7203 39.235 38.7496 15.2761 14.9065 14.5369 38.7496 0.00268753  23.507 23.0342 22.9986 8.11553 7.86909 7.85054 22.9986 0.00222475  0 0 0 0 0 0 0 0  0 0 0 0 0 0 0 0  25.2523 25.2523 25.2523 8.88382 8.88382 8.88382 25.2523 0.00205113 23123.5 NA
1 1943 TIME 1 29770.9 28812.5 23241.7 2189.95  23241.7  23724.7 5087.75  3956.65 2647.56  89.8508 88.7543 87.6578 34.519 33.6853 32.8515 87.6578 0.00604576  47.5166 46.5615 46.4896 16.3935 15.8963 15.8589 46.4896 0.00446756  0 0 0 0 0 0 0 0  0 0 0 0 0 0 0 0  24.147 24.147 24.147 8.48856 8.48856 8.48856 24.147 0.00194893 23241.7 NA
1 1944 TIME 1 29864.9 28905.8 23314.8 2192.62  23314.8  23797.6 5108.24  3966.76 2655.39  83.3937 82.3774 81.3611 31.9988 31.2268 30.4548 81.3611 0.00559059  39.2505 38.4623 38.4029 13.5309 13.121 13.0901 38.4029 0.00367482  0 0 0 0 0 0 0 0  0 0 0 0 0 0 0 0  19.8249 19.8249 19.8249 6.96275 6.96275 6.96275 19.8249 0.00159351 23314.8 NA
1 1945 TIME 1 29975.1 29014.5 23400.4 2195.68  23400.4  23883.5 5130.99  3978.73 2664.52  86.2114 85.1621 84.1128 33.0447 32.2481 31.4515 84.1128 0.00575898  35.9296 35.2087 35.1545 12.3774 12.0027 11.9745 35.1545 0.0033513  0 0 0 0 0 0 0 0  0 0 0 0 0 0 0 0  26.4354 26.4354 26.4354 9.27668 9.27668 9.27668 26.4354 0.00211691 23400.4 NA
1 1946 TIME 1 30074.7 29112.9 23480.4 2198.69  23480.4  23963.9 5148.98  3989 2671.91  132.673 131.06 129.448 50.799 49.5749 48.3508 129.448 0.00885159  48.6484 47.673 47.5995 16.7493 16.2425 16.2044 47.5995 0.00453388  0 0 0 0 0 0 0 0  0 0 0 0 0 0 0 0  45.5008 45.5008 45.5008 15.9551 15.9551 15.9551 45.5008 0.00364 23480.4 NA
1 1947 TIME 1 30087.2 29124.4 23501.7 2200.32  23501.7  23983.8 5140.53  3985.32 2666.66  196.47 194.085 191.699 75.1661 73.3528 71.5396 191.699 0.0131782  62.8748 61.6147 61.5199 21.6408 20.9855 20.9362 61.5199 0.00590223  0 0 0 0 0 0 0 0  0 0 0 0 0 0 0 0  165.061 165.061 165.061 57.8475 57.8475 57.8475 165.061 0.0132928 23501.7 NA
1 1948 TIME 1 29885.7 28922.3 23374.1 2198.26  23374.1  23851.3 5071.06  3950.07 2633.4  218.724 216.066 213.408 83.7443 81.7176 79.6909 213.408 0.0148264  60.4652 59.2525 59.1612 20.8265 20.1942 20.1466 59.1612 0.00575483  0 0 0 0 0 0 0 0  0 0 0 0 0 0 0 0  179.923 179.923 179.923 63.0916 63.0916 63.0916 179.923 0.0146772 23374.1 NA
1 1949 TIME 1 29644.4 28680.9 23206.8 2195.19  23206.8  23681.3 4999.57  3914.84 2601.61  253.421 250.335 247.249 97.2258 94.864 92.5022 247.249 0.0173799  59.7205 58.5204 58.4301 20.6037 19.9761 19.9289 58.4301 0.00576963  0 0 0 0 0 0 0 0  0 0 0 0 0 0 0 0  196.172 196.172 196.172 68.9008 68.9008 68.9008 196.172 0.016229 23206.8 NA
1 1950 TIME 1 29352.4 28390.2 22994.5 2191  22994.5  23467 4923.17  3876.76 2568.68  421.374 416.229 411.085 162.026 158.075 154.125 411.085 0.0293553  83.1796 81.5043 81.3782 28.7514 27.8725 27.8064 81.3782 0.00818913  0 0 0 0 0 0 0 0  0 0 0 0 0 0 0 0  176.218 176.218 176.218 62.0115 62.0115 62.0115 176.218 0.0148436 22994.5 NA
1 1951 TIME 1 28887.1 27927.3 22654.8 2183.22  22654.8  23120.9 4806.31  3814.01 2515.06  373.733 369.153 364.572 144.213 140.68 137.146 364.572 0.0264845  60.3369 59.1185 59.0268 20.9041 20.2626 20.2143 59.0268 0.00605977  0 0 0 0 0 0 0 0  0 0 0 0 0 0 0 0  182.163 182.163 182.163 64.2686 64.2686 64.2686 182.163 0.015643 22654.8 NA
1 1952 TIME 1 28499.1 27541.3 22353.7 2175.93  22353.7  22818.1 4723.21  3770.11 2480.08  320.148 316.203 312.259 124.085 121.034 117.982 312.259 0.0229462  59.6179 58.4101 58.3192 20.7108 20.073 20.025 58.3192 0.00606345  0 0 0 0 0 0 0 0  0 0 0 0 0 0 0 0  129.621 129.621 129.621 45.878 45.878 45.878 129.621 0.0112702 22353.7 NA
1 1953 TIME 1 28240.6 27285.7 22134.3 2170.81  22134.3  22600.5 4685.24  3749.65 2467.28  154.976 153.057 151.138 60.3204 58.8347 57.349 151.138 0.0111282  32.8668 32.199 32.1487 11.4451 11.0921 11.0655 32.1487 0.00334437  0 0 0 0 0 0 0 0  0 0 0 0 0 0 0 0  95.6162 95.6162 95.6162 33.9463 33.9463 33.9463 95.6162 0.00832219 22134.3 NA
1 1954 TIME 1 28239.5 27286.5 22092.1 2170.65  22092.1  22564.5 4722.02  3769.01 2489.92  177.9 175.692 173.484 69.3713 67.665 65.9587 173.484 0.0127442  42.5345 41.6693 41.6042 14.8237 14.3668 14.3325 41.6042 0.00430428  0 0 0 0 0 0 0 0  0 0 0 0 0 0 0 0  153.975 153.975 153.975 54.7388 54.7388 54.7388 153.975 0.0133415 22092.1 NA
1 1955 TIME 1 28162 27211 22010.6 2168.99  22010.6  22482.7 4728.33  3768.23 2493.57  203.922 201.39 198.858 79.5459 77.5915 75.637 198.858 0.0146235  54.5171 53.409 53.3256 18.9902 18.4057 18.3617 53.3256 0.00550784  0 0 0 0 0 0 0 0  0 0 0 0 0 0 0 0  164.857 164.857 164.857 58.5993 58.5993 58.5993 164.857 0.0142737 22010.6 NA
1 1956 TIME 1 28046.5 27096 21908.5 2166.57  21908.5  22378 4717.99  3757.42 2487.57  221.779 219.025 216.271 86.5281 84.4015 82.275 216.271 0.0159729  60.3609 59.1354 59.0432 21.0085 20.3622 20.3135 59.0432 0.00611684  0 0 0 0 0 0 0 0  0 0 0 0 0 0 0 0  224.758 224.758 224.758 79.8458 79.8458 79.8458 224.758 0.0195279 21908.5 NA
1 1957 TIME 1 27852.8 26903.3 21754.7 2162.9  21754.7  22221 4682.28  3733.94 2470.12  293.145 289.503 285.861 114.44 111.623 108.806 285.861 0.0213124  81.2097 79.5617 79.4376 28.2566 27.3864 27.3209 79.4377 0.00831291  0 0 0 0 0 0 0 0  0 0 0 0 0 0 0 0  259.888 259.888 259.888 92.3095 92.3095 92.3095 259.888 0.022804 21754.7 NA
1 1958 TIME 1 27533.6 26585.9 21513 2156.14  21513  21974.5 4611.39  3691.47 2436.23  356.928 352.487 348.045 139.559 136.112 132.665 348.045 0.0263278  84.1912 82.4816 82.3529 29.3134 28.4083 28.3401 82.3529 0.00876338  0 0 0 0 0 0 0 0  0 0 0 0 0 0 0 0  285.844 285.844 285.844 101.601 101.601 101.601 285.844 0.0254863 21513 NA
1 1959 TIME 1 27125.3 26180 21203.5 2146.4  21203.5  21659.9 4520.1  3638.26 2393.72  305.744 301.925 298.107 119.925 116.952 113.979 298.107 0.0228362  60.3227 59.0952 59.0028 21.0414 20.3895 20.3405 59.0028 0.00637134  0 0 0 0 0 0 0 0  0 0 0 0 0 0 0 0  225.383 225.383 225.383 80.2725 80.2725 80.2725 225.383 0.0203781 21203.5 NA
1 1960 TIME 1 26870.9 25928.4 20990.5 2138.59  20990.5  21447.6 4480.82  3614.8 2378.41  267.921 264.563 261.204 105.423 102.805 100.187 261.204 0.0201215  43.1523 42.272 42.2057 15.082 14.6139 14.5786 42.2057 0.0045834  0 0 0 0 0 0 0 0  0 0 0 0 0 0 0 0  188.358 188.358 188.358 67.2405 67.2405 67.2405 188.358 0.0171254 20990.5 NA
1 1961 TIME 1 26728.9 25790.1 20855.9 2132.73  20855.9  21315 4475.12  3608.78 2378.49  298.622 294.871 291.12 117.702 114.779 111.857 291.12 0.0225052  57.2964 56.1261 56.038 20.0455 19.4232 19.3764 56.038 0.00609876  0 0 0 0 0 0 0 0  0 0 0 0 0 0 0 0  186.033 186.033 186.033 66.496 66.496 66.496 186.033 0.0169571 20855.9 NA
1 1962 TIME 1 26557.2 25621.8 20707.5 2127.07  20707.5  21164.9 4456.88  3593.38 2369.86  210.683 208.033 205.383 83.1429 81.0789 79.0149 205.383 0.0159057  47.2684 46.3026 46.2299 16.542 16.0287 15.99 46.2299 0.00503074  0 0 0 0 0 0 0 0  0 0 0 0 0 0 0 0  181.399 181.399 181.399 64.8796 64.8796 64.8796 181.399 0.0165428 20707.5 NA
1 1963 TIME 1 26505 25571.7 20643.3 2127.88  20643.3  21101.9 4469.79  3595.98 2376.73  206.344 203.747 201.149 81.4694 79.4491 77.4287 201.149 0.0155622  53.3753 52.2851 52.2031 18.6738 18.0949 18.0514 52.2031 0.00566226  0 0 0 0 0 0 0 0  0 0 0 0 0 0 0 0  181.204 181.204 181.204 64.8102 64.8102 64.8102 181.204 0.0164826 20643.3 NA
1 1964 TIME 1 26463 25531.3 20592.7 2135.2  20592.7  21051.2 4480.11  3596.48 2381.11  159.254 157.249 155.244 62.8753 61.3179 59.7605 155.244 0.0119829  45.3474 44.4219 44.3522 15.8557 15.3648 15.3278 44.3522 0.00478947  0 0 0 0 0 0 0 0  0 0 0 0 0 0 0 0  175.859 175.859 175.859 62.8731 62.8731 62.8731 175.859 0.0159352 20592.7 NA
1 1965 TIME 1 26494.3 25561.2 20596.2 2150.67  20596.2  21055.5 4505.72  3605.91 2392.55  134.441 132.75 131.058 53.0659 51.7524 50.4388 131.058 0.0100958  52.0268 50.9659 50.8861 18.178 17.6156 17.5733 50.8861 0.00547641  0 0 0 0 0 0 0 0  0 0 0 0 0 0 0 0  256.856 256.856 256.856 91.7738 91.7738 91.7738 256.856 0.0232041 20596.2 NA
1 1966 TIME 1 26469.7 25532.4 20565.7 2174.68  20565.7  21024 4508.41  3603.88 2393.3  170.406 168.261 166.116 67.2833 65.6155 63.9478 166.116 0.012837  45.637 44.7068 44.6368 15.9408 15.4473 15.4102 44.6368 0.00482115  0 0 0 0 0 0 0 0  0 0 0 0 0 0 0 0  359.089 359.089 359.089 128.269 128.269 128.269 359.089 0.0325507 20565.7 NA
1 1967 TIME 1 26317.3 25372.8 20446.2 2189.34  20446.2  20901.5 4471.33  3581.59 2375.78  159.095 157.087 155.08 62.9616 61.395 59.8284 155.08 0.012058  38.9819 38.1865 38.1266 13.6294 13.2062 13.1744 38.1266 0.00415143  0 0 0 0 0 0 0 0  0 0 0 0 0 0 0 0  379.295 379.295 379.295 135.637 135.637 135.637 379.295 0.0346394 20446.2 NA
1 1968 TIME 1 26176.8 25223.4 20326.2 2147  20326.2  20781.9 4441.5  3566.66 2364.91  158.256 156.25 154.244 62.8842 61.3125 59.7408 154.244 0.0120425  29.7371 29.1287 29.0829 10.42 10.0952 10.0707 29.0829 0.00318614  0 0 0 0 0 0 0 0  0 0 0 0 0 0 0 0  365.997 365.997 365.997 131.209 131.209 131.209 365.997 0.0336075 20326.2 NA
1 1969 TIME 1 26075.1 25122.1 20231.7 2055.12  20231.7  20691.6 4430.51  3564.89 2365.52  214.796 212.063 209.329 85.6295 83.4861 81.3428 209.329 0.0163721  50.4483 49.4133 49.3354 17.7161 17.163 17.1213 49.3354 0.00541854  0 0 0 0 0 0 0 0  0 0 0 0 0 0 0 0  284.717 284.717 284.717 102.318 102.318 102.318 284.717 0.0262017 20231.7 NA
1 1970 TIME 1 25978.8 25050.1 20154.7 1962.83  20154.7  20620.1 4430.04  3567.71 2369.74  513.424 506.908 500.393 204.14 199.051 193.963 500.393 0.0396647  42.0913 41.228 41.163 14.7763 14.3161 14.2814 41.163 0.00458214  0 0 0 0 0 0 0 0  0 0 0 0 0 0 0 0  435.757 435.757 435.757 156.477 156.477 156.477 435.757 0.0406408 20154.7 NA
1 1971 TIME 1 25392.5 24505.7 19767.5 1920.14  19767.5  20218.7 4286.96  3479 2293.51  554.316 547.333 540.349 219.018 213.583 208.149 540.349 0.044224  60.7444 59.5023 59.4088 21.2735 20.613 20.5632 59.4088 0.00683826  0 0 0 0 0 0 0 0  0 0 0 0 0 0 0 0  507.126 507.126 507.126 181.509 181.509 181.509 507.126 0.0488899 19767.5 NA
1 1972 TIME 1 24625.2 23770.4 19247.7 2264.96  19247.7  19676.9 4093.49  3353.04 2188.61  867.256 856.423 845.59 340.309 331.865 323.421 845.59 0.0729805  111.961 109.681 109.51 39.0895 37.8758 37.7844 109.51 0.0133587  0 0 0 0 0 0 0 0  0 0 0 0 0 0 0 0  619.734 619.734 619.734 220.907 220.907 220.907 619.734 0.0632423 19247.7 NA
1 1973 TIME 1 23365.2 22477.2 18331.9 3825.65  18331.9  18723.5 3753.71  3135.75 2010.18  1126.73 1112.61 1098.48 444.4 433.114 421.828 1098.48 0.102414  99.7164 97.6848 97.5319 34.8873 33.7824 33.6993 97.5319 0.0130163  0 0 0 0 0 0 0 0  0 0 0 0 0 0 0 0  616.973 616.973 616.973 220.495 220.495 220.495 616.973 0.0686575 18331.9 NA
1 1974 TIME 1 22045.2 20895.3 17183.8 2389.31  17183.8  17527.1 3368.25  2894.18 1818.22  1354.44 1336.37 1318.3 567.779 551.919 536.059 1318.3 0.13283  81.9481 80.2352 80.1062 29.398 28.3955 28.32 80.1062 0.0119045  0 0 0 0 0 0 0 0  0 0 0 0 0 0 0 0  629.686 629.686 629.686 232.46 232.46 232.46 629.686 0.0774407 17183.8 NA
1 1975 TIME 1 20780.6 19292.9 15924.2 1723.72  15924.2  16241.2 3051.68  2741.36 1709.38  1208.25 1189.76 1171.26 571.408 554.027 536.647 1171.26 0.12099  63.9232 62.487 62.3789 24.3334 23.4378 23.3704 62.3789 0.0100537  0 0 0 0 0 0 0 0  0 0 0 0 0 0 0 0  689.172 689.172 689.172 272.596 272.596 272.596 689.172 0.0906021 15924.2 NA
1 1976 TIME 1 19719.5 18750.4 14977.1 2903.26  14977.1  15554.2 3196.15  3044.66 1989.02  1095.35 1078.58 1061.81 512.819 498.273 483.727 1061.81 0.112368  71.8954 70.2046 70.0773 28.289 27.265 27.1879 70.0773 0.0114753  0 0 0 0 0 0 0 0  0 0 0 0 0 0 0 0  722.106 722.106 722.106 294.026 294.026 294.026 722.106 0.0959853 14977.1 NA
1 1977 TIME 1 18764.7 17865.2 14254 5051.62  14254  14766 3099.25  2879.03 1868.45  631.551 622.308 613.065 284.356 276.613 268.87 613.065 0.0666157  36.5872 35.7435 35.68 14.1795 13.6837 13.6464 35.68 0.00566853  0 0 0 0 0 0 0 0  0 0 0 0 0 0 0 0  529.838 529.838 529.838 212.291 212.291 212.291 529.838 0.0694484 14254 NA
1 1978 TIME 1 18840.8 17365.5 13986.8 882.102  13986.8  14336.4 3029.04  2698.3 1736.02  636.421 626.425 616.43 308.69 299.31 289.929 616.43 0.0656961  93.0429 90.9137 90.7534 36.0776 34.7498 34.6499 90.7534 0.0139916  0 0 0 0 0 0 0 0  0 0 0 0 0 0 0 0  706.349 706.349 706.349 287.662 287.662 287.662 706.349 0.0909248 13986.8 NA
1 1979 TIME 1 18945.7 17217.6 13680 1545.63  13680  14071.8 3145.8  2850.28 1891.13  1111.28 1091.79 1072.3 591.27 572.805 554.339 1072.3 0.106936  76.5968 74.7546 74.6159 30.8283 29.6655 29.578 74.6159 0.0112764  0 0 0 0 0 0 0 0  0 0 0 0 0 0 0 0  766.858 766.858 766.858 326.774 326.774 326.774 766.858 0.0958122 13680 NA
1 1980 TIME 1 18329.2 17866.2 13375.2 2112.3  13375.2  14215.3 3650.97  3453.93 2416.19  1141.72 1124.32 1106.92 527.325 513.803 500.282 1106.92 0.11563  83.0453 81.0772 80.929 32.783 31.6584 31.5738 80.929 0.012029  0 0 0 0 0 0 0 0  0 0 0 0 0 0 0 0  1094.15 1094.15 1094.15 449.622 449.622 449.622 1094.15 0.134797 13375.2 NA
1 1981 TIME 1 17029 16302 12788.3 1289.32  12788.3  13195.2 3106.78  2681.36 1770.06  976.988 963.498 950.008 417.397 406.93 396.463 950.008 0.109945  75.4274 73.7807 73.6568 27.9121 27.0236 26.9568 73.6568 0.0113932  0 0 0 0 0 0 0 0  0 0 0 0 0 0 0 0  941.767 941.767 941.767 360.391 360.391 360.391 941.767 0.123569 12788.3 NA
1 1982 TIME 1 15829.5 15010 12028.7 1074.92  12028.7  12298.4 2711.58  2331 1499.53  1023.47 1009.25 995.035 442.091 430.356 418.621 995.035 0.125617  50.5917 49.5383 49.459 18.0645 17.4904 17.4472 49.459 0.00842372  0 0 0 0 0 0 0 0  0 0 0 0 0 0 0 0  704.928 704.928 704.928 261.737 261.737 261.737 704.928 0.102539 12028.7 NA
1 1983 TIME 1 14649.1 14108 11244.8 1950.31  11244.8  11591.1 2516.96  2246.84 1450.64  802.559 791.798 781.037 334.753 326.24 317.727 781.037 0.107283  34.1502 33.4442 33.391 12.1031 11.7194 11.6905 33.391 0.00630136  0 0 0 0 0 0 0 0  0 0 0 0 0 0 0 0  470.566 470.566 470.566 162.175 162.175 162.175 470.566 0.0926472 11244.8 NA
1 1984 TIME 1 13861.8 13297.8 10714.4 1509.32  10714.4  11002.3 2295.49  2032.78 1285.5  751.748 741.96 732.172 306.833 298.957 291.081 732.172 0.108997  27.0975 26.5405 26.4986 9.57096 9.26393 9.24082 26.4986 0.00546372  0 0 0 0 0 0 0 0  0 0 0 0 0 0 0 0  410.797 410.797 410.797 140.868 140.868 140.868 410.797 0.087659 10714.4 NA
1 1985 TIME 1 13230 12428.1 10173.5 1957.65  10173.5  10371 2057.07  1819.34 1125.29  487.113 480.224 473.335 214.73 208.628 202.526 473.335 0.0745987  42.3528 41.4606 41.3934 15.2943 14.7731 14.7339 41.3934 0.00946366  0 0 0 0 0 0 0 0  0 0 0 0 0 0 0 0  790.001 790.001 790.001 269.71 269.71 269.71 790.001 0.188775 10173.5 NA
1 1986 TIME 1 12542.8 11835.3 9535.34 1715.4  9535.34  9838.14 1997.15  1875.19 1196.92  319.17 314.414 309.659 146.897 142.641 138.386 309.659 0.0510151  85.5378 83.6275 83.4837 32.3889 31.2199 31.1319 83.4837 0.0207125  0 0 0 0 0 0 0 0  0 0 0 0 0 0 0 0  752.723 752.723 752.723 267.287 267.287 267.287 752.723 0.194494 9535.34 NA
1 1987 TIME 1 12142.6 11315 9093.82 1717.66  9093.82  9378.51 1936.47  1814.77 1168.05  584.571 575.319 566.066 283.78 275.298 266.815 566.066 0.0957214  97.9784 95.6841 95.5114 38.5671 37.1327 37.0248 95.5114 0.0247851  0 0 0 0 0 0 0 0  0 0 0 0 0 0 0 0  767.564 767.564 767.564 280.955 280.955 280.955 767.564 0.206053 9093.82 NA
1 1988 TIME 1 11518.3 10778.2 8538.37 872.785  8538.37  8865.31 1912.85  1823.77 1202  716.245 704.647 693.05 354.069 343.523 332.977 693.05 0.123565  128.113 125.033 124.801 51.5149 49.5849 49.4396 124.801 0.0341414  0 0 0 0 0 0 0 0  0 0 0 0 0 0 0 0  838.48 838.48 838.48 313.723 313.723 313.723 838.48 0.236525 8538.37 NA
1 1989 TIME 1 10615.7 9961.1 7873.06 1471.53  7873.06  8176.53 1784.58  1700.02 1123.44  756.931 744.643 732.355 373.82 362.909 351.999 732.355 0.142006  246.534 240.577 240.129 99.3549 95.7078 95.4333 240.129 0.0709438  0 0 0 0 0 0 0 0  0 0 0 0 0 0 0 0  779.784 779.784 779.784 294.364 294.364 294.364 779.784 0.236909 7873.06 NA
1 1990 TIME 1 9498.86 9056.22 7114.55 977.704  7114.55  7421.89 1634.32  1566.85 1040.43  603.038 593.812 584.586 282.212 274.363 266.514 584.586 0.128539  188.129 183.685 183.35 74.4331 71.7753 71.5753 183.35 0.0594077  0 0 0 0 0 0 0 0  0 0 0 0 0 0 0 0  675.511 675.511 675.511 253.895 253.895 253.895 675.511 0.223437 7114.55 NA
1 1991 TIME 1 8626.54 8033.73 6469.34 2255.79  6469.34  6650.95 1382.78  1280.85 824.741  497.688 489.823 481.958 240.942 233.871 226.8 481.958 0.115985  155.209 151.594 151.322 60.836 58.6391 58.4737 151.322 0.0538447  0 0 0 0 0 0 0 0  0 0 0 0 0 0 0 0  571.238 571.238 571.238 210.045 210.045 210.045 571.238 0.20979 6469.34 NA
1 1992 TIME 1 8046.39 7486.13 5930.73 988.449  5930.73  6158.58 1327.56  1267.09 836.251  360.053 354.2 348.347 179.515 174.036 168.557 348.347 0.0891475  165.823 161.88 161.583 66.3741 63.8337 63.6425 161.583 0.0616024  0 0 0 0 0 0 0 0  0 0 0 0 0 0 0 0  466.966 466.966 466.966 173.31 173.31 173.31 466.966 0.184602 5930.73 NA
1 1993 TIME 1 7817.74 6982.84 5584.29 679.979  5584.29  5739.85 1242.99  1158.44 761.667  457.441 450.026 442.61 225.626 219.58 213.534 442.61 0.142707  145.095 141.421 141.144 61.1479 58.6866 58.5013 141.144 0.0547393  0 0 0 0 0 0 0 0  0 0 0 0 0 0 0 0  362.693 362.693 362.693 137.865 137.865 137.865 362.693 0.147869 5584.29 NA
1 1994 TIME 1 7602.45 7205.44 5382.17 897.025  5382.17  5734.55 1470.89  1442.26 1018.81  355.046 349.36 343.675 171.109 166.978 162.847 343.675 0.102389  121.392 118.267 118.031 51.462 49.5242 49.3784 118.031 0.0424429  0 0 0 0 0 0 0 0  0 0 0 0 0 0 0 0  200.938 200.938 200.938 80.1304 80.1304 80.1304 200.938 0.0740998 5382.17 NA
1 1995 TIME 1 7575.12 7259.76 5461.66 156.291  5461.66  5741.47 1518.29  1359.49 952.867  272.685 268.718 264.751 120.796 118.166 115.536 264.751 0.0741203  119.57 116.723 116.509 47.4219 45.8208 45.7002 116.509 0.0379229  0 0 0 0 0 0 0 0  0 0 0 0 0 0 0 0  220.401 220.401 220.401 84.7871 84.7871 84.7871 220.401 0.072263 5461.66 NA
1 1996 TIME 1 7459.66 7147.34 5504.8 754.479  5504.8  5685.21 1462.13  1221.64 842.057  230.805 227.731 224.656 94.7257 92.8263 90.9269 224.656 0.0638809  135.763 132.804 132.582 50.0842 48.5284 48.4113 132.582 0.042452  0 0 0 0 0 0 0 0  0 0 0 0 0 0 0 0  297.306 297.306 297.306 107.454 107.454 107.454 297.306 0.0976503 5504.8 NA
1 1997 TIME 1 7127.29 6992.92 5392.08 487.19  5392.08  5586.57 1406.35  1171.01 805.951  261.889 258.675 255.462 100.544 98.6193 96.6949 255.462 0.0787186  118.175 115.784 115.604 41.0873 39.8837 39.7931 115.604 0.0394798  0 0 0 0 0 0 0 0  0 0 0 0 0 0 0 0  217.432 217.432 217.432 75.4326 75.4326 75.4326 217.432 0.0766026 5392.08 NA
1 1998 TIME 1 6760.99 6461.71 5205.59 510.695  5205.59  5283.44 1178.26  928.069 601.14  73.8531 59.0388 44.2245 31.3144 22.0035 12.6926 44.2245 0.026085  84.6131 55.0708 52.8472 28.5424 14.9874 13.9671 52.8472 0.0310225  0 0 0 0 0 0 0 0  0 0 0 0 0 0 0 0  207.677 207.677 207.677 68.8796 68.8796 68.8796 207.677 0.0811036 5205.59 NA
1 1999 TIME 1 6620.79 6396.73 5107.71 1512.53  5107.71  5232.54 1164.19  954.74 632.704  86.767 69.0426 51.3183 39.8849 27.3209 14.7568 51.3183 0.0338103  61.7097 40.2258 38.6088 20.9801 10.8119 10.0466 38.6088 0.0249043  0 0 0 0 0 0 0 0  0 0 0 0 0 0 0 0  281.031 281.031 281.031 86.7543 86.7543 86.7543 281.031 0.153562 5107.71 NA
1 2000 TIME 1 6468.62 6135.11 4940.46 1041.83  4940.46  5053.11 1082  889.023 583.224  26.4349 20.6836 14.9323 13.7994 9.12484 4.4503 14.9323 0.0108756  22.5525 14.4315 13.8202 7.97616 3.95609 3.65351 13.8202 0.00971218  0 0 0 0 0 0 0 0  0 0 0 0 0 0 0 0  158.957 158.957 158.957 41.3242 41.3242 41.3242 158.957 0.0990661 4940.46 NA
1 2001 TIME 1 6679 6070.39 4911.52 1036.73  4911.52  4989.32 1081.07  871.67 580.482  21.4718 16.384 11.2961 12.0889 7.8278 3.56669 11.2961 0.00838047  38.9245 23.9957 22.872 14.9055 6.873 6.2684 22.872 0.01646  0 0 0 0 0 0 0 0  0 0 0 0 0 0 0 0  133.043 133.043 133.043 35.1874 35.1874 35.1874 133.043 0.0848394 4911.52 NA
1 2002 TIME 1 7035.69 6582.05 5007.63 745.066  5007.63  5242.87 1339.19  1160.03 835.801  32.4806 24.2989 16.1172 18.2869 11.8475 5.40813 16.1172 0.0116554  51.9903 30.3222 28.6912 21.2187 9.26259 8.36267 28.6912 0.0204938  0 0 0 0 0 0 0 0  0 0 0 0 0 0 0 0  414.58 414.58 414.58 134.608 134.608 134.608 414.58 0.249687 5007.63 NA
1 2003 TIME 1 7148.69 6727.43 5065.38 778.464  5065.38  5305.69 1421.75  1210.04 877.322  18.4907 13.7951 9.09952 10.0359 6.58265 3.12938 9.09952 0.00640425  52.8377 30.1045 28.3934 21.7137 9.53759 8.62111 28.3934 0.019901  0 0 0 0 0 0 0 0  0 0 0 0 0 0 0 0  818.72 818.72 818.72 275.283 275.283 275.283 818.72 0.455651 5065.38 NA
1 2004 TIME 1 6861.78 6534.3 4897.86 421.913  4897.86  5126.4 1407.89  1169.46 867.024  24.2265 18.269 12.3114 12.3732 8.26189 4.15053 12.3114 0.00828966  66.1323 38.1015 35.9917 26.4721 12.0083 10.9197 35.9917 0.0244023  0 0 0 0 0 0 0 0  0 0 0 0 0 0 0 0  572.067 572.067 572.067 191.587 191.587 191.587 572.067 0.30285 4897.86 NA
1 2005 TIME 1 6707.78 6406.83 4837.77 472.39  4837.77  5022.39 1384.44  1091.68 812.204  27.3284 20.9591 14.5898 12.9081 8.81278 4.71743 14.5898 0.00908621  50.4341 29.8679 28.3199 19.3445 9.15012 8.3828 28.3199 0.0179075  0 0 0 0 0 0 0 0  0 0 0 0 0 0 0 0  325.415 325.415 325.415 107.116 107.116 107.116 325.415 0.16157 4837.77 NA
1 2006 TIME 1 6682.8 6493.14 4899.45 349.245  4899.45  5082.53 1410.61  1085.55 805.657  21.9177 17.1104 12.3031 9.60025 6.7007 3.80115 12.3032 0.00720618  41.2235 25.2107 24.0055 15.0252 7.4366 6.86542 24.0055 0.0142641  0 0 0 0 0 0 0 0  0 0 0 0 0 0 0 0  266.529 266.529 266.529 85.8663 85.8663 85.8663 266.529 0.12707 4899.45 NA
1 2007 TIME 1 6620.26 6423.22 4949.18 840.367  4949.18  5078.02 1345.2  988.363 716.761  91.2432 60.7698 30.2965 38.6847 23.2579 7.83102 30.2965 0.0307367  34.8783 22.029 21.0619 12.1075 6.24272 5.80128 21.0619 0.0121892  0 0 0 0 0 0 0 0  0 0 0 0 0 0 0 0  129.812 129.812 129.812 40.9203 40.9203 40.9203 129.812 0.0615928 4949.18 NA
1 2008 TIME 1 6610.56 6392.87 4989.57 1935.29  4989.57  5101.29 1291.58  939.22 668.914  69.5588 46.789 24.0191 31.9935 19.0173 6.04109 24.0191 0.0244629  31.0536 20.1082 19.2844 10.4655 5.50513 5.13176 19.2844 0.0112878  0 0 0 0 0 0 0 0  0 0 0 0 0 0 0 0  80.6494 80.6494 80.6494 24.839 24.839 24.839 80.6494 0.0399133 4989.57 NA
1 2009 TIME 1 6797.92 6309.77 5024.51 1417.23  5024.51  5094.76 1215.01  873.114 606.768  72.2279 48.2301 24.2323 38.6401 22.36 6.07982 24.2323 0.0259912  26.8781 17.4277 16.7164 9.37577 4.73083 4.38121 16.7164 0.0102698  0 0 0 0 0 0 0 0  0 0 0 0 0 0 0 0  91.6366 91.6366 91.6366 27.8562 27.8562 27.8562 91.6366 0.0488251 5024.51 NA
1 2010 TIME 1 7230.77 6434.23 5086.48 2529.07  5086.48  5181.24 1252.99  963.368 680.293  35.1091 28.1198 21.1305 21.6768 14.4374 7.19805 21.1305 0.011862  28.4807 17.511 16.6853 11.1457 5.0126 4.55097 16.6853 0.0106826  0 0 0 0 0 0 0 0  0 0 0 0 0 0 0 0  75.3892 75.3892 75.3892 23.2467 23.2467 23.2467 75.3893 0.0424445 5086.48 NA
1 2011 TIME 1 8005.56 7266.44 5361.93 1508.94  5361.93  5660.82 1605.62  1371.97 1022.38  8.64815 7.33572 6.02329 5.46942 3.75792 2.04642 6.02329 0.00241526  30.0048 21.1413 20.4741 12.7984 6.28213 5.79165 20.4741 0.00974664  0 0 0 0 0 0 0 0  0 0 0 0 0 0 0 0  186.697 186.697 186.697 71.74 71.74 71.74 186.697 0.0800325 5361.93 NA
1 2012 TIME 1 8972.09 7978.24 5846.8 1657.47  5846.8  6132.38 1845.86  1542.05 1147.72  16.1796 13.7693 11.359 9.70367 6.84717 3.99067 11.359 0.00369009  39.4023 27.6543 26.77 17.1068 8.61356 7.97428 26.77 0.0103458  0 0 0 0 0 0 0 0  0 0 0 0 0 0 0 0  235.431 235.431 235.431 92.0279 92.0279 92.0279 235.431 0.0788419 5846.8 NA
1 2013 TIME 1 10012.2 9325.63 6515.77 2621.75  6515.77  6984.36 2341.27  2004.29 1525.87  14.8553 12.8925 10.9298 8.33531 6.07379 3.81228 10.9298 0.00280721  53.5195 38.2239 37.0726 22.4489 11.8969 11.1027 37.0726 0.0114276  0 0 0 0 0 0 0 0  0 0 0 0 0 0 0 0  380.669 380.669 380.669 148.768 148.768 148.768 380.669 0.101732 6515.77 NA
1 2014 TIME 1 11015.3 10190.5 7246.89 1134.37  7246.89  7639.82 2550.67  2056.03 1545.71  17.7425 15.7069 13.6712 9.29651 6.94395 4.5914 13.6712 0.00290992  86.7438 65.0339 63.3998 34.6265 19.8742 18.7638 63.3998 0.0159416  0 0 0 0 0 0 0 0  0 0 0 0 0 0 0 0  425.993 425.993 425.993 162.272 162.272 162.272 425.993 0.0970027 7246.89 NA
1 2015 TIME 1 11978.5 10999.9 7951.35 942.518  7951.35  8286.37 2713.54  2132.35 1591.51  33.2673 29.6042 25.9412 16.1736 12.2809 8.38828 25.9412 0.00498853  118.676 90.8589 88.7652 46.087 26.8883 25.4432 88.7652 0.0199744  0 0 0 0 0 0 0 0  0 0 0 0 0 0 0 0  596.992 596.992 596.992 220.525 220.525 220.525 596.992 0.128402 7951.35 NA
1 2016 TIME 1 12560.2 12084 8554.26 1027.59  8554.26  9066.25 3017.74  2452.36 1845.28  23.9267 21.5294 19.1321 10.7869 8.46489 6.14287 19.1321 0.00344859  84.3508 64.6668 63.1852 31.8022 18.8381 17.8623 63.1852 0.0134212  0 0 0 0 0 0 0 0  0 0 0 0 0 0 0 0  593.329 593.329 593.329 220.021 220.021 220.021 593.329 0.120187 8554.26 NA
1 2017 TIME 1 12930.2 12504.4 9159.13 1369.55  9159.13  9536.37 2967.98  2283.29 1670.53  27.7517 25.4634 23.1752 11.8106 9.54355 7.27646 23.1752 0.00398046  89.4502 71.3194 69.9547 31.9664 20.5292 19.6683 69.9547 0.013831  0 0 0 0 0 0 0 0  0 0 0 0 0 0 0 0  453.052 453.052 453.052 167.345 167.345 167.345 453.052 0.0862116 9159.13 NA
1 2018 TIME 1 13214.1 12729.5 9638.51 754.791  9638.51  9898.31 2831.16  2110.21 1499.7  54.8276 50.7927 46.7577 22.4577 18.2678 14.0779 46.7577 0.00805444  69.5353 57.3978 56.4842 23.6841 15.9814 15.4017 56.4842 0.0109539  0 0 0 0 0 0 0 0  0 0 0 0 0 0 0 0  346.214 346.214 346.214 122.57 122.57 122.57 346.214 0.0688152 9638.51 NA
1 2019 TIME 1 13414.9 12884.2 9967.93 820.16  9967.93  10187.3 2696.86  2013.11 1398.73  89.8972 83.1928 76.4884 36.0887 29.2632 22.4378 76.4885 0.0138923  53.1284 44.1003 43.4207 17.7822 11.9249 11.484 43.4207 0.00882589  0 0 0 0 0 0 0 0  0 0 0 0 0 0 0 0  269.317 269.317 269.317 93.1941 93.1941 93.1941 269.317 0.0579613 9967.93 NA
1 2020 TIME 1 13492.1 13147.6 10207.7 1602.86  10207.7  10489.8 2657.79  2046.25 1413.22  65.1434 60.2673 55.3913 26.537 21.4318 16.3266 55.3913 0.0107527  40.4991 33.3694 32.8327 13.5099 8.96108 8.6187 32.8327 0.00711946  0 0 0 0 0 0 0 0  0 0 0 0 0 0 0 0  198.275 198.275 198.275 69.1793 69.1793 69.1793 198.275 0.0449733 10207.7 NA
1 2021 FORE 1 13593.8 13145 10415 1630.13  10415  10631.2 2513.83  1906.62 1281.68  55.8908 51.68 47.4692 24.0704 19.0453 14.0202  _ 0.0100808  93.4245 77.52 76.3229 31.0686 20.8432 20.0735  _ 0.017831  0 0 0 0 0 0  _ 0  0 0 0 0 0 0  _ 0  570.8 570.8 570.8 198.334 198.334 198.334  _ 0.13977 10415 0.994802
1 2022 FORE 1 13307.3 12602 10224.3 1616.38  10224.3  10380.2 2221.71  1746.8 1130.24  56.7962 51.68 46.5638 26.6705 20.2123 13.754  _ 0.0112659  94.4379 77.52 76.2466 32.4005 20.7313 19.853  _ 0.0201411  0 0 0 0 0 0  _ 0  0 0 0 0 0 0  _ 0  570.8 570.8 570.8 196.582 196.582 196.582  _ 0.159847 10224.3 0.988489
1 2023 FORE 1 13119.9 12407.4 9994.59 1599.43  9994.59  10250.9 2156.52  1848.34 1208.73  148.071 131.82 115.569 74.855 55.1702 35.4855  _ 0.0307491  89.5372 70.1418 68.6819 32.7736 19.0957 18.0661  _ 0.0203503  0 0 0 0 0 0  _ 0  0 0 0 0 0 0  _ 0  430.63 430.63 430.63 154.131 154.131 154.131  _ 0.128419 9994.59 0.980564
1 2024 FORE 1 13117.7 12412.8 9896.71 1592.09  9896.71  10212 2200.82  1942.92 1289.22  146.223 129.024 111.824 76.2255 56.1366 36.0476  _ 0.030005  88.2069 66.9478 65.3477 33.7876 19.0095 17.8972  _ 0.0198561  0 0 0 0 0 0  _ 0  0 0 0 0 0 0  _ 0  437.546 437.546 437.546 163.281 163.281 163.281  _ 0.125311 9896.71 0.977075
1 2025 FORE 1 13200.7 12502.4 9891.86 1591.72  9891.86  10224.4 2278.06  2008.08 1349.18  149.987 132.61 115.234 77.6952 57.7479 37.8006  _ 0.0293896  90.5475 68.5535 66.898 35.0525 19.9464 18.8094  _ 0.0194463  0 0 0 0 0 0  _ 0  0 0 0 0 0 0  _ 0  457.201 457.201 457.201 172.653 172.653 172.653  _ 0.122754 9891.86 0.9769
1 2026 FORE 1 13308.3 12612.3 9923.85 1594.13  9923.85  10258 2354.33  2049.16 1390.11  154.915 137.68 120.445 78.5621 58.9173 39.2724  _ 0.0288205  93.2964 71.2177 69.5558 35.8505 20.7866 19.6528  _ 0.019068  0 0 0 0 0 0  _ 0  0 0 0 0 0 0  _ 0  472.291 472.291 472.291 177.763 177.763 177.763  _ 0.120388 9923.85 0.978049
1 2027 FORE 1 13417.6 12721.5 9969.4 1597.55  9969.4  10302.4 2419.1  2077.25 1418.88  158.629 141.598 124.567 78.8456 59.492 40.1384  _ 0.0283175  95.2845 73.3379 71.686 36.2102 21.2883 20.1651  _ 0.018734  0 0 0 0 0 0  _ 0  0 0 0 0 0 0  _ 0  480.764 480.764 480.764 179.767 179.767 179.767  _ 0.118281 9969.4 0.979672
1 2028 FORE 1 13525.9 12828.5 10024.4 1601.66  10024.4  10356.8 2471.65  2099.36 1440.52  160.364 143.551 126.738 78.6017 59.527 40.4522  _ 0.0278277  96.2496 74.5127 72.8766 36.2402 21.4899 20.3797  _ 0.0184093  0 0 0 0 0 0  _ 0  0 0 0 0 0 0  _ 0  483.787 483.787 483.787 179.895 179.895 179.895  _ 0.116222 10024.4 0.981612
1 2029 FORE 1 13635 12936 10088.7 1606.42  10088.7  10421.5 2514.53  2118.91 1457.95  160.606 144.009 127.412 78.042 59.2346 40.4272  _ 0.0273457  96.4623 74.9576 73.339 36.0838 21.5103 20.4133  _ 0.0180901  0 0 0 0 0 0  _ 0  0 0 0 0 0 0  _ 0  483.534 483.534 483.534 179.106 179.106 179.106  _ 0.114194 10088.7 0.983852
1 2030 FORE 1 13749.1 13048.2 10164.1 1611.97  10164.1  10497.7 2550.51  2137.35 1472.8  159.978 143.594 127.209 77.3247 58.7753 40.226  _ 0.0268706  96.2124 74.9469 73.3463 35.8312 21.4341 20.3505  _ 0.0177757  0 0 0 0 0 0  _ 0  0 0 0 0 0 0  _ 0  481.478 481.478 481.478 177.881 177.881 177.881  _ 0.112199 10164.1 0.986445
1 2031 FORE 1 13869.6 13166.5 10249.9 1618.24  10249.9  10584.6 2581.86  2155.37 1486.11  158.902 142.726 126.55 76.5359 58.2372 39.9385  _ 0.0264008  95.6954 74.6718 73.0894 35.529 21.3072 20.2368  _ 0.0174649  0 0 0 0 0 0  _ 0  0 0 0 0 0 0  _ 0  478.421 478.421 478.421 176.433 176.433 176.433  _ 0.110227 10249.9 0.98935
1 2032 FORE 1 13998 13292.3 10346.1 1625.19  10346.1  10682.1 2610.26  2173.35 1498.54  157.857 141.861 125.865 75.8397 57.7555 39.6714  _ 0.0259777  95.1771 74.3626 72.7959 35.2569 21.1861 20.127  _ 0.017185  0 0 0 0 0 0  _ 0  0 0 0 0 0 0  _ 0  475.545 475.545 475.545 175.141 175.141 175.141  _ 0.108453 10346.1 0.992549
