Area Yr Era Seas Bio_all Bio_smry SpawnBio Recruit_0  SpawnBio_GP:1 SmryBio_SX:1_GP:1 SmryBio_SX:2_GP:1 SmryNum_SX:1_GP:1 SmryNum_SX:2_GP:1 sel(B):_1 dead(B):_1 retain(B):_1 sel(N):_1 dead(N):_1 retain(N):_1 obs_cat:_1 F:_1 sel(B):_2 dead(B):_2 retain(B):_2 sel(N):_2 dead(N):_2 retain(N):_2 obs_cat:_2 F:_2 sel(B):_3 dead(B):_3 retain(B):_3 sel(N):_3 dead(N):_3 retain(N):_3 obs_cat:_3 F:_3 sel(B):_4 dead(B):_4 retain(B):_4 sel(N):_4 dead(N):_4 retain(N):_4 obs_cat:_4 F:_4 sel(B):_5 dead(B):_5 retain(B):_5 sel(N):_5 dead(N):_5 retain(N):_5 obs_cat:_5 F:_5 SSB_vir_LH ABC_buffer
1 1887 VIRG 1 36617.4 32693 17159.8 16734.6  17159.8  18733.2 13959.8  6994.5 7129.53 0 0 0 0 0 0 0 0  0 0 0 0 0 0 0 0  0 0 0 0 0 0 0 0  0 0 0 0 0 0 0 0  0 0 0 0 0 0 0 0  17159.8 NA
1 1888 INIT 1 36617.4 32693 17159.8 16734.6  17159.8  18733.2 13959.8  6994.5 7129.53  0 0 0 0 0 0 0 0  0 0 0 0 0 0 0 0  0 0 0 0 0 0 0 0  0 0 0 0 0 0 0 0  0 0 0 0 0 0 0 0 17159.8 NA
1 1889 TIME 1 36617.4 32693 17159.8 16734.6  17159.8  18733.2 13959.8  6994.5 7129.53  1.56488 1.55532 1.54577 0.365216 0.361035 0.356853 1.54577 9.97381e-05  115.233 113.189 113.035 37.3652 36.2331 36.1479 113.035 0.00426912  0 0 0 0 0 0 0 0  0 0 0 0 0 0 0 0  0 0 0 0 0 0 0 0 17159.8 NA
1 1890 TIME 1 36518 32593.7 17099.3 16730.9  17099.3  18671.8 13922  6979.67 7115.11  3.1298 3.11068 3.09155 0.730932 0.722553 0.714173 3.09155 0.000200245  123.091 120.905 120.74 39.9458 38.7343 38.6431 120.74 0.00457531  0 0 0 0 0 0 0 0  0 0 0 0 0 0 0 0  0 0 0 0 0 0 0 0 17099.3 NA
1 1891 TIME 1 36429.8 32505.8 17043.7 16727.5  17043.7  18616 13889.7  6968.68 7104.36  4.69477 4.66605 4.63732 1.09737 1.08477 1.07217 4.63732 0.000301478  130.123 127.809 127.635 42.269 40.9857 40.8891 127.635 0.00485109  0 0 0 0 0 0 0 0  0 0 0 0 0 0 0 0  0 0 0 0 0 0 0 0 17043.7 NA
1 1892 TIME 1 36353.1 32429.9 16994.7 16724.5  16994.7  18566.9 13863  6960.35 7096.23  6.25982 6.22146 6.1831 1.46473 1.44789 1.43105 6.1831 0.000403606  177.899 174.732 174.494 57.8514 56.0933 55.961 174.494 0.00665339  0 0 0 0 0 0 0 0  0 0 0 0 0 0 0 0  0 0 0 0 0 0 0 0 16994.7 NA
1 1893 TIME 1 36251.8 32329.4 16930.8 16720.5  16930.8  18502.3 13827.1  6948.07 7084.24  5.42889 5.39557 5.36225 1.27175 1.25711 1.24247 5.36225 0.000351347  151.57 148.868 148.665 49.3439 47.843 47.73 148.665 0.00568479  0 0 0 0 0 0 0 0  0 0 0 0 0 0 0 0  0 0 0 0 0 0 0 0 16930.8 NA
1 1894 TIME 1 36195.5 32273.8 16893.9 16718.3  16893.9  18465.3 13808.6  6942.9 7079.09  4.59792 4.56966 4.54141 1.07809 1.06567 1.05325 4.54141 0.000298224  130.557 128.227 128.052 42.5369 41.2424 41.145 128.052 0.00490386  0 0 0 0 0 0 0 0  0 0 0 0 0 0 0 0  0 0 0 0 0 0 0 0 16893.9 NA
1 1895 TIME 1 36171.5 32250.6 16877.4 16717.2  16877.4  18448.7 13802  6941.84 7077.95  3.7669 3.74373 3.72056 0.883867 0.873677 0.863487 3.72056 0.000244697  149.361 146.694 146.493 48.69 47.2079 47.0964 146.493 0.00561577  0 0 0 0 0 0 0 0  0 0 0 0 0 0 0 0  0 0 0 0 0 0 0 0 16877.4 NA
1 1896 TIME 1 36139.1 32218.7 16856.6 16715.9  16856.6  18427.4 13791.3  6938.26 7074.35  3.82792 3.80436 3.78079 0.898767 0.888399 0.878031 3.78079 0.000249179  191.558 188.135 187.878 62.4794 60.5768 60.4336 187.878 0.00721404  0 0 0 0 0 0 0 0  0 0 0 0 0 0 0 0  0 0 0 0 0 0 0 0 16856.6 NA
1 1897 TIME 1 36078.2 32158.1 16818.7 16713.6  16818.7  18388.9 13769.2  6930.17 7066.34  3.88893 3.86497 3.84101 0.913684 0.903136 0.892588 3.84101 0.000253711  178.418 175.228 174.987 58.2284 56.4544 56.3209 174.987 0.00673094  0 0 0 0 0 0 0 0  0 0 0 0 0 0 0 0  0 0 0 0 0 0 0 0 16818.7 NA
1 1898 TIME 1 36041.2 32121.5 16794.8 16712.1  16794.8  18364.9 13756.6  6926.33 7062.47  3.94994 3.92559 3.90124 0.928344 0.917625 0.906907 3.90124 0.000257646  68.964 67.7305 67.6376 22.5123 21.8265 21.7749 67.6376 0.00260059  0 0 0 0 0 0 0 0  0 0 0 0 0 0 0 0  0 0 0 0 0 0 0 0 16794.8 NA
1 1899 TIME 1 36105.9 32186.6 16832.9 16714.4  16832.9  18403.7 13782.9  6937.62 7073.41  4.0109 3.98618 3.96146 0.942517 0.931643 0.92077 3.96146 0.000260986  56.6614 55.6484 55.5721 18.4894 17.9265 17.8842 55.5721 0.00213178  0 0 0 0 0 0 0 0  0 0 0 0 0 0 0 0  0 0 0 0 0 0 0 0 16832.9 NA
1 1900 TIME 1 36170.1 32250.8 16872.4 16716.9  16872.4  18443.3 13807.5  6946.32 7081.95  4.79679 4.76725 4.7377 1.12673 1.11374 1.10075 4.7377 0.000311389  64.4417 63.2904 63.2037 21.0162 20.3768 20.3287 63.2037 0.00241968  0 0 0 0 0 0 0 0  0 0 0 0 0 0 0 0  0 0 0 0 0 0 0 0 16872.4 NA
1 1901 TIME 1 36214 32294.2 16900.3 16718.7  16900.3  18471 13823.2  6950.76 7086.37  5.58265 5.54829 5.51393 1.31067 1.29557 1.28048 5.51393 0.000361767  72.2218 70.9323 70.8353 23.5406 22.8247 22.7709 70.8353 0.00270826  0 0 0 0 0 0 0 0  0 0 0 0 0 0 0 0  0 0 0 0 0 0 0 0 16900.3 NA
1 1902 TIME 1 36240.8 32320.5 16917.6 16719.7  16917.6  18488.4 13832.1  6952.95 7088.6  6.36851 6.32933 6.29016 1.49449 1.47729 1.46008 6.29016 0.00041223  80.002 78.5743 78.4669 26.0658 25.2734 25.2138 78.4669 0.00299784  0 0 0 0 0 0 0 0  0 0 0 0 0 0 0 0  0 0 0 0 0 0 0 0 16917.6 NA
1 1903 TIME 1 36253.7 32333 16926.1 16720.3  16926.1  18497 13836  6953.66 7089.4  7.15437 7.11039 7.0664 1.67836 1.65904 1.63972 7.0664 0.000462854  87.7823 86.2163 86.0984 28.594 27.7248 27.6594 86.0984 0.00328851  0 0 0 0 0 0 0 0  0 0 0 0 0 0 0 0  0 0 0 0 0 0 0 0 16926.1 NA
1 1904 TIME 1 36255.7 32334.8 16927.7 16720.4  16927.7  18498.8 13836  6953.29 7089.15  7.94025 7.89144 7.84263 1.86238 1.84095 1.81951 7.84263 0.000513678  95.563 93.8583 93.73 31.1259 30.1797 30.1085 93.73 0.0035803  0 0 0 0 0 0 0 0  0 0 0 0 0 0 0 0  0 0 0 0 0 0 0 0 16927.7 NA
1 1905 TIME 1 36249.4 32328.4 16924 16720.1  16924  18495.1 13833.3  6952.12 7088.1  7.08659 7.04304 6.99948 1.66204 1.64291 1.62378 6.99948 0.000458472  86.0876 84.552 84.4364 28.0395 27.187 27.1229 84.4364 0.00322552  0 0 0 0 0 0 0 0  0 0 0 0 0 0 0 0  0 0 0 0 0 0 0 0 16924 NA
1 1906 TIME 1 36252.7 32331.7 16926 16720.2  16926  18497.2 13834.5  6952.73 7088.71  6.23294 6.19464 6.15633 1.46173 1.44491 1.42809 6.15633 0.000403134  76.6122 75.2456 75.1428 24.9521 24.1935 24.1364 75.1428 0.00286978  0 0 0 0 0 0 0 0  0 0 0 0 0 0 0 0  0 0 0 0 0 0 0 0 16926 NA
1 1907 TIME 1 36264.2 32343.3 16933.1 16720.7  16933.1  18504.4 13838.8  6954.45 7090.39  5.37929 5.34624 5.31318 1.2614 1.24688 1.23237 5.31318 0.000347716  67.1366 65.9393 65.8491 21.8633 21.1987 21.1487 65.8491 0.00251353  0 0 0 0 0 0 0 0  0 0 0 0 0 0 0 0  0 0 0 0 0 0 0 0 16933.1 NA
1 1908 TIME 1 36282.2 32361.2 16944.4 16721.4  16944.4  18515.8 13845.4  6956.86 7092.72  4.52564 4.49783 4.47003 1.06104 1.04883 1.03662 4.47003 0.000292282  57.661 56.6329 56.5555 18.7737 18.2032 18.1603 56.5555 0.00215719  0 0 0 0 0 0 0 0  0 0 0 0 0 0 0 0  0 0 0 0 0 0 0 0 16944.4 NA
1 1909 TIME 1 36305.3 32384.1 16958.9 16722.3  16958.9  18530.4 13853.7  6959.78 7095.54  6.11676 6.07919 6.04162 1.43388 1.41738 1.40089 6.04162 0.000394994  106.098 104.206 104.064 34.5397 33.4902 33.4112 104.064 0.00396925  0 0 0 0 0 0 0 0  0 0 0 0 0 0 0 0  0 0 0 0 0 0 0 0 16958.9 NA
1 1910 TIME 1 36281 32359.7 16944.7 16721.4  16944.7  18515.8 13843.9  6955.41 7091.32  7.70791 7.66055 7.6132 1.80713 1.78633 1.76554 7.6132 0.000498552  154.535 151.78 151.572 50.3204 48.7907 48.6756 151.572 0.00579017  0 0 0 0 0 0 0 0  0 0 0 0 0 0 0 0  0 0 0 0 0 0 0 0 16944.7 NA
1 1911 TIME 1 36218.1 32296.8 16906.1 16719  16906.1  18476.9 13819.9  6946.25 7082.43  9.29913 9.24196 9.18479 2.1813 2.15617 2.13104 9.18479 0.00060339  202.976 199.353 199.08 66.137 64.1248 63.9733 199.08 0.0076263  0 0 0 0 0 0 0 0  0 0 0 0 0 0 0 0  0 0 0 0 0 0 0 0 16906.1 NA
1 1912 TIME 1 36125 32204.1 16848.2 16715.4  16848.2  18418.6 13785.5  6933.95 7070.45  10.8904 10.8234 10.7564 2.55689 2.52739 2.49789 10.7564 0.000709835  251.42 246.927 246.589 82.0085 79.5105 79.3224 246.589 0.00948214  0 0 0 0 0 0 0 0  0 0 0 0 0 0 0 0  0 0 0 0 0 0 0 0 16848.2 NA
1 1913 TIME 1 36008.5 32088.3 16775.3 16710.8  16775.3  18345.2 13743.1  6919.32 7056.16  12.4819 12.4049 12.328 2.93431 2.90039 2.86646 12.328 0.000818114  299.869 294.501 294.097 97.9486 94.9607 94.7358 294.097 0.0113607  0 0 0 0 0 0 0 0  0 0 0 0 0 0 0 0  0 0 0 0 0 0 0 0 16775.3 NA
1 1914 TIME 1 35874.1 31954.8 16690.8 16705.5  16690.8  18260 13694.8  6902.91 7040.09  14.0735 13.9865 13.8995 3.31381 3.27542 3.23702 13.8995 0.000928375  348.324 342.076 341.605 113.966 110.484 110.222 341.605 0.0132642  0 0 0 0 0 0 0 0  0 0 0 0 0 0 0 0  0 0 0 0 0 0 0 0 16690.8 NA
1 1915 TIME 1 35726.1 31807.9 16597.4 16699.5  16597.4  18165.8 13642.1  6885.12 7022.64  15.6653 15.5682 15.4711 3.69557 3.65264 3.60972 15.4711 0.00104072  396.785 389.651 389.114 130.066 126.086 125.786 389.114 0.0151942  0 0 0 0 0 0 0 0  0 0 0 0 0 0 0 0  0 0 0 0 0 0 0 0 16597.4 NA
1 1916 TIME 1 35567.6 31650.8 16497.3 16693  16497.3  18064.8 13586  6866.26 7004.1  18.7195 18.6032 18.4868 4.42595 4.37439 4.32283 18.4868 0.00125455  513.845 504.581 503.883 168.813 163.636 163.247 503.883 0.0198151  0 0 0 0 0 0 0 0  0 0 0 0 0 0 0 0  0 0 0 0 0 0 0 0 16497.3 NA
1 1917 TIME 1 35341.6 31426.4 16356 16683.8  16356  17922 13504.4  6837.57 6975.96  21.7743 21.6384 21.5025 5.16273 5.10235 5.04197 21.5025 0.00147614  630.927 619.512 618.653 207.872 201.48 200.999 618.653 0.0245573  0 0 0 0 0 0 0 0  0 0 0 0 0 0 0 0  0 0 0 0 0 0 0 0 16356 NA
1 1918 TIME 1 35061.2 31147.8 16180.5 16672.1  16180.5  17744.8 13403  6802.19 6941.17  24.8296 24.6739 24.5182 5.90766 5.83824 5.76882 24.5182 0.00170689  748.039 734.445 733.422 247.33 239.699 239.125 733.422 0.0294441  0 0 0 0 0 0 0 0  0 0 0 0 0 0 0 0  0 0 0 0 0 0 0 0 16180.5 NA
1 1919 TIME 1 34738.1 30827.1 15978.1 16658.3  15978.1  17540.5 13286.6  6762.19 6901.76  28.8158 28.6344 28.4529 6.87715 6.79609 6.71503 28.453 0.00199397  304.011 298.468 298.051 100.794 97.679 97.4445 298.051 0.0120154  0 0 0 0 0 0 0 0  0 0 0 0 0 0 0 0  0 0 0 0 0 0 0 0 15978.1 NA
1 1920 TIME 1 34858.1 30949.5 16041.6 16662.7  16041.6  17606.7 13342.8  6791.26 6930.01  18.6506 18.533 18.4155 4.45525 4.40279 4.35034 18.4155 0.00128456  230.078 225.882 225.566 76.2851 73.9308 73.7536 225.566 0.00904415  0 0 0 0 0 0 0 0  0 0 0 0 0 0 0 0  0 0 0 0 0 0 0 0 16041.6 NA
1 1921 TIME 1 35035.8 31129.2 16148.6 16670  16148.6  17713.9 13415.3  6819.65 6957.64  11.548 11.4753 11.4026 2.75712 2.72474 2.69237 11.4026 0.000789563  199.584 195.951 195.677 66.0833 64.0488 63.8957 195.677 0.00779254  0 0 0 0 0 0 0 0  0 0 0 0 0 0 0 0  0 0 0 0 0 0 0 0 16148.6 NA
1 1922 TIME 1 35213.2 31305.3 16259.5 16677.5  16259.5  17823.9 13481.4  6841.19 6978.45  15.3969 15.3002 15.2035 3.67019 3.62724 3.58429 15.2035 0.00104382  135.542 133.082 132.896 44.7835 43.4082 43.3046 132.896 0.00525523  0 0 0 0 0 0 0 0  0 0 0 0 0 0 0 0  0 0 0 0 0 0 0 0 16259.5 NA
1 1923 TIME 1 35405.3 31495.6 16379.3 16685.4  16379.3  17944.4 13551.2  6863.91 7000.76  12.6586 12.5793 12.5 3.01074 2.97562 2.94051 12.5 0.000850738  117.33 115.206 115.047 38.6733 37.4883 37.3991 115.047 0.00451864  0 0 0 0 0 0 0 0  0 0 0 0 0 0 0 0  0 0 0 0 0 0 0 0 16379.3 NA
1 1924 TIME 1 35574 31662.5 16486 16692.5  16486  18052 13610.5  6882.65 7019.17  10.8421 10.7744 10.7067 2.57314 2.5432 2.51326 10.7067 0.000724486  228.213 224.093 223.783 75.0731 72.7759 72.603 223.783 0.00875485  0 0 0 0 0 0 0 0  0 0 0 0 0 0 0 0  0 0 0 0 0 0 0 0 16486 NA
1 1925 TIME 1 35612.1 31698.9 16514.1 16694.4  16514.1  18080 13619  6882.01 7018.66  18.5124 18.397 18.2816 4.38772 4.3367 4.28568 18.2816 0.00123597  314.309 308.64 308.213 103.306 100.145 99.907 308.213 0.0120605  0 0 0 0 0 0 0 0  0 0 0 0 0 0 0 0  0 0 0 0 0 0 0 0 16514.1 NA
1 1926 TIME 1 35557.8 31643.4 16483.2 16692.4  16483.2  18048.9 13594.5  6870.77 7007.97  17.4823 17.3734 17.2645 4.14192 4.09372 4.04552 17.2645 0.00116968  346.578 340.326 339.856 113.926 110.437 110.174 339.856 0.0133303  0 0 0 0 0 0 0 0  0 0 0 0 0 0 0 0  0 0 0 0 0 0 0 0 16483.2 NA
1 1927 TIME 1 35484.4 31569.8 16438.6 16689.6  16438.6  18004.6 13565.2  6860.31 6997.83  15.09 14.996 14.9019 3.57636 3.53468 3.493 14.9019 0.0010135  409.211 401.822 401.266 134.616 130.488 130.177 401.266 0.0157935  0 0 0 0 0 0 0 0  0 0 0 0 0 0 0 0  0 0 0 0 0 0 0 0 16438.6 NA
1 1928 TIME 1 35373.5 31459.6 16370.7 16685.3  16370.7  17936.4 13523.2  6845.86 6983.62  12.6978 12.6186 12.5393 3.01165 2.9765 2.94136 12.5393 0.000855585  329.785 323.823 323.374 108.59 105.257 105.006 323.374 0.0127596  0 0 0 0 0 0 0 0  0 0 0 0 0 0 0 0  0 0 0 0 0 0 0 0 16370.7 NA
1 1929 TIME 1 35354.7 31441.4 16357.5 16684.6  16357.5  17923.7 13517.8  6846.5 6984.01  51.3063 50.9855 50.6646 12.1869 12.0444 11.9018 50.6646 0.00348488  691.076 678.557 677.614 227.93 220.921 220.394 677.614 0.0269199  0 0 0 0 0 0 0 0  0 0 0 0 0 0 0 0  0.52046 0.52046 0.52046 0.129042 0.129042 0.129042 0.52046 2.68108e-05 16357.5 NA
1 1930 TIME 1 35002.8 31090.8 16140.2 16670.3  16140.2  17703.1 13387.7  6795.49 6935.36  89.1694 88.6092 88.0491 21.2487 20.9988 20.749 88.0491 0.00614358  642.833 631.138 630.258 212.753 206.187 205.693 630.258 0.0253346  0 0 0 0 0 0 0 0  0 0 0 0 0 0 0 0  1.042 1.042 1.042 0.258991 0.258991 0.258991 1.042 5.44085e-05 16140.2 NA
1 1931 TIME 1 34729.6 30818.6 15962.5 16658.4  15962.5  17524.7 13293.9  6762.75 6905.02  105.504 104.838 104.172 25.226 24.9282 24.6304 104.172 0.00734166  486.873 477.979 477.31 161.66 156.658 156.281 477.31 0.0193262  0 0 0 0 0 0 0 0  0 0 0 0 0 0 0 0  1.56156 1.56156 1.56156 0.389188 0.389188 0.389188 1.56156 8.22736e-05 15962.5 NA
1 1932 TIME 1 34635.2 30727.2 15892.4 16653.8  15892.4  17455.7 13271.5  6759.14 6903.12  72.4883 72.0294 71.5705 17.3725 17.1671 16.9617 71.5705 0.00505915  381.71 374.722 374.196 126.965 123.034 122.738 374.196 0.0151673  0 0 0 0 0 0 0 0  0 0 0 0 0 0 0 0  2.08401 2.08401 2.08401 0.52043 0.52043 0.52043 2.08401 0.000110023 15892.4 NA
1 1933 TIME 1 34683.7 30777.9 15917 16656  15917  17480.4 13297.5  6772 6915.66  100.287 99.6505 99.0144 24.0691 23.7844 23.4997 99.0144 0.00701072  504.523 495.278 494.582 167.947 162.749 162.358 494.582 0.0200586  0 0 0 0 0 0 0 0  0 0 0 0 0 0 0 0  2.60447 2.60447 2.60447 0.651177 0.651177 0.651177 2.60447 0.000137631 15917 NA
1 1934 TIME 1 34600.3 30695.2 15862.9 16652.8  15862.9  17424.1 13271.1  6759.57 6904.54  160.951 159.928 158.904 38.6968 38.2383 37.7799 158.904 0.0113124  533.592 523.798 523.06 177.866 172.356 171.941 523.06 0.0213026  0 0 0 0 0 0 0 0  0 0 0 0 0 0 0 0  3.12674 3.12674 3.12674 0.782804 0.782804 0.782804 3.12674 0.000166024 15862.9 NA
1 1935 TIME 1 34459.1 30554 15767.6 16646.7  15767.6  17327.6 13226.4  6739.85 6887.9  191.261 190.041 188.822 46.0839 45.5366 44.9894 188.822 0.01354  552.228 542.067 541.303 184.436 178.712 178.282 541.303 0.0221708  0 0 0 0 0 0 0 0  0 0 0 0 0 0 0 0  3.64666 3.64666 3.64666 0.914478 0.914478 0.914478 3.64666 0.000194914 15767.6 NA
1 1936 TIME 1 34306.7 30402.6 15663.7 16640.2  15663.7  17223.5 13179.1  6721.07 6872.21  204.19 202.884 201.577 49.3237 48.7362 48.1487 201.577 0.014583  639.135 627.341 626.454 213.969 207.315 206.815 626.454 0.0258367  0 0 0 0 0 0 0 0  0 0 0 0 0 0 0 0  4.1691 4.1691 4.1691 1.04754 1.04754 1.04754 4.1691 0.000224658 15663.7 NA
1 1937 TIME 1 34102.8 30200.3 15530.3 16631.6  15530.3  17089 13111.3  6695.18 6848.89  301.928 299.988 298.047 73.1742 72.2992 71.4242 298.047 0.0218001  611.594 600.265 599.412 205.384 198.981 198.499 599.412 0.0249295  0 0 0 0 0 0 0 0  0 0 0 0 0 0 0 0  6.45815 6.45815 6.45815 1.6269 1.6269 1.6269 6.45815 0.000351508 15530.3 NA
1 1938 TIME 1 33883.8 29982.9 15379.4 16621.9  15379.4  16937.2 13045.7  6669.13 6827.99  200.297 199.002 197.706 48.7619 48.1751 47.5884 197.706 0.0147551  1267.1 1243.5 1241.72 427.422 414.038 413.03 1241.72 0.0525125  0 0 0 0 0 0 0 0  0 0 0 0 0 0 0 0  7.81558 7.81558 7.81558 1.97558 1.97558 1.97558 7.81558 0.000433544 15379.4 NA
1 1939 TIME 1 33239 29341 14988.6 16593.8  14988.6  16540.4 12800.6  6576.21 6735.6  391.508 388.954 386.399 95.9324 94.768 93.6035 386.399 0.0295371  799.551 784.54 783.41 271.471 262.918 262.274 783.41 0.03376  0 0 0 0 0 0 0 0  0 0 0 0 0 0 0 0  10.7944 10.7944 10.7944 2.74227 2.74227 2.74227 10.7944 0.000612293 14988.6 NA
1 1940 TIME 1 32957.4 29062.4 14788.4 16580.1  14788.4  16341.8 12720.6  6551.77 6717.03  656.677 652.344 648.012 162.23 160.243 158.256 648.012 0.0507458  934.828 917.116 915.783 319.739 309.61 308.847 915.783 0.0401592  0 0 0 0 0 0 0 0  0 0 0 0 0 0 0 0  11.3392 11.3392 11.3392 2.8995 2.8995 2.8995 11.3392 0.000657185 14788.4 NA
1 1941 TIME 1 32414.2 28525.3 14417.5 16552.3  14417.5  15968 12557.3  6484.89 6663.83  575.832 571.985 568.139 143.561 141.787 140.012 568.139 0.0455892  828.807 812.954 811.761 285.67 276.572 275.887 811.761 0.0362074  0 0 0 0 0 0 0 0  0 0 0 0 0 0 0 0  10.4798 10.4798 10.4798 2.69921 2.69921 2.69921 10.4798 0.000620417 14417.5 NA
1 1942 TIME 1 32146.4 28261.4 14229.1 16539.5  14229.1  15778 12483.5  6459.08 6643.02  918.752 912.538 906.324 231.172 228.29 225.408 906.324 0.0745748  919.69 901.935 900.599 319.382 309.159 308.39 900.599 0.0408891  0 0 0 0 0 0 0 0  0 0 0 0 0 0 0 0  5.56772 5.56772 5.56772 1.4444 1.4444 1.4444 5.56772 0.000336896 14229.1 NA
1 1943 TIME 1 31590.5 27711.5 13847.9 16509.7  13847.9  15393.1 12318.5  6387.39 6586.55  1045.69 1038.52 1031.34 266.009 262.658 259.308 1031.34 0.0872846  672.139 659.021 658.034 235.489 227.908 227.337 658.034 0.0304606  0 0 0 0 0 0 0 0  0 0 0 0 0 0 0 0  5.32402 5.32402 5.32402 1.39301 1.39301 1.39301 5.32402 0.000330073 13847.9 NA
1 1944 TIME 1 31260.3 27385.3 13600.4 16491.8  13600.4  15144.3 12240.9  6352.89 6565.34  1603.59 1592.39 1581.18 413.319 408.048 402.777 1581.18 0.138694  762.422 747.348 746.213 269.963 261.209 260.55 746.213 0.035423  0 0 0 0 0 0 0 0  0 0 0 0 0 0 0 0  4.37107 4.37107 4.37107 1.15532 1.15532 1.15532 4.37107 0.000279573 13600.4 NA
1 1945 TIME 1 30480.2 26612.2 13056.3 16444.9  13056.3  14595.5 12016.7  6248.47 6487.86  1204.77 1196.21 1187.65 314.515 310.46 306.406 1187.65 0.107235  478.117 468.55 467.83 170.958 165.382 164.962 467.83 0.0226252  0 0 0 0 0 0 0 0  0 0 0 0 0 0 0 0  5.82858 5.82858 5.82858 1.55589 1.55589 1.55589 5.82858 0.000381947 13056.3 NA
1 1946 TIME 1 30429.3 26566.4 12996.8 16446.3  12996.8  14537.1 12029.4  6259.18 6501.12  1541.6 1530.51 1519.43 406.036 400.767 395.498 1519.43 0.140025  741.871 726.912 725.786 266.945 258.21 257.552 725.786 0.0355739  0 0 0 0 0 0 0 0  0 0 0 0 0 0 0 0  10.0322 10.0322 10.0322 2.69633 2.69633 2.69633 10.0322 0.000668665 12996.8 NA
1 1947 TIME 1 29902 26047.7 12648 16419.4  12648  14182.8 11865  6185.44 6440.08  1159.81 1151.39 1142.97 307.788 303.772 299.756 1142.97 0.107067  524.733 514.084 513.282 189.825 183.597 183.128 513.282 0.0254225  0 0 0 0 0 0 0 0  0 0 0 0 0 0 0 0  36.3932 36.3932 36.3932 9.83771 9.83771 9.83771 36.3932 0.00245863 12648 NA
1 1948 TIME 1 29952.5 26098.9 12675.5 16434.6  12675.5  14209.3 11889.6  6201.35 6451.49  1565.72 1554.28 1542.84 417.516 412.051 406.586 1542.84 0.146145  617.821 605.233 604.286 224.23 216.86 216.306 604.286 0.030155  0 0 0 0 0 0 0 0  0 0 0 0 0 0 0 0  39.6701 39.6701 39.6701 10.7625 10.7625 10.7625 39.6701 0.00270502 12675.5 NA
1 1949 TIME 1 29589.5 25740.2 12432.3 16425  12432.3  13963.2 11777  6148.96 6410.02  1101.73 1093.63 1085.54 295.047 291.172 287.297 1085.54 0.103932  696.323 682.083 681.012 253.511 245.163 244.534 681.012 0.0342389  0 0 0 0 0 0 0 0  0 0 0 0 0 0 0 0  43.2528 43.2528 43.2528 11.7719 11.7719 11.7719 43.2528 0.00297659 12432.3 NA
1 1950 TIME 1 29608.1 25756.3 12457 16452.1  12457  13986.4 11769.9  6154.74 6406.54  1120.2 1111.97 1103.75 299.823 295.893 291.964 1103.75 0.105015  439.551 430.573 429.898 159.869 154.612 154.217 429.898 0.0214948  0 0 0 0 0 0 0 0  0 0 0 0 0 0 0 0  38.8531 38.8531 38.8531 10.5701 10.5701 10.5701 38.8531 0.0026572 12457 NA
1 1951 TIME 1 29834.2 25981.7 12594.4 16503.9  12594.4  14127.4 11854.3  6194.61 6442.17  1261.77 1252.53 1243.28 337.254 332.846 328.439 1243.28 0.117352  437.255 428.342 427.672 158.769 153.559 153.167 427.672 0.0212409  0 0 0 0 0 0 0 0  0 0 0 0 0 0 0 0  40.164 40.164 40.164 10.9158 10.9158 10.9158 40.164 0.00272564 12594.4 NA
1 1952 TIME 1 29913.2 26052.9 12633.9 16560.4  12633.9  14166.1 11886.7  6202.62 6452.89  824.271 818.262 812.253 219.517 216.662 213.807 812.253 0.0755499  462.825 453.432 452.725 167.464 161.987 161.575 452.726 0.0222291  0 0 0 0 0 0 0 0  0 0 0 0 0 0 0 0  28.5792 28.5792 28.5792 7.74586 7.74586 7.74586 28.5792 0.00191309 12633.9 NA
1 1953 TIME 1 30333 26459.6 12906.6 16656.3  12906.6  14442.6 12017  6263.38 6500.29  515.166 511.46 507.754 135.868 134.122 132.375 507.754 0.0455651  216.309 211.967 211.64 77.5844 75.0659 74.8764 211.64 0.0101101  0 0 0 0 0 0 0 0  0 0 0 0 0 0 0 0  21.0818 21.0818 21.0818 5.67167 5.67167 5.67167 21.0818 0.00136558 12906.6 NA
1 1954 TIME 1 31154.5 27264.5 13430.9 16786.6  13430.9  14975.7 12288.8  6384.28 6602.69  685.809 680.951 676.093 178.811 176.542 174.273 676.093 0.0584408  278.838 273.308 272.892 99.0223 95.833 95.5929 272.892 0.0126795  0 0 0 0 0 0 0 0  0 0 0 0 0 0 0 0  33.949 33.949 33.949 9.05309 9.05309 9.05309 33.949 0.00212614 13430.9 NA
1 1955 TIME 1 31634.3 27720 13728.2 16876.4  13728.2  15277.6 12442.4  6442.15 6656.16  1225.17 1216.55 1207.94 317.669 313.652 309.635 1207.94 0.103012  222.292 217.905 217.574 78.6261 76.0977 75.9074 217.574 0.0100196  0 0 0 0 0 0 0 0  0 0 0 0 0 0 0 0  36.3482 36.3482 36.3482 9.64986 9.64986 9.64986 36.3482 0.00225092 13728.2 NA
1 1956 TIME 1 31645.7 27704.3 13685.6 16888.5  13685.6  15241.6 12462.7  6437.15 6667.98  901.97 895.643 889.316 233.409 230.458 227.507 889.316 0.0753613  208.483 204.373 204.063 73.6802 71.3093 71.1308 204.063 0.00935144  0 0 0 0 0 0 0 0  0 0 0 0 0 0 0 0  49.5554 49.5554 49.5554 13.1351 13.1351 13.1351 49.5554 0.00305249 13685.6 NA
1 1957 TIME 1 31944.9 27988.1 13844.6 16790.6  13844.6  15413.4 12574.7  6491.77 6721.95  1156.95 1148.85 1140.75 298.985 295.205 291.425 1140.75 0.0961352  260.221 255.093 254.707 91.9219 88.963 88.7403 254.707 0.0116174  0 0 0 0 0 0 0 0  0 0 0 0 0 0 0 0  57.301 57.301 57.301 15.1727 15.1727 15.1727 57.301 0.00351262 13844.6 NA
1 1958 TIME 1 31942.5 27991.3 13816.4 16543.9  13816.4  15393 12598.3  6502.54 6741.79  1199.33 1190.91 1182.49 310.407 306.475 302.544 1182.49 0.099856  197.717 193.812 193.519 69.9555 67.7015 67.5318 193.519 0.00882894  0 0 0 0 0 0 0 0  0 0 0 0 0 0 0 0  63.0239 63.0239 63.0239 16.711 16.711 16.711 63.0239 0.00386927 13816.4 NA
1 1959 TIME 1 31939.6 28021.7 13810.6 16198.6  13810.6  15389.9 12631.8  6513.96 6760.38  1771.34 1758.82 1746.3 460.619 454.762 448.906 1746.3 0.149499  176.099 172.604 172.341 62.5442 60.5257 60.3737 172.341 0.00793482  0 0 0 0 0 0 0 0  0 0 0 0 0 0 0 0  49.6932 49.6932 49.6932 13.2285 13.2285 13.2285 49.6932 0.00308686 13810.6 NA
1 1960 TIME 1 31444.4 27594.1 13505.3 15436.6  13505.3  15075.2 12518.9  6443.42 6713.23  1993.49 1979.22 1964.96 523.113 516.415 509.717 1964.96 0.173368  226.59 222.053 221.712 81.034 78.4104 78.213 221.712 0.0104341  0 0 0 0 0 0 0 0  0 0 0 0 0 0 0 0  41.5299 41.5299 41.5299 11.137 11.137 11.137 41.5299 0.00264875 13505.3 NA
1 1961 TIME 1 30708.9 26971.3 13103.7 14067.3  13103.7  14651 12320.4  6328.09 6617.93  1920.45 1906.55 1892.65 508.116 501.589 495.062 1892.65 0.172173  216.452 212.088 211.76 77.8277 75.307 75.1172 211.76 0.0101979  0 0 0 0 0 0 0 0  0 0 0 0 0 0 0 0  41.0172 41.0172 41.0172 11.0751 11.0751 11.0751 41.0172 0.0026867 13103.7 NA
1 1962 TIME 1 29955.8 26435.9 12793 12772.8  12793  14310.2 12125.6  6211.77 6509.93  1156.18 1147.82 1139.46 305.586 301.706 297.827 1139.46 0.104318  201.947 197.893 197.588 72.3298 70.0121 69.8376 197.588 0.00957578  0 0 0 0 0 0 0 0  0 0 0 0 0 0 0 0  39.9954 39.9954 39.9954 10.8021 10.8021 10.8021 39.9954 0.00263204 12793 NA
1 1963 TIME 1 29634.1 26411.3 12907.4 14094.4  12907.4  14364.4 12046.9  6120.51 6397.69  909.717 903.26 896.803 237.145 234.216 231.287 896.803 0.0807394  176.545 173.07 172.809 62.1946 60.2476 60.1011 172.809 0.00832336  0 0 0 0 0 0 0 0  0 0 0 0 0 0 0 0  39.9526 39.9526 39.9526 10.6914 10.6914 10.6914 39.9526 0.00258997 12907.4 NA
1 1964 TIME 1 29302.1 26174.2 13003.2 20798.7  13003.2  14343.2 11831  5899.57 6153.72  1299.68 1290.67 1281.67 333.15 329.109 325.068 1281.67 0.114868  106.285 104.244 104.09 36.7255 35.5956 35.5105 104.09 0.00506561  0 0 0 0 0 0 0 0  0 0 0 0 0 0 0 0  38.774 38.774 38.774 10.2385 10.2385 10.2385 38.774 0.00251036 13003.2 NA
1 1965 TIME 1 28936 25212.8 12657.4 18243.7  12657.4  13870 11342.8  5534.61 5785.37  1456.32 1446.34 1436.37 370.762 366.154 361.545 1436.37 0.131523  101.883 99.9401 99.7939 35.0849 33.9763 33.8928 99.7939 0.00502263  0 0 0 0 0 0 0 0  0 0 0 0 0 0 0 0  56.6324 56.6324 56.6324 14.7885 14.7885 14.7885 56.6324 0.0037641 12657.4 NA
1 1966 TIME 1 29119.2 24431.1 12123.5 15235.4  12123.5  13409.9 11021.3  5465.12 5719.71  1525.95 1515.29 1504.63 394.47 389.283 384.096 1504.63 0.142728  129.011 126.454 126.262 45.9327 44.3814 44.2647 126.262 0.00655637  0 0 0 0 0 0 0 0  0 0 0 0 0 0 0 0  79.1732 79.1732 79.1732 20.7487 20.7487 20.7487 79.1732 0.00548969 12123.5 NA
1 1967 TIME 1 29548.6 25466 11933.6 15517  11933.6  13780.3 11685.7  6360.31 6627.67  2279.63 2262.82 2246.01 611.978 603.597 595.215 2246.01 0.223508  146.893 143.797 143.565 54.8414 52.9424 52.7994 143.565 0.00753639  26.4951 26.4951 26.4951 8.64353 8.64353 8.64353 26.4951 0.0017707  0 0 0 0 0 0 0 0  83.6283 83.6283 83.6283 22.6646 22.6646 22.6646 83.6283 0.00607507 11933.6 NA
1 1968 TIME 1 29207.5 25625.3 11963.7 14546.8  11963.7  13700.3 11924.9  6481.59 6776.45  2656.8 2636.14 2615.47 740.819 730.607 720.395 2615.47 0.273202  109.781 107.406 107.227 41.7721 40.3572 40.2507 107.227 0.00564568  27.9827 27.9827 27.9827 9.38097 9.38097 9.38097 27.9827 0.00191413  0 0 0 0 0 0 0 0  80.6963 80.6963 80.6963 22.7632 22.7632 22.7632 80.6963 0.00603159 11963.7 NA
1 1969 TIME 1 28440.6 24860.9 11759.5 15474.3  11759.5  13221.2 11639.7  6080.55 6399.82  1562.07 1549.81 1537.55 438.786 432.877 426.968 1537.55 0.160772  155.117 151.815 151.566 58.2487 56.332 56.1878 151.566 0.0079167  29.4703 29.4703 29.4703 9.8238 9.8238 9.8238 29.4703 0.0019988  0 0 0 0 0 0 0 0  62.7755 62.7755 62.7755 17.8329 17.8329 17.8329 62.7755 0.00461215 11759.5 NA
1 1970 TIME 1 28576.8 24971.5 11911.9 34654  11911.9  13359 11612.6  5985.68 6288.55  1043.86 1035.91 1027.95 287.329 283.542 279.755 1027.95 0.103122  184.898 181.086 180.799 67.7152 65.5272 65.3626 180.799 0.00927564  30.9579 30.9579 30.9579 10.0762 10.0762 10.0762 30.9579 0.00203536  0 0 0 0 0 0 0 0  96.0772 96.0772 96.0772 26.7601 26.7601 26.7601 96.0772 0.00678127 11911.9 NA
1 1971 TIME 1 30027.8 25060.1 12165.1 47442.7  12165.1  13536.4 11523.7  5844.3 6121.26  1330.84 1320.93 1311.01 362.436 357.375 352.314 1311.01 0.127711  186.244 182.448 182.162 67.9492 65.6401 65.4663 182.162 0.00929632  32.4455 32.4455 32.4455 10.5619 10.5619 10.5619 32.4455 0.00209902  0 0 0 0 0 0 0 0  111.813 111.813 111.813 30.5388 30.5388 30.5388 111.813 0.0077531 12165.1 NA
1 1972 TIME 1 33724.7 24967.5 12124.5 19052.6  12124.5  13520.2 11447.3  5849.41 6121.41  1497.33 1485.64 1473.95 424.443 417.649 410.854 1473.95 0.141932  207.552 202.974 202.629 81.5038 78.2906 78.0487 202.629 0.0101502  33.9331 33.9331 33.9331 11.8201 11.8201 11.8201 33.9331 0.00216164  0 0 0 0 0 0 0 0  136.641 136.641 136.641 37.6161 37.6161 37.6161 136.641 0.00951369 12124.5 NA
1 1973 TIME 1 39033.1 29707.8 12784.5 26795.1  12784.5  15709.8 13998  8558.46 8858.67  1983.07 1965.71 1948.36 609.843 599.474 589.105 1948.36 0.180389  136.008 132.591 132.333 59.1949 56.7534 56.5697 132.333 0.00592038  35.4207 35.4207 35.4207 13.4993 13.4993 13.4993 35.4207 0.00209283  0 0 0 0 0 0 0 0  136.032 136.032 136.032 40.0809 40.0809 40.0809 136.032 0.00917096 12784.5 NA
1 1974 TIME 1 43211.8 38254.7 15569.3 24893.4  15569.3  19841.1 18413.6  12093.6 12448.6  2087.93 2068.53 2049.12 667.632 656.984 646.336 2049.12 0.170026  105.175 102.521 102.321 45.4678 43.7822 43.6553 102.321 0.00379721  36.9082 36.9082 36.9082 14.173 14.173 14.173 36.9083 0.00187987  80.3847 80.3847 80.3847 38.8642 38.8642 38.8642 80.3847 0.00245487  138.836 138.836 138.836 43.6675 43.6675 43.6675 138.836 0.00812463 15569.3 NA
1 1975 TIME 1 45844.1 39759 18854.5 14718.7  18854.5  21025.5 18733.5  10329.3 10696.4  1946.13 1928.83 1911.53 601.055 592.433 583.811 1911.53 0.136511  145.568 142.214 141.962 58.2978 56.3431 56.196 141.962 0.0046072  38.3958 38.3958 38.3958 13.8477 13.8477 13.8477 38.3958 0.00168514  84.7983 84.7983 84.7983 37.5545 37.5545 37.5545 84.7983 0.00235083  151.951 151.951 151.951 46.8231 46.8231 46.8231 151.951 0.00736796 18854.5 NA
1 1976 TIME 1 46760.6 41589.8 19849.5 14522.8  19849.5  22263.3 19326.5  10288.4 10678.1  1931.66 1915.94 1900.22 558.394 551.155 543.917 1900.22 0.119837  160.848 157.436 157.179 60.2312 58.3271 58.1838 157.179 0.00482775  21.4489 21.4489 21.4489 7.18952 7.18952 7.18952 21.4489 0.00085799  116.752 116.752 116.752 48.4616 48.4616 48.4616 116.752 0.00313149  159.213 159.213 159.213 46.2585 46.2585 46.2585 159.213 0.00684488 19849.5 NA
1 1977 TIME 1 45629.2 42173.5 20434.5 17088.2  20434.5  22801.5 19372  10002.5 10405.9  1683.38 1670.88 1658.38 454.353 448.981 443.608 1658.38 0.0972196  222.788 218.391 218.06 78.5397 76.216 76.0411 218.06 0.00663294  28.9353 28.9353 28.9353 9.06744 9.06744 9.06744 28.9353 0.00111721  110.205 110.205 110.205 42.8482 42.8482 42.8482 110.205 0.00296482  116.821 116.821 116.821 32.2273 32.2273 32.2273 116.821 0.00478887 20434.5 NA
1 1978 TIME 1 43384.2 39773.3 20338.4 22639.8  20338.4  21867.4 17905.9  8408.45 8793.36  1382.8 1373.38 1363.96 350.52 346.632 342.745 1363.96 0.0780798  277.832 272.751 272.368 92.2177 89.6205 89.425 272.368 0.0085546  24.1988 24.1988 24.1988 7.14485 7.14485 7.14485 24.1988 0.00094421  118.882 118.882 118.882 43.3514 43.3514 43.3514 118.882 0.0033562  155.739 155.739 155.739 40.9339 40.9339 40.9339 155.739 0.00637144 20338.4 NA
1 1979 TIME 1 41185.6 36807.7 19134.9 24041.8  19134.9  20499.5 16308.2  7369.91 7726.28  2330.6 2315.64 2300.68 566.896 560.586 554.277 2300.68 0.137166  311.606 306.131 305.719 100.492 97.5881 97.3695 305.719 0.0104485  20.7105 20.7105 20.7105 5.92973 5.92973 5.92973 20.7105 0.000863277  159.596 159.596 159.596 57.089 57.089 57.089 159.596 0.00493289  169.08 169.08 169.08 42.6513 42.6513 42.6513 169.08 0.00734888 19134.9 NA
1 1980 TIME 1 38908.4 33582.9 17099.4 13722.8  17099.4  18645.1 14937.8  6944.42 7312.97  2210.98 2196.82 2182.66 536.96 530.546 524.132 2182.66 0.142687  164.924 161.925 161.7 54.7836 53.0498 52.9193 161.7 0.00611627  27.0144 27.0144 27.0144 7.87957 7.87957 7.87957 27.0144 0.00124463  219.953 219.953 219.953 82.5337 82.5337 82.5337 219.953 0.00743582  241.242 241.242 241.242 60.1551 60.1551 60.1551 241.242 0.011703 17099.4 NA
1 1981 TIME 1 37430.5 32490.3 15767.2 10530  15767.2  17790.5 14699.8  7474.75 7845.91  2119.66 2105.38 2091.11 531.899 525.166 518.432 2091.11 0.150121  223.467 219.083 218.753 78.6931 76.0727 75.8755 218.753 0.00878508  29.8645 29.8645 29.8645 9.12864 9.12864 9.12864 29.8645 0.00149059  174.297 174.297 174.297 69.7098 69.7098 69.7098 174.297 0.00613054  207.644 207.644 207.644 53.2929 53.2929 53.2929 207.644 0.0111141 15767.2 NA
1 1982 TIME 1 35682.5 32652.6 15416.8 13590.2  15416.8  17650.5 15002.1  8027.5 8394.61  2540.5 2522.44 2504.39 660.145 651.851 643.557 2504.39 0.194502  323.665 317.1 316.606 116.471 112.754 112.474 316.606 0.0130872  33.0524 33.0524 33.0524 10.3687 10.3687 10.3687 33.0524 0.00173993  195.877 195.877 195.877 78.8324 78.8324 78.8324 195.877 0.00704863  155.425 155.425 155.425 41.6946 41.6946 41.6946 155.425 0.00883597 15416.8 NA
1 1983 TIME 1 32849 30218.5 14913.1 8380.5  14913.1  16344.6 13874  6847.3 7210.13  3145.51 3122.85 3100.19 825.555 815.599 805.644 3100.19 0.260865  362.536 355.398 354.861 127.267 123.457 123.17 354.861 0.0156076  40.8486 40.8486 40.8486 12.6866 12.6866 12.6866 40.8486 0.00229465  153.085 153.085 153.085 59.2637 59.2637 59.2637 153.085 0.00594462  103.752 103.752 103.752 28.2513 28.2513 28.2513 103.752 0.00621676 14913.1 NA
1 1984 TIME 1 29188 26350.5 13225.9 7346.66  13225.9  14251.3 12099.1  5547.01 5921.13  2971.99 2950.96 2929.94 771.256 762.257 753.257 2929.94 0.271963  353.225 346.505 346 120.859 117.299 117.031 346 0.0171121  68.52 68.52 68.52 20.833 20.833 20.833 68.52 0.00426157  170.306 170.306 170.306 64.4051 64.4051 64.4051 170.306 0.00751865  90.574 90.574 90.574 24.2572 24.2572 24.2572 90.574 0.00593717 13225.9 NA
1 1985 TIME 1 25463 23485.2 11370 18943.3  11370  12596.5 10888.7  5151.19 5524.46  2961.7 2941.12 2920.54 759.045 750.268 741.491 2920.54 0.310307  439.769 431.473 430.848 149.379 144.991 144.661 430.848 0.0248142  53.7536 53.7536 53.7536 16.1553 16.1553 16.1553 53.7536 0.00386311  169.499 169.499 169.499 63.767 63.767 63.767 169.499 0.0087  174.182 174.182 174.182 46.0079 46.0079 46.0079 174.182 0.0131975 11370 NA
1 1986 TIME 1 22071.1 19655.1 9629.63 10316  9629.63  10477.3 9177.75  4138.67 4494.96  1734.9 1722.93 1710.96 443.652 438.271 432.891 1710.96 0.20992  448.229 439.806 439.172 152.299 147.661 147.312 439.172 0.0294121  56.7882 56.7882 56.7882 17.16 17.16 17.16 56.7882 0.00474065  173.648 173.648 173.648 65.5201 65.5201 65.5201 173.648 0.0103791  165.963 165.963 165.963 43.6009 43.6009 43.6009 165.963 0.0146175 9629.63 NA
1 1987 TIME 1 20742.2 16887.1 8363.15 7321.78  8363.15  9039.74 7847.38  3469.36 3771.62  1593.51 1582.18 1570.85 417.319 411.778 406.237 1570.85 0.218441  358.343 351.203 350.665 128.321 123.92 123.588 350.665 0.0265347  65.4165 65.4165 65.4165 23.4881 23.4881 23.4881 65.4165 0.00455227  186.788 186.788 186.788 76.2093 76.2093 76.2093 186.788 0.0124402  169.235 169.235 169.235 44.5852 44.5852 44.5852 169.235 0.017039 8363.15 NA
1 1988 TIME 1 19803.9 17573.8 7601.59 8480.94  7601.59  9202.82 8371.01  4699.82 4970.61  1605.73 1593.42 1581.11 442.784 436.646 430.508 1581.11 0.245255  360.679 352.801 352.209 138.37 133.533 133.169 352.209 0.028162  68.7859 68.7859 68.7859 27.1693 27.1693 27.1693 68.7859 0.00489903  113.838 113.838 113.838 49.4971 49.4971 49.4971 113.838 0.0077768  184.871 184.871 184.871 51.1581 51.1581 51.1581 184.871 0.0208209 7601.59 NA
1 1989 TIME 1 18659 16860.4 7760.93 9558.1  7760.93  8834.81 8025.55  4269.86 4512.97  2097.74 2080.78 2063.83 600.677 592.49 584.303 2063.83 0.353891  548.401 536.346 535.439 210.744 203.821 203.3 535.439 0.0447119  86.4149 86.4149 86.4149 34.2705 34.2705 34.2705 86.4149 0.00636588  158.071 158.071 158.071 67.4242 67.4242 67.4242 158.071 0.0113313  171.93 171.93 171.93 49.9548 49.9548 49.9548 171.93 0.0207787 7760.93 NA
1 1990 TIME 1 16803.9 14721.3 7001.38 13279.1  7001.38  7719.6 7001.66  3452.32 3689.3  1698.28 1684.53 1670.77 488.478 481.894 475.31 1670.77 0.313836  495.231 484.694 483.901 185.845 179.852 179.401 483.901 0.0442865  66.0485 66.0485 66.0485 25.2797 25.2797 25.2797 66.0485 0.00542614  127.242 127.242 127.242 52.9554 52.9554 52.9554 127.242 0.0101583  148.939 148.939 148.939 43.1556 43.1556 43.1556 148.939 0.0192138 7001.38 NA
1 1991 TIME 1 15769.7 13296.9 6205.4 12073  6205.4  6968.46 6328.48  3148.98 3373.09  2338.62 2319.62 2300.61 677.73 668.055 658.381 2300.61 0.483527  230.815 225.835 225.46 88.0609 85.0221 84.7934 225.46 0.0234358  63.796 63.796 63.796 24.5703 24.5703 24.5703 63.796 0.00598247  103.284 103.284 103.284 44.3384 44.3384 44.3384 103.284 0.00931975  125.949 125.949 125.949 36.0825 36.0825 36.0825 125.949 0.0182862 6205.4 NA
1 1992 TIME 1 15075.3 12061.5 5355.41 9643.83  5355.41  6208.64 5852.82  3069.38 3298.7  1183.16 1173.05 1162.95 356.735 351.184 345.633 1162.95 0.267378  227.895 222.608 222.21 92.5501 89.0695 88.8075 222.21 0.0247444  95.3248 95.3248 95.3248 38.8043 38.8043 38.8043 95.3248 0.00949161  155.517 155.517 155.517 71.9343 71.9343 71.9343 155.517 0.0146978  102.958 102.958 102.958 30.1318 30.1318 30.1318 102.958 0.0165798 5355.41 NA
1 1993 TIME 1 15654.4 12980 5487.12 10284.5  5487.12  6658.37 6321.59  3674.08 3874.23  1485.06 1470.28 1455.5 510.465 500.159 489.852 1455.5 0.399243  177.86 173.505 173.177 75.3265 72.4732 72.2584 173.177 0.0187832  121.732 121.732 121.732 52.1376 52.1376 52.1376 121.732 0.0115942  237.243 237.243 237.243 113.729 113.729 113.729 237.243 0.0214583  79.9679 79.9679 79.9679 24.3758 24.3758 24.3758 79.9679 0.0131152 5487.12 NA
1 1994 TIME 1 15844.7 13525.7 5824 13304.6  5824  6946.71 6579.01  3830.6 4014.6  1250.44 1237.85 1225.26 433.087 424.545 416.004 1225.26 0.328193  232.271 226.621 226.196 97.5526 94.0173 93.7512 226.196 0.0232471  112.782 112.782 112.782 48.1722 48.1722 48.1722 112.782 0.010123  195.583 195.583 195.583 91.8916 91.8916 91.8916 195.583 0.0168436  44.3036 44.3036 44.3036 13.8178 13.8178 13.8178 44.3036 0.00695393 5824 NA
1 1995 TIME 1 16266.6 13647.4 6177.97 15582.5  6177.97  7094.83 6552.56  3619.78 3790.37  940.114 930.947 921.78 318.803 312.531 306.258 921.78 0.229576  170.162 166.194 165.895 69.12 66.6769 66.4931 165.895 0.0160917  67.5783 67.5783 67.5783 24.2974 24.2974 24.2974 67.5783 0.00646861  98.4388 98.4388 98.4388 35.999 35.999 35.999 98.4388 0.00923805  48.5947 48.5947 48.5947 14.8701 14.8701 14.8701 48.5947 0.0069819 6177.97 NA
1 1996 TIME 1 17388.5 14163.1 6510.82 10089.7  6510.82  7448.54 6714.55  3657.72 3821.67  1049.71 1039.73 1029.74 349.934 343.027 336.12 1029.74 0.236861  176.728 172.669 172.364 71.1305 68.5506 68.3564 172.364 0.0159441  59.7602 59.7602 59.7602 20.8419 20.8419 20.8419 59.7602 0.00552169  118.378 118.378 118.378 42.012 42.012 42.012 118.378 0.0107344  65.5511 65.5511 65.5511 19.5281 19.5281 19.5281 65.5511 0.00878229 6510.82 NA
1 1997 TIME 1 18493.4 15200.9 6810.39 10290.8  6810.39  7993.76 7207.09  4097.11 4266.51  991.14 981.743 972.347 327.93 321.655 315.379 972.347 0.208878  231.153 225.74 225.333 94.427 90.9537 90.6923 225.333 0.0196617  56.2907 56.2907 56.2907 19.7021 19.7021 19.7021 56.2908 0.00495522  145.613 145.613 145.613 51.9668 51.9668 51.9668 145.613 0.0125531  47.9401 47.9401 47.9401 14.2382 14.2382 14.2382 47.9401 0.00611714 6810.39 NA
1 1998 TIME 1 19239.1 16861.4 7433.12 10500.1  7433.12  8851.5 8009.92  4708.52 4882.92  3048.1 1617.58 187.054 1494.17 770.319 46.4713 187.054 0.256819  149.039 71.8138 66.0012 59.8151 22.9145 20.137 66.0012 0.0118373  36.8754 36.8754 36.8754 11.2153 11.2153 11.2153 36.8754 0.00381936  92.6997 92.6997 92.6997 27.2889 27.2889 27.2889 92.6997 0.00936691  45.7893 45.7893 45.7893 13.6236 13.6236 13.6236 45.7893 0.00548131 7433.12 NA
1 1999 TIME 1 19162.7 16690.9 7947.19 19265.7  7947.19  8938.69 7752.23  4224.56 4363.82  3026.36 1610.23 194.092 1436.49 741.934 47.3825 194.092 0.253487  174.449 86.0665 79.4141 66.8102 26.4712 23.4349 79.4141 0.0135275  42.6944 42.6944 42.6944 12.9291 12.9291 12.9291 42.6944 0.00414352  87.9869 87.9869 87.9869 25.8325 25.8325 25.8325 87.9869 0.00829606  61.9628 61.9628 61.9628 17.6668 17.6668 17.6668 61.9628 0.00621775 7947.19 NA
1 2000 TIME 1 19208.5 16193.1 7867.44 19456.5  7867.44  8795.85 7397.21  3935.58 4050.88  982.136 524.395 66.6542 476.783 246.315 15.8482 66.6542 0.0812043  106.536 54.0919 50.1444 39.5776 15.9731 14.1964 50.1444 0.00813992  31.2441 31.2441 31.2441 9.15626 9.15626 9.15626 31.2441 0.00293766  54.7442 54.7442 54.7442 15.5568 15.5568 15.5568 54.7442 0.00497396  35.0474 35.0474 35.0474 9.68626 9.68626 9.68626 35.0474 0.00336117 7867.44 NA
1 2001 TIME 1 21160.8 16663.7 8210.37 16708.8  8210.37  9156.43 7507.23  3972.72 4071.22  821.789 439.454 57.1188 420.074 216.695 13.3166 57.1189 0.0639237  135.997 69.7965 64.8137 51.6239 20.3765 18.0246 64.8137 0.00987326  38.0392 38.0392 38.0392 10.8204 10.8204 10.8204 38.0392 0.00347343  60.6113 60.6113 60.6113 16.6747 16.6747 16.6747 60.6113 0.0053222  29.3338 29.3338 29.3338 7.85297 7.85297 7.85297 29.3338 0.00270483 8210.37 NA
1 2002 TIME 1 23676.1 19332.5 8854.56 12309.2  8854.56  10512.3 8820.23  5259 5361.02  1436.24 766.209 96.1756 747.695 385.142 22.5897 96.1756 0.101957  138.299 69.5836 64.4115 54.9081 20.9264 18.3686 64.4115 0.00916255  55.7216 55.7216 55.7216 15.9255 15.9255 15.9255 55.7216 0.00489289  87.6257 87.6257 87.6257 24.0682 24.0682 24.0682 87.6257 0.00740205  91.408 91.408 91.408 24.4372 24.4372 24.4372 91.408 0.0081182 8854.56 NA
1 2003 TIME 1 25519.7 21916.1 10066.8 9960.01  10066.8  11861.4 10054.7  6059.85 6169.94  1051.4 559.271 67.138 523.855 270.005 16.154 67.138 0.067268  133.129 65.7609 60.6902 52.9502 20.2302 17.7674 60.6902 0.00783338  66.2492 66.2492 66.2492 19.6967 19.6967 19.6967 66.2492 0.00515856  107.25 107.25 107.25 30.6218 30.6218 30.6218 107.25 0.00806147  180.514 180.514 180.514 50.022 50.022 50.022 180.514 0.0144093 10066.8 NA
1 2004 TIME 1 26547 23798.9 11351 12901.5  11351  12949 10849.9  6213.93 6334.63  1019.53 542.744 65.963 468.887 242.419 15.9516 65.963 0.0600384  138.079 68.9406 63.7366 52.332 20.7889 18.4147 63.7366 0.00736096  79.0154 79.0154 79.0154 23.7191 23.7191 23.7191 79.0154 0.00533295  111.068 111.068 111.068 32.1486 32.1486 32.1486 111.068 0.0072394  113.961 113.961 113.961 32.0119 32.0119 32.0119 113.961 0.00789802 11351 NA
1 2005 TIME 1 26657.8 24181.2 12128.1 6300.92  12128.1  13343.9 10837.3  5704.31 5828.15  1255.52 671.672 87.8264 536.53 278.594 20.659 87.8264 0.0718567  150.554 77.7817 72.3042 53.3388 22.2575 19.918 72.3042 0.00771881  82.3598 82.3598 82.3598 24.07 24.07 24.07 82.3598 0.00511863  135.085 135.085 135.085 38.1851 38.1851 38.1851 135.085 0.00807829  47.4085 47.4085 47.4085 13.0175 13.0175 13.0175 47.4085 0.00299497 12128.1 NA
1 2006 TIME 1 25943.8 23304.3 12105 13477.5  12105  13063.2 10241.1  5026.94 5147.35  1714.33 923.181 132.033 698.757 364.24 29.7224 132.033 0.101125  183.705 98.5118 92.0994 61.8027 26.6529 24.0072 92.0994 0.00962195  58.4772 58.4772 58.4772 16.3354 16.3354 16.3354 58.4772 0.00365189  128.918 128.918 128.918 34.8387 34.8387 34.8387 128.918 0.00769609  44.567 44.567 44.567 11.7154 11.7154 11.7154 44.567 0.00278645 12105 NA
1 2007 TIME 1 24534.2 22615.6 11575.2 10333.6  11575.2  12739.8 9875.75  4969.4 5086.21  740.053 433.791 127.528 297.62 163.387 29.1548 127.528 0.0464442  171.991 94.8027 88.9927 55.794 24.5544 22.203 88.9927 0.00941455  61.2298 61.2298 61.2298 18.6425 18.6425 18.6425 61.2298 0.00414088  102.411 102.411 102.411 32.8256 32.8256 32.8256 102.411 0.00675408  50.7724 50.7724 50.7724 12.8286 12.8286 12.8286 50.7724 0.00329733 11575.2 NA
1 2008 TIME 1 23846.9 20758.5 11218.3 29896.2  11218.3  11885.8 8872.67  4071.3 4173.19  731.692 430.776 129.859 307.048 168.035 29.0222 129.859 0.0490093  212.069 119.238 112.25 67.8233 29.9506 27.0999 112.25 0.0122089  62.9211 62.9211 62.9211 18.8193 18.8193 18.8193 62.9211 0.00453015  87.1019 87.1019 87.1019 27.378 27.378 27.378 87.1019 0.00613881  21.3041 21.3041 21.3041 5.26062 5.26062 5.26062 21.3041 0.00143995 11218.3 NA
1 2009 TIME 1 24181.5 20589.7 10570.4 15328.7  10570.4  11729.9 8859.83  4506.84 4605.94  582.651 341.912 101.173 272.743 147.69 22.6383 101.173 0.0406232  171.853 96.7348 91.0807 56.7018 24.3052 21.8668 91.0807 0.0102992  68.8912 68.8912 68.8912 20.5486 20.5486 20.5486 68.8912 0.00533342  78.5422 78.5422 78.5422 24.6987 24.6987 24.6987 78.5422 0.00592885  34.7966 34.7966 34.7966 8.41522 8.41522 8.41522 34.7966 0.00249987 10570.4 NA
1 2010 TIME 1 26119.2 20065.8 10471.1 15404.8  10471.1  11439 8626.83  4359.6 4452.75  140.206 109.968 79.7297 71.709 48.4117 25.1144 79.7297 0.0093746  108.599 59.3501 55.6431 39.3295 15.6961 13.9172 55.6431 0.00638516  90.4867 90.4867 90.4867 27.7724 27.7724 27.7724 90.4867 0.00709749  92.0143 92.0143 92.0143 29.8461 29.8461 29.8461 92.0143 0.00697189  26.8926 26.8926 26.8926 6.57522 6.57522 6.57522 26.8926 0.00198794 10471.1 NA
1 2011 TIME 1 28471.1 24906.6 11146.8 10610.8  11146.8  13682.2 11224.4  7082.94 7201.59  333.729 309.59 285.451 130.367 104.727 79.0858 285.451 0.0257104  91.9187 66.5161 64.604 35.4261 20.0947 18.9407 64.604 0.00487028  128.559 128.559 128.559 38.9012 38.9012 38.9012 128.559 0.0077617  113.531 113.531 113.531 40.0635 40.0635 40.0635 113.531 0.00760799  38.9955 38.9955 38.9955 12.8262 12.8262 12.8262 38.9956 0.00265696 11146.8 NA
1 2012 TIME 1 29834.3 26533.9 12969 10831.9  12969  14606.5 11927.4  6761 6891.44  435.516 409.983 384.45 163.87 137.918 111.966 384.45 0.0309852  100.216 72.5337 70.4501 37.6803 22.3771 21.2252 70.4501 0.00476536  131.1 131.1 131.1 41.6431 41.6431 41.6431 131.1 0.00680063  152.59 152.59 152.59 55.4935 55.4935 55.4935 152.59 0.00852403  45.4445 45.4445 45.4445 15.5232 15.5232 15.5232 45.4445 0.00259755 12969 NA
1 2013 TIME 1 30005.1 27426.5 13731.5 21762.5  13731.5  15194.1 12232.4  6534.97 6676.94  411.877 393.051 374.225 145.761 126.035 106.309 374.225 0.0276353  117.275 87.231 84.9696 41.4202 25.9318 24.766 84.9696 0.00531124  125.835 125.835 125.835 38.7443 38.7443 38.7443 125.835 0.00606898  223.461 223.461 223.461 77.6315 77.6315 77.6315 223.461 0.0117867  51.6986 51.6986 51.6986 16.9957 16.9957 16.9957 51.6986 0.00274163 13731.5 NA
1 2014 TIME 1 29683.3 26531.3 13842.7 7629.01  13842.7  14908 11623.3  5697.31 5837.88  272.327 261.741 251.155 92.3672 80.0279 67.6886 251.155 0.0178488  121.578 93.0899 90.9457 40.6204 26.2151 25.1309 90.9457 0.00554759  131.327 131.327 131.327 38.4181 38.4181 38.4181 131.327 0.00630634  175.404 175.404 175.404 57.806 57.806 57.806 175.404 0.00943326  67.2942 67.2942 67.2942 21.0181 21.0181 21.0181 67.2942 0.00358678 13842.7 NA
1 2015 TIME 1 29547.5 25349.5 13408 10033.7  13408  14403.9 10945.5  5204.28 5337.99  200.291 191.605 182.918 66.561 56.7454 46.9299 182.918 0.0131491  201.616 155.875 152.432 67.0518 42.5183 40.6717 152.432 0.00947423  121.148 121.148 121.148 33.8122 33.8122 33.8122 121.148 0.00607955  229.056 229.056 229.056 72.3824 72.3824 72.3824 229.056 0.0132163  110.603 110.603 110.603 33.1004 33.1004 33.1004 110.603 0.00625762 13408 NA
1 2016 TIME 1 28788.1 26820.7 13143 13158.6  13143  15045.2 11775.4  6434.15 6577.27  317.633 303.259 288.884 103.529 88.9199 74.3113 288.884 0.0211819  151.639 116.293 113.632 50.6883 31.8878 30.4727 113.632 0.00720883  166.283 166.283 166.283 46.9268 46.9268 46.9268 166.283 0.00854844  152.484 152.484 152.484 49.6002 49.6002 49.6002 152.484 0.00896807  68.1677 68.1677 68.1677 20.7798 20.7798 20.7798 68.1677 0.00397688 13143 NA
1 2017 TIME 1 27684.1 25151.4 13376.7 9853.83  13376.7  14289.7 10861.6  5225.91 5358.8  658.234 633.626 609.019 210.951 184.289 157.627 609.019 0.0455199  171.965 132.876 129.933 55.9247 36.093 34.6003 129.933 0.0084003  158.648 158.648 158.648 49.2173 49.2173 49.2173 158.648 0.0078489  183.694 183.694 183.694 60.4794 60.4794 60.4794 183.694 0.0107753  63.1758 63.1758 63.1758 19.5402 19.5402 19.5402 63.1758 0.00367768 13376.7 NA
1 2018 TIME 1 26290.2 23359 12432.6 18745.2  12432.6  13340.7 10018.3  4726.74 4860.27  484.901 466.516 448.13 155.83 134.595 113.36 448.13 0.0354537  185.797 145.06 141.994 59.5091 38.546 36.9681 141.994 0.00965173  144.501 144.501 144.501 43.7602 43.7602 43.7602 144.501 0.00762062  222.394 222.394 222.394 70.3725 70.3725 70.3725 222.394 0.0142224  57.2373 57.2373 57.2373 17.1172 17.1172 17.1172 57.2373 0.00358432 12432.6 NA
1 2019 TIME 1 25392.1 22580 11657.5 7822.73  11657.5  12845.5 9734.5  4863.83 4995.44  481.522 461.168 440.814 158.827 134.906 110.986 440.814 0.0372655  208.987 162.796 159.319 67.7533 43.1525 41.3008 159.319 0.0115093  164.677 164.677 164.677 50.1591 50.1591 50.1591 164.677 0.00923368  171.848 171.848 171.848 54.4531 54.4531 54.4531 171.848 0.0118218  44.26 44.26 44.26 13.1817 13.1817 13.1817 44.26 0.00299147 11657.5 NA
1 2020 TIME 1 25042.7 21301.9 11182.9 16198.4  11182.9  12134 9167.95  4487.05 4612.65  350.464 333.462 316.46 119.566 100.073 80.5811 316.46 0.0281966  184.358 141.872 138.674 62.0211 38.3343 36.5515 138.674 0.0104875  116.754 116.754 116.754 36.5479 36.5479 36.5479 116.754 0.00679238  172.466 172.466 172.466 55.5121 55.5121 55.5121 172.466 0.0123272  39.3024 39.3024 39.3024 11.8774 11.8774 11.8774 39.3025 0.00277011 11182.9 NA
1 2021 FORE 1 24988.8 22609.4 11010.2 16174.8  11010.2  12654.1 9955.33  5529.23 5660.76  488.823 463.52 438.217 171.894 143.806 115.717  _ 0.0406367  918.856 695.28 678.452 317.784 194.403 185.117  _ 0.0530582  182.91 182.91 182.91 59.4222 59.4222 59.4222  _ 0.0107983  180.58 180.58 180.58 60.4397 60.4397 60.4397  _ 0.0129686  54.43 54.43 54.43 17.0437 17.0437 17.0437  _ 0.00390313 11010.2 1
1 2022 FORE 1 24692.9 20898.2 10880.1 16156.8  10880.1  11747.8 9150.35  4558.58 4693.1  488.456 463.52 438.584 178.25 148.369 118.488  _ 0.0419725  923.71 695.28 678.086 324.643 198.186 188.668  _ 0.0547262  182.91 182.91 182.91 60.0191 60.0191 60.0191  _ 0.011064  180.58 180.58 180.58 61.249 61.249 61.249  _ 0.0129565  54.43 54.43 54.43 17.3572 17.3572 17.3572  _ 0.00390524 10880.1 1
1 2023 FORE 1 24944.5 21155.5 10343.9 16078.2  10343.9  11738.8 9416.73  5110.11 5257.74  1990.38 1867.08 1743.79 771.311 625.174 479.037  _ 0.187444  1074.7 794.674 773.596 397.192 233.986 221.702  _ 0.0697182  676.361 676.361 676.361 230.746 230.746 230.746  _ 0.045154  1021.73 1021.73 1021.73 347.891 347.891 347.891  _ 0.0819479  229.258 229.258 229.258 73.4795 73.4795 73.4795  _ 0.018415 10343.9 0.935
1 2024 FORE 1 22997.2 19224.5 8950.16 15834.7  8950.16  10425.2 8799.29  5062.72 5235.09  1746.47 1617.62 1488.77 732.803 583.236 433.669  _ 0.186441  959.087 683.859 663.143 381.34 215.645 203.174  _ 0.0693454  600.418 600.418 600.418 219.826 219.826 219.826  _ 0.0449126  927.334 927.334 927.334 334.211 334.211 334.211  _ 0.0815097  203.936 203.936 203.936 69.0242 69.0242 69.0242  _ 0.0183165 8950.16 0.93
1 2025 FORE 1 22123.3 18379.8 8330.51 15703.4  8330.51  9804.67 8575.14  5062.93 5243.29  1634.74 1505.46 1376.17 719.063 570.12 421.177  _ 0.185639  911.657 634.025 613.128 378.268 210.758 198.15  _ 0.0690471  570.021 570.021 570.021 218.12 218.12 218.12  _ 0.0447194  902.292 902.292 902.292 336.305 336.305 336.305  _ 0.0811591  196.45 196.45 196.45 69.0333 69.0333 69.0333  _ 0.0182377 8330.51 0.926
1 2026 FORE 1 21707.6 18013.3 8046.54 15637.3  8046.54  9514.28 8499  5057.63 5243.65  1588.57 1460.52 1332.48 712.237 565.086 417.936  _ 0.184837  890.241 612.177 591.247 376.199 209.105 196.528  _ 0.0687489  556.536 556.536 556.536 217.2 217.2 217.2  _ 0.0445262  894.592 894.592 894.592 337.284 337.284 337.284  _ 0.0808085  194.091 194.091 194.091 69.1964 69.1964 69.1964  _ 0.018159 8046.54 0.922
1 2027 FORE 1 21463.5 17795.4 7901.69 15602  7901.69  9349.43 8445.99  5021.46 5211.8  1566.25 1440.08 1313.91 705.523 560.435 415.347  _ 0.183835  876.14 600.165 579.392 372.634 207.313 194.87  _ 0.068376  547.779 547.779 547.779 215.311 215.311 215.311  _ 0.0442847  887.822 887.822 887.822 335.46 335.46 335.46  _ 0.0803703  192.464 192.464 192.464 68.8654 68.8654 68.8654  _ 0.0180605 7901.69 0.917
1 2028 FORE 1 21290.1 17635.3 7804.22 15577.6  7804.22  9238.66 8396.59  4982.97 5176.07  1552.85 1428.15 1303.44 699.449 555.852 412.254  _ 0.183033  865.285 592.05 571.484 368.897 205.371 193.063  _ 0.0680778  540.978 540.978 540.978 213.164 213.164 213.164  _ 0.0440916  879.975 879.975 879.975 332.298 332.298 332.298  _ 0.0800197  190.772 190.772 190.772 68.2582 68.2582 68.2582  _ 0.0179817 7804.22 0.913
1 2029 FORE 1 21157.9 17510.5 7730.2 15558.7  7730.2  9157.79 8352.76  4953.31 5147.73  1540.82 1417.2 1293.57 693.669 551.185 408.701  _ 0.182231  855.746 585.155 564.788 365.39 203.391 191.198  _ 0.0677795  534.945 534.945 534.945 211.082 211.082 211.082  _ 0.0438984  871.522 871.522 871.522 328.96 328.96 328.96  _ 0.0796692  188.938 188.938 188.938 67.583 67.583 67.583  _ 0.0179029 7730.2 0.909
1 2030 FORE 1 21062.7 17420.7 7677.14 15544.9  7677.14  9101.2 8319.47  4934.01 5128.76  1528.12 1405.46 1282.8 687.883 546.454 405.025  _ 0.181229  846.965 578.814 558.63 362.095 201.473 189.384  _ 0.0674067  529.391 529.391 529.391 209.131 209.131 209.131  _ 0.0436569  863.204 863.204 863.204 325.847 325.847 325.847  _ 0.0792309  187.113 187.113 187.113 66.9385 66.9385 66.9385  _ 0.0178044 7677.14 0.904
1 2031 FORE 1 21003.2 17365.1 7644.73 15536.5  7644.73  9066.61 8298.48  4922.85 5117.45  1518.57 1396.62 1274.67 683.637 543.005 402.372  _ 0.180427  840.779 574.335 554.28 359.76 200.115 188.099  _ 0.0671084  525.49 525.49 525.49 207.76 207.76 207.76  _ 0.0434638  857.325 857.325 857.325 323.7 323.7 323.7  _ 0.0788804  185.817 185.817 185.817 66.4921 66.4921 66.4921  _ 0.0177257 7644.73 0.9
1 2032 FORE 1 20968.6 17333.3 7626.86 15531.8  7626.86  9047.11 8286.24  4916.36 5110.66  1510.47 1389.16 1267.86 679.985 540.091 400.196  _ 0.179625  835.839 570.828 550.881 357.8 199.008 187.055  _ 0.0668102  522.391 522.391 522.391 206.624 206.624 206.624  _ 0.0432706  852.587 852.587 852.587 321.949 321.949 321.949  _ 0.0785298  184.78 184.78 184.78 66.1308 66.1308 66.1308  _ 0.0176469 7626.86 0.896
