$short_forecast_quants
                method    low_ci    median     up_ci
1                 Mean  406.3939  630.3580  939.8933
2                 Mean  412.4755  638.3491  978.5314
3                 Mean  427.6342  640.3826  970.4779
4                 Mean  420.7463  628.1808  975.8282
5                 Mean  417.7134  635.0979  940.9740
6                 Mean  409.5866  632.9474  947.9723
7                 Mean  424.7246  630.2307  918.3333
8                 Mean  436.8950  644.5351  967.6840
9                 Mean  410.4302  650.2463 1068.0094
10                Mean  411.3998  670.2188 1081.6461
11                Mean  402.7832  657.6722 1094.4116
12                Mean  405.2172  662.5182 1090.8374
13                Mean  394.6529  659.6950 1091.6501
14                Mean  410.4389  669.6616 1084.0311
15                Mean  406.4727  676.7209 1092.5428
16                Mean  389.7375  685.1570 1129.0526
17                Mean  385.6270  700.9560 1207.8628
18                Mean  394.5237  718.2454 1264.1436
19                Mean  382.2679  727.6135 1327.2343
20                Mean  387.2367  687.3714 1334.1232
21                Mean  380.0065  713.0571 1291.5249
22               AR(1)  799.7280  975.9266 1202.9520
23               AR(1)  779.3291  946.6665 1137.2060
24               AR(1)  552.6449  690.3254  856.3720
25               AR(1)  475.8722  592.1262  747.5587
26               AR(1)  468.8161  587.2155  738.8079
27               AR(1)  483.5791  592.3812  746.9338
28               AR(1)  480.3085  598.4315  737.2189
29               AR(1)  603.1308  754.9719  937.6939
30               AR(1)  976.5155 1324.8437 1764.9020
31               AR(1)  792.2392 1090.6085 1467.9943
32               AR(1)  694.6116  944.5993 1266.0542
33               AR(1)  480.6698  657.9121  894.1017
34               AR(1)  402.7301  559.1029  776.2717
35               AR(1)  466.3648  647.1770  878.9619
36               AR(1)  686.8575  978.3757 1382.9092
37               AR(1)  729.0925 1029.2078 1458.8613
38               AR(1) 1115.2922 1618.9723 2351.2636
39               AR(1)  821.8023 1207.5521 1749.9688
40               AR(1)  750.9886 1067.4721 1526.0211
41               AR(1)  486.0185  715.7459 1039.5689
42               AR(1)  468.9957  709.3100 1054.0441
43       Beverton-Holt  426.7457  623.6419  947.7896
44       Beverton-Holt  427.4372  648.0288  980.2163
45       Beverton-Holt  426.8784  643.2427  944.9459
46       Beverton-Holt  421.7708  645.1563  962.4185
47       Beverton-Holt  428.6177  640.1257  932.4797
48       Beverton-Holt  435.2803  634.7374  945.8954
49       Beverton-Holt  433.8533  625.3145  918.8966
50       Beverton-Holt  417.1642  641.8568  952.1956
51       Beverton-Holt  419.7332  656.4924 1036.7884
52       Beverton-Holt  398.2263  662.2615 1121.9014
53       Beverton-Holt  401.5359  657.5385 1084.9300
54       Beverton-Holt  408.0349  668.0620 1094.8652
55       Beverton-Holt  398.9921  666.1692 1062.0233
56       Beverton-Holt  414.4953  666.8136 1094.6101
57       Beverton-Holt  399.6908  669.5762 1082.2855
58       Beverton-Holt  406.6949  680.2336 1134.5168
59       Beverton-Holt  385.4523  680.4556 1247.3773
60       Beverton-Holt  370.4483  710.4271 1309.9593
61       Beverton-Holt  386.1529  698.8277 1295.1897
62       Beverton-Holt  388.0942  703.5570 1268.3230
63       Beverton-Holt  398.6164  712.2951 1244.7643
64  Simplex projection  435.1738  656.1517  991.3847
65  Simplex projection  500.1233  783.3257 1205.8212
66  Simplex projection  430.6760  643.4185  969.7463
67  Simplex projection  394.5808  593.5220  882.6412
68  Simplex projection  395.5006  602.4718  912.3344
69  Simplex projection  394.3787  588.3317  917.5185
70  Simplex projection  420.0548  618.9894  888.1519
71  Simplex projection  430.5899  674.0512  999.1747
72  Simplex projection  458.3259  726.6495 1202.5547
73  Simplex projection  451.5887  737.4994 1186.3597
74  Simplex projection  403.5757  689.3977 1131.7550
75  Simplex projection  365.0062  606.0301  998.3270
76  Simplex projection  365.5986  601.7892  967.2946
77  Simplex projection  406.2106  651.0856 1048.4003
78  Simplex projection  472.6810  769.4183 1281.4459
79  Simplex projection  511.7375  844.0936 1440.4990
80  Simplex projection  598.0559 1056.0589 1956.1736
81  Simplex projection  558.9412 1060.7487 2010.1835
82  Simplex projection  412.2416  739.4325 1356.2863
83  Simplex projection  359.0419  677.0230 1260.1686
84  Simplex projection  376.0242  679.4198 1254.6153
85                 HMM  466.8826  703.9881  913.6825
86                 HMM  465.3426  715.3440  954.3856
87                 HMM  415.2882  658.0383  939.4678
88                 HMM  397.8763  545.5198  822.2304
89                 HMM  402.3476  550.5431  838.6452
90                 HMM  406.9047  549.4144  800.7331
91                 HMM  408.9753  557.4943  763.6749
92                 HMM  377.2623  569.4836  820.2428
93                 HMM  382.7349  734.1144 1128.5692
94                 HMM  338.4918  743.9064 1181.0240
95                 HMM  355.7261  751.0669 1202.9565
96                 HMM  390.5633  578.1323  994.6337
97                 HMM  380.2367  578.0570  923.7771
98                 HMM  394.4654  590.5361  931.0289
99                 HMM  343.1314  777.5324 1210.5926
100                HMM  411.1444  787.0730 1266.1918
101                HMM  293.8677  817.1459 1398.5026
102                HMM  302.3926  839.8392 1472.9421
103                HMM  301.9674  820.4541 1409.9782
104                HMM  389.1042  596.4133 1202.0046
105                HMM  394.1393  593.2691 1182.2371

$short_cov_prob
              method coverage_prob
1               mean     0.6666667
2              AR(1)     0.6666667
3      Beverton-Holt     0.7142857
4 simplex projection     0.8571429
5                HMM     0.7142857

$mrae
    year             method       mrae
1      1               mean  8.7726827
2      2               mean  3.4063018
3      3               mean  2.6972354
4      4               mean  2.5369012
5      5               mean  2.5114980
6      6               mean  2.5852173
7      7               mean  3.6028823
8      8               mean 15.8926193
9      9               mean  7.8389328
10    10               mean  4.7635353
11    11               mean  1.9841124
12    12               mean  2.2706957
13    13               mean  1.7938697
14    14               mean  5.1398088
15    15               mean  5.0072693
16    16               mean 12.6254216
17    17               mean  6.0493723
18    18               mean  3.9430328
19    19               mean  1.6959711
20    20               mean  1.5979021
21    21               mean  1.5587390
22     1              AR(1)  2.1650904
23     2              AR(1)  7.1744609
24     3              AR(1)  2.5491559
25     4              AR(1)  1.2216578
26     5              AR(1)  1.1904919
27     6              AR(1)  1.2346596
28     7              AR(1)  3.8948825
29     8              AR(1) 13.7643508
30     9              AR(1)  3.2818726
31    10              AR(1)  2.3636908
32    11              AR(1)  4.3058774
33    12              AR(1)  1.7532049
34    13              AR(1)  1.2633005
35    14              AR(1)  5.5276364
36    15              AR(1)  2.1425411
37    16              AR(1)  8.5850311
38    17              AR(1)  3.5124345
39    18              AR(1)  1.7832052
40    19              AR(1)  3.4468764
41    20              AR(1)  0.9968995
42    21              AR(1)  1.0140163
43     1      Beverton-Holt  8.9230392
44     2      Beverton-Holt  3.2034572
45     3      Beverton-Holt  2.6446404
46     4      Beverton-Holt  2.6862250
47     5      Beverton-Holt  2.4816699
48     6      Beverton-Holt  2.5541063
49     7      Beverton-Holt  3.5358159
50     8      Beverton-Holt 15.9631070
51     9      Beverton-Holt  7.8382608
52    10      Beverton-Holt  4.8185411
53    11      Beverton-Holt  1.9080882
54    12      Beverton-Holt  2.3172084
55    13      Beverton-Holt  1.7948030
56    14      Beverton-Holt  5.1677601
57    15      Beverton-Holt  5.0410876
58    16      Beverton-Holt 12.5898899
59    17      Beverton-Holt  6.1414893
60    18      Beverton-Holt  4.0225000
61    19      Beverton-Holt  1.6339570
62    20      Beverton-Holt  1.5616723
63    21      Beverton-Holt  1.5117248
64     1 simplex projection  8.2475777
65     2 simplex projection  4.4532072
66     3 simplex projection  2.7588310
67     4 simplex projection  2.2029006
68     5 simplex projection  2.2403221
69     6 simplex projection  2.2772058
70     7 simplex projection  3.6922614
71     8 simplex projection 15.2518037
72     9 simplex projection  6.6492741
73    10 simplex projection  3.9617587
74    11 simplex projection  2.0538204
75    12 simplex projection  1.8391546
76    13 simplex projection  1.6248053
77    14 simplex projection  5.3502496
78    15 simplex projection  3.9413249
79    16 simplex projection 10.5474075
80    17 simplex projection  3.4751577
81    18 simplex projection  2.6228272
82    19 simplex projection  1.7418602
83    20 simplex projection  1.5693686
84    21 simplex projection  1.5472479
85     1                HMM  7.2794529
86     2                HMM  2.7900739
87     3                HMM  2.9491991
88     4                HMM  1.7955619
89     5                HMM  1.7829200
90     6                HMM  1.7955138
91     7                HMM  4.8654010
92     8                HMM 17.6932607
93     9                HMM  6.7644598
94    10                HMM  4.0300176
95    11                HMM  2.8066066
96    12                HMM  1.4111309
97    13                HMM  1.3640772
98    14                HMM  6.2334309
99    15                HMM  4.1739211
100   16                HMM 11.5389361
101   17                HMM  5.0876801
102   18                HMM  3.3064816
103   19                HMM  2.3435103
104   20                HMM  1.4812759
105   21                HMM  1.5419555

$long_forecast_quants
                method   low_ci    median     up_ci
1                 Mean 408.0320  622.8826  930.8902
2                 Mean 482.3415  648.3670  869.3998
3                 Mean 476.3522  638.0197  835.7648
4                 Mean 504.8949  642.4562  807.0995
5                 Mean 506.4634  640.2855  806.9983
6                 Mean 511.8420  642.5587  807.2206
7                 Mean 513.9515  632.3028  799.6452
8                 Mean 516.5786  635.9463  794.7195
9                 Mean 513.2646  638.7141  796.6400
10                Mean 515.6003  637.5711  813.2942
11                Mean 508.7186  649.8120  811.8221
12                Mean 513.7013  655.0306  854.6360
13                Mean 501.5011  657.4036  867.0204
14                Mean 508.1218  668.8474  877.7534
15                Mean 508.2071  669.5995  865.1193
16                Mean 514.2365  674.3236  876.8585
17                Mean 510.1545  675.4812  881.4672
18                Mean 510.1942  681.8499  912.2613
19                Mean 480.8310  679.0205  961.4637
20                Mean 463.8023  700.8601 1030.0522
21                Mean 400.6682  707.3291 1193.8843
22               AR(1) 813.2635  979.3801 1186.6150
23               AR(1) 838.3883  961.9726 1104.3941
24               AR(1) 760.5000  896.6755 1026.3482
25               AR(1) 701.0733  789.8534  898.1621
26               AR(1) 595.5680  703.4614  840.6869
27               AR(1) 558.5833  644.2303  742.1330
28               AR(1) 544.2076  618.4205  699.3121
29               AR(1) 560.8845  630.6512  727.7782
30               AR(1) 579.5113  662.4073  766.3328
31               AR(1) 623.5819  745.0678  920.0117
32               AR(1) 729.1110  897.7547 1096.8136
33               AR(1) 712.8889  866.8571 1069.6905
34               AR(1) 673.7291  834.8317 1040.0336
35               AR(1) 575.6303  708.4526  848.3171
36               AR(1) 589.8646  714.6803  869.9041
37               AR(1) 596.4837  731.5550  913.1378
38               AR(1) 654.7228  824.7431 1068.1928
39               AR(1) 702.2253  875.7168 1098.1903
40               AR(1) 686.5037  907.3562 1220.9397
41               AR(1) 795.9965 1039.6194 1352.2937
42               AR(1) 776.4947 1152.0093 1696.7225
43       Beverton-Holt 420.0082  635.5512  950.8692
44       Beverton-Holt 469.1237  643.9625  881.4873
45       Beverton-Holt 479.1843  635.5359  830.8701
46       Beverton-Holt 504.3959  642.8195  808.8936
47       Beverton-Holt 510.2741  636.5652  796.6932
48       Beverton-Holt 509.0088  636.3697  798.8928
49       Beverton-Holt 516.8168  635.5853  791.3849
50       Beverton-Holt 518.1247  636.7283  786.7211
51       Beverton-Holt 509.4787  637.9865  789.4053
52       Beverton-Holt 513.2231  643.5362  819.0052
53       Beverton-Holt 504.4824  646.8011  818.4708
54       Beverton-Holt 509.3965  653.6281  842.6263
55       Beverton-Holt 515.8728  666.4275  855.5680
56       Beverton-Holt 516.6862  663.5890  860.2319
57       Beverton-Holt 512.7083  663.2933  876.3477
58       Beverton-Holt 510.3467  668.5392  874.7618
59       Beverton-Holt 516.5117  673.4605  873.0104
60       Beverton-Holt 510.2605  675.9312  896.6253
61       Beverton-Holt 474.8747  675.6088  967.4783
62       Beverton-Holt 474.5346  697.0244 1036.7452
63       Beverton-Holt 394.2222  675.2244 1271.1305
64  Simplex projection 440.6754  653.3580 1007.3136
65  Simplex projection 540.1417  730.8096  972.6123
66  Simplex projection 510.1481  682.0296  893.5157
67  Simplex projection 482.6380  604.8845  761.6593
68  Simplex projection 455.1234  572.7188  717.2574
69  Simplex projection 459.4871  573.8685  712.0849
70  Simplex projection 479.7374  589.0101  732.6199
71  Simplex projection 548.9393  683.0422  847.7076
72  Simplex projection 570.2068  708.0557  884.2339
73  Simplex projection 550.7718  694.3221  868.4464
74  Simplex projection 495.4377  637.8173  807.7049
75  Simplex projection 477.1131  614.5223  783.6361
76  Simplex projection 464.7294  604.8452  788.9215
77  Simplex projection 502.2712  647.4017  845.2808
78  Simplex projection 570.8145  751.9348  987.1726
79  Simplex projection 645.3590  835.0005 1100.0567
80  Simplex projection 654.5929  851.1202 1153.4659
81  Simplex projection 561.7516  760.7850 1058.9751
82  Simplex projection 444.4353  637.2191  939.1716
83  Simplex projection 411.3774  619.5553  925.6380
84  Simplex projection 363.6568  649.4544 1177.2657
85                 HMM 468.5942  701.7428  926.4761
86                 HMM 500.9091  696.4676  856.3501
87                 HMM 492.5279  691.5274  855.3489
88                 HMM 497.8793  637.2234  797.9333
89                 HMM 487.0608  610.7535  775.5078
90                 HMM 481.9913  580.9281  763.4817
91                 HMM 475.1923  567.1832  696.0116
92                 HMM 472.1485  563.7950  687.5756
93                 HMM 484.5378  585.1570  755.6284
94                 HMM 500.1449  609.0294  800.1791
95                 HMM 502.7724  652.4032  889.5456
96                 HMM 488.9287  642.0251  872.9824
97                 HMM 490.9039  633.4819  878.6768
98                 HMM 490.5388  618.4685  844.2524
99                 HMM 498.5172  634.0067  848.7648
100                HMM 506.9372  641.9037  908.8822
101                HMM 505.6513  674.4935  952.0638
102                HMM 512.6509  708.7332  979.2760
103                HMM 462.2743  694.6579 1059.8270
104                HMM 442.7864  725.5998 1131.0924
105                HMM 337.1701  701.2447 1317.4915

$long_cov_prob
              method coverage_prob
1               mean     0.5714286
2              AR(1)     0.1428571
3      Beverton-Holt     0.5714286
4 simplex projection     0.5714286
5                HMM     0.5238095

$yr_trend
               method   low_ci   median     up_ci
1                Mean 563.7814 643.9629  735.4875
2                Mean 574.2945 646.4770  722.5561
3                Mean 577.9325 642.4170  715.6800
4                Mean 581.2131 642.8321  707.6418
5                Mean 583.8018 641.0587  711.7495
6                Mean 583.1871 642.6049  708.1718
7                Mean 583.0095 644.7743  711.4371
8                Mean 588.5237 649.3679  717.9132
9                Mean 587.0354 654.4975  723.8631
10               Mean 584.3754 658.3728  736.2630
11               Mean 590.8065 664.2631  747.5687
12               Mean 596.1415 668.9907  757.1175
13               Mean 600.4979 672.8478  761.1601
14               Mean 607.4876 677.6111  763.9983
15               Mean 601.3339 683.4523  774.2409
16               Mean 600.5237 690.8175  790.1095
17               Mean 587.9669 697.7711  841.5355
18              AR(1) 812.3454 868.0089  933.2606
19              AR(1) 752.7728 801.2649  856.2818
20              AR(1) 687.3553 730.7344  782.6516
21              AR(1) 639.3407 680.2238  725.2220
22              AR(1) 614.7588 653.9851  698.1638
23              AR(1) 621.8693 662.2243  714.3582
24              AR(1) 663.7090 714.6372  771.6092
25              AR(1) 705.7691 765.2472  835.1326
26              AR(1) 736.9792 806.7189  882.5178
27              AR(1) 742.5235 815.3784  893.3988
28              AR(1) 737.9408 808.2300  888.8124
29              AR(1) 709.5602 774.0600  852.6424
30              AR(1) 695.6822 767.7687  845.8233
31              AR(1) 701.9776 776.3977  851.3681
32              AR(1) 732.1798 817.8927  916.7987
33              AR(1) 785.7171 883.8780  993.5010
34              AR(1) 851.7539 969.2099 1115.6098
35      Beverton-Holt 561.7629 642.6033  736.5884
36      Beverton-Holt 574.8410 642.0744  722.7111
37      Beverton-Holt 576.3599 640.3891  713.2308
38      Beverton-Holt 580.8469 639.4587  708.1008
39      Beverton-Holt 584.6205 637.6676  709.5094
40      Beverton-Holt 585.5969 640.8216  706.9490
41      Beverton-Holt 582.7406 642.3494  707.5950
42      Beverton-Holt 586.3781 647.3463  714.4025
43      Beverton-Holt 584.6503 653.6442  727.2248
44      Beverton-Holt 586.8929 659.4213  732.7448
45      Beverton-Holt 593.7725 663.2477  746.0150
46      Beverton-Holt 599.6508 667.3232  750.5549
47      Beverton-Holt 596.6615 670.6287  757.0845
48      Beverton-Holt 602.2225 674.2325  761.9780
49      Beverton-Holt 598.2613 676.4611  772.2145
50      Beverton-Holt 597.8591 684.3284  791.2506
51      Beverton-Holt 582.1645 691.9092  844.8864
52 Simplex projection 570.2545 653.1263  758.1674
53 Simplex projection 566.1199 636.2713  712.5927
54 Simplex projection 543.9817 609.0505  674.8926
55 Simplex projection 550.8912 607.0966  673.8197
56 Simplex projection 572.1811 627.7193  696.1857
57 Simplex projection 587.5769 654.3862  722.6111
58 Simplex projection 606.6006 665.8786  738.7532
59 Simplex projection 609.6304 671.3683  740.7599
60 Simplex projection 593.8273 656.1573  724.3551
61 Simplex projection 581.1505 645.3962  713.7730
62 Simplex projection 585.5205 656.1555  736.3717
63 Simplex projection 621.1777 696.4770  789.7041
64 Simplex projection 655.7962 746.7014  842.0782
65 Simplex projection 686.0637 779.3088  881.1996
66 Simplex projection 681.5708 775.4552  884.2692
67 Simplex projection 650.5179 752.5954  870.3730
68 Simplex projection 603.2983 714.8783  873.4042
69                HMM 568.5991 668.5561  757.2830
70                HMM 550.9001 646.6800  734.1987
71                HMM 538.7008 621.6793  707.9481
72                HMM 528.5126 595.1076  682.6321
73                HMM 527.1979 584.2403  666.9942
74                HMM 529.0311 584.8310  670.1009
75                HMM 540.8034 598.0402  687.7452
76                HMM 544.3273 617.0610  708.1836
77                HMM 553.7001 629.6574  736.2194
78                HMM 558.4324 637.6166  748.9861
79                HMM 565.3939 641.1310  756.5500
80                HMM 562.3067 640.1817  757.5960
81                HMM 568.7433 649.0033  768.1749
82                HMM 577.3357 663.5944  794.2435
83                HMM 575.9950 680.8407  819.6997
84                HMM 572.1387 700.6259  854.0298
85                HMM 569.5488 723.4372  910.0252

