$short_forecast_quants
                method    low_ci    median    up_ci
1                 Mean  586.9916 1405.7556 3088.862
2                 Mean  588.3104 1388.9323 3118.168
3                 Mean  626.7763 1418.6467 3099.756
4                 Mean  643.1498 1437.6837 3014.170
5                 Mean  632.0717 1433.4837 3051.657
6                 Mean  657.4038 1405.5023 3052.614
7                 Mean  685.5906 1403.4647 3112.381
8                 Mean  625.9173 1371.1015 3215.907
9                 Mean  631.4145 1374.3892 3029.773
10                Mean  653.2228 1347.2238 2931.704
11                Mean  628.9781 1386.1599 2851.893
12                Mean  660.4911 1405.8245 3036.368
13                Mean  671.8299 1425.8134 3088.964
14                Mean  664.5153 1401.0969 2940.837
15                Mean  628.3974 1368.8335 2869.660
16                Mean  633.7617 1407.2564 2923.529
17                Mean  693.8522 1402.9130 2781.430
18                Mean  650.8219 1401.6158 3280.274
19                Mean  630.4386 1480.2674 3148.384
20                Mean  649.9911 1465.9183 3309.139
21                Mean  651.1092 1499.8589 3523.046
22                Mean  626.2642 1438.9452 3744.408
23                Mean  655.7684 1515.5959 3470.019
24               AR(1)  560.3739 1178.2305 2338.013
25               AR(1)  658.8996 1347.8215 2748.822
26               AR(1)  792.4941 1535.5335 3188.959
27               AR(1)  830.0158 1698.8077 3352.024
28               AR(1)  718.6909 1433.7850 2887.628
29               AR(1)  646.4224 1339.0916 2637.959
30               AR(1)  599.5249 1161.7768 2265.485
31               AR(1)  464.2553  956.9541 1824.510
32               AR(1)  625.2526 1199.8511 2302.989
33               AR(1)  742.6736 1430.4123 2878.632
34               AR(1)  761.3433 1481.5822 2948.588
35               AR(1)  816.3919 1672.9795 3366.092
36               AR(1)  774.2940 1509.0362 2918.559
37               AR(1)  797.8875 1529.1752 2850.690
38               AR(1)  738.0999 1381.8358 2555.684
39               AR(1)  578.3091 1166.3060 2218.168
40               AR(1)  688.8555 1346.8953 2415.959
41               AR(1) 1278.4406 2532.3138 5268.189
42               AR(1) 1274.9251 2762.2986 5539.833
43               AR(1) 1073.3906 2264.1807 4823.232
44               AR(1)  844.2494 1613.1567 3188.422
45               AR(1)  833.8132 1615.2017 3276.388
46               AR(1)  825.2993 1649.4087 3219.860
47       Beverton-Holt  432.9055  926.6699 1965.135
48       Beverton-Holt  395.8538  883.6252 1849.943
49       Beverton-Holt  476.8470 1025.5180 2268.888
50       Beverton-Holt  566.9175 1224.5822 2700.969
51       Beverton-Holt  599.1325 1289.4235 2624.809
52       Beverton-Holt  607.6703 1316.7629 2794.371
53       Beverton-Holt  587.8351 1234.8727 2639.772
54       Beverton-Holt  547.6070 1223.5120 2582.149
55       Beverton-Holt  609.1691 1276.4734 2743.797
56       Beverton-Holt  604.1114 1297.4146 2654.487
57       Beverton-Holt  643.2727 1335.4068 2825.778
58       Beverton-Holt  661.2108 1390.0413 3071.127
59       Beverton-Holt  688.2790 1409.7085 2874.444
60       Beverton-Holt  675.0539 1441.4784 2877.253
61       Beverton-Holt  682.8392 1402.5242 2858.552
62       Beverton-Holt  716.0786 1394.4277 2898.793
63       Beverton-Holt  704.4041 1394.8403 2714.320
64       Beverton-Holt  628.0187 1433.5973 3085.281
65       Beverton-Holt  650.8173 1491.1244 3394.770
66       Beverton-Holt  711.3355 1514.3748 3515.016
67       Beverton-Holt  680.7177 1574.6277 3676.781
68       Beverton-Holt  687.2345 1525.8192 3423.002
69       Beverton-Holt  699.0782 1539.7088 3426.883
70  Simplex projection  791.6298 1755.2235 3930.297
71  Simplex projection  515.4206 1136.4239 2655.033
72  Simplex projection  719.3653 1529.1696 3297.304
73  Simplex projection  677.3005 1419.1984 3249.821
74  Simplex projection 1086.6514 2358.9313 5299.747
75  Simplex projection  733.4963 1537.0447 3424.714
76  Simplex projection  505.8585 1109.0515 2332.129
77  Simplex projection  319.1205  678.7890 1534.899
78  Simplex projection  627.8430 1360.7931 3014.777
79  Simplex projection  632.3645 1369.7295 2947.171
80  Simplex projection  700.0027 1565.7651 3250.917
81  Simplex projection  672.2780 1540.8234 3247.678
82  Simplex projection  666.9136 1363.8739 2888.913
83  Simplex projection  681.0876 1502.4231 3129.908
84  Simplex projection  700.9474 1426.9657 3106.392
85  Simplex projection  484.6810  964.3905 1876.198
86  Simplex projection  666.2266 1434.4746 3091.841
87  Simplex projection 1181.2682 2614.5757 5943.922
88  Simplex projection 1828.0462 4270.9806 9585.348
89  Simplex projection  838.6398 2031.8264 5199.616
90  Simplex projection  386.7309  908.9061 2146.220
91  Simplex projection  649.5741 1481.1625 3684.759
92  Simplex projection  780.1885 1820.6462 4392.744
93                 HMM  227.2688 1788.1080 4274.817
94                 HMM  203.8694 1766.0481 3963.901
95                 HMM  236.5597 1790.1478 4088.354
96                 HMM  241.3761 1947.8336 4051.360
97                 HMM  345.9601 1897.9623 3817.188
98                 HMM  329.8896 1888.6135 3860.206
99                 HMM  285.1098 1782.4289 3843.823
100                HMM  238.9564 1773.8149 3798.225
101                HMM  286.5537 1708.1571 3649.391
102                HMM  222.5761 1647.4838 3552.192
103                HMM  301.7229 1684.3668 3571.590
104                HMM  334.8076 1626.9731 3350.559
105                HMM  339.8465 1631.4866 3217.261
106                HMM  439.9603 1622.6443 3214.268
107                HMM  512.2678 1600.7937 3036.667
108                HMM  195.7274 1572.5216 3326.179
109                HMM  240.0113 1593.2092 3288.504
110                HMM  187.0125 1686.5999 3654.293
111                HMM  256.9921 1836.2308 3882.637
112                HMM  244.6873 1812.8392 3871.366
113                HMM  236.3168 1850.5634 4069.864
114                HMM  204.3545 1743.7872 3827.301
115                HMM  368.2936 1737.6837 3667.714

$short_cov_prob
              method coverage_prob
1               mean     0.9130435
2              AR(1)     0.9565217
3      Beverton-Holt     0.9130435
4 simplex projection     0.9565217
5                HMM     0.9130435

$mrae
    year             method      mrae
1      1               mean 0.9655278
2      2               mean 1.0894897
3      3               mean 1.2449846
4      4               mean 0.9710149
5      5               mean 1.0118573
6      6               mean 1.2581083
7      7               mean 1.6564817
8      8               mean 1.1304187
9      9               mean 1.0203656
10    10               mean 1.0097136
11    11               mean 1.4526121
12    12               mean 0.9949173
13    13               mean 1.0967380
14    14               mean 1.0022427
15    15               mean 1.1940876
16    16               mean 0.9988639
17    17               mean 6.7277181
18    18               mean 5.4492559
19    19               mean 2.8900201
20    20               mean 1.1061186
21    21               mean 1.1026124
22    22               mean 1.1380308
23    23               mean 1.1308483
24     1              AR(1) 0.6869312
25     2              AR(1) 1.0024313
26     3              AR(1) 1.1113973
27     4              AR(1) 1.0340002
28     5              AR(1) 0.9127724
29     6              AR(1) 1.0459116
30     7              AR(1) 1.1135148
31     8              AR(1) 0.6115426
32     9              AR(1) 0.7905949
33    10              AR(1) 0.9104965
34    11              AR(1) 1.2771194
35    12              AR(1) 1.0371718
36    13              AR(1) 0.9489941
37    14              AR(1) 0.9496637
38    15              AR(1) 1.0983335
39    16              AR(1) 0.7854751
40    17              AR(1) 6.8758198
41    18              AR(1) 3.3718546
42    19              AR(1) 1.7456887
43    20              AR(1) 1.6080047
44    21              AR(1) 0.9167710
45    22              AR(1) 0.9559335
46    23              AR(1) 0.9353557
47     1      Beverton-Holt 0.8017280
48     2      Beverton-Holt 1.5931656
49     3      Beverton-Holt 1.6824425
50     4      Beverton-Holt 0.9619548
51     5      Beverton-Holt 0.8205593
52     6      Beverton-Holt 1.0648635
53     7      Beverton-Holt 1.3048090
54     8      Beverton-Holt 0.8534628
55     9      Beverton-Holt 0.8554192
56    10      Beverton-Holt 0.9724386
57    11      Beverton-Holt 1.4939119
58    12      Beverton-Holt 1.0367314
59    13      Beverton-Holt 1.0488901
60    14      Beverton-Holt 0.9713125
61    15      Beverton-Holt 1.2933908
62    16      Beverton-Holt 0.9813541
63    17      Beverton-Holt 6.7158078
64    18      Beverton-Holt 5.4611007
65    19      Beverton-Holt 2.8304865
66    20      Beverton-Holt 1.1422700
67    21      Beverton-Holt 1.0725467
68    22      Beverton-Holt 1.0605569
69    23      Beverton-Holt 1.1188556
70     1 simplex projection 1.3809657
71     2 simplex projection 1.2618696
72     3 simplex projection 1.2033342
73     4 simplex projection 0.9993783
74     5 simplex projection 2.6741977
75     6 simplex projection 1.5544525
76     7 simplex projection 1.0448026
77     8 simplex projection 0.8640188
78     9 simplex projection 0.9929172
79    10 simplex projection 0.9849098
80    11 simplex projection 1.3089410
81    12 simplex projection 1.1264918
82    13 simplex projection 1.0833354
83    14 simplex projection 1.1521986
84    15 simplex projection 1.3565903
85    16 simplex projection 0.9255111
86    17 simplex projection 6.6242169
87    18 simplex projection 3.3801909
88    19 simplex projection 3.7673960
89    20 simplex projection 1.5575742
90    21 simplex projection 1.4247404
91    22 simplex projection 1.1692440
92    23 simplex projection 1.3301177
93     1                HMM 1.7587790
94     2                HMM 1.5873158
95     3                HMM 1.5640756
96     4                HMM 1.6732205
97     5                HMM 1.8618304
98     6                HMM 2.2191684
99     7                HMM 2.4604419
100    8                HMM 1.9806615
101    9                HMM 1.5732993
102   10                HMM 1.4912741
103   11                HMM 1.5464392
104   12                HMM 1.2212116
105   13                HMM 1.0527129
106   14                HMM 1.0959260
107   15                HMM 1.6114234
108   16                HMM 1.4886702
109   17                HMM 6.4076254
110   18                HMM 5.0243482
111   19                HMM 2.4542457
112   20                HMM 1.4999550
113   21                HMM 1.5088426
114   22                HMM 1.4908476
115   23                HMM 1.1523944

$long_forecast_quants
                method    low_ci    median    up_ci
1                 Mean  616.1893 1418.4693 3211.789
2                 Mean  825.2435 1501.6921 2863.859
3                 Mean  844.2701 1426.2455 2470.219
4                 Mean  899.2835 1439.6517 2245.519
5                 Mean  914.4138 1425.9136 2176.105
6                 Mean  907.2843 1403.2998 2151.972
7                 Mean  968.7643 1425.9839 2186.508
8                 Mean  928.3821 1409.3351 2095.918
9                 Mean  930.1100 1403.3602 2095.057
10                Mean  930.6034 1399.8283 2126.681
11                Mean  928.5897 1370.0302 2072.754
12                Mean  953.4686 1370.6129 2107.872
13                Mean  909.3476 1375.5350 2120.624
14                Mean  943.0502 1377.1772 2108.817
15                Mean  888.1980 1386.8215 2125.103
16                Mean  928.7141 1382.2627 2087.509
17                Mean  939.1667 1375.5820 2095.889
18                Mean  958.4614 1385.8220 2098.522
19                Mean  926.7169 1397.1939 2147.483
20                Mean  961.6451 1414.4350 2159.745
21                Mean  844.6357 1426.0328 2383.619
22                Mean  809.8233 1479.0007 2768.480
23                Mean  640.9069 1450.6674 3391.138
24               AR(1)  591.5091 1179.1777 2550.055
25               AR(1)  788.2502 1366.7270 2283.124
26               AR(1)  876.0887 1429.5363 2255.236
27               AR(1)  987.0540 1482.4532 2260.115
28               AR(1) 1011.9244 1473.8419 2113.182
29               AR(1)  999.9072 1421.7399 2057.527
30               AR(1)  926.3964 1379.4094 1954.328
31               AR(1)  904.4876 1294.0278 1946.285
32               AR(1)  897.8932 1309.0429 1876.947
33               AR(1)  943.9720 1332.4773 1903.855
34               AR(1)  939.2170 1371.6289 1976.182
35               AR(1)  995.4963 1413.3758 2074.960
36               AR(1)  996.2890 1448.3038 2048.221
37               AR(1)  991.4414 1449.2971 2060.564
38               AR(1) 1000.1635 1417.6103 2029.744
39               AR(1)  977.2790 1338.8747 1940.394
40               AR(1)  948.9408 1364.8464 1931.644
41               AR(1) 1049.9573 1499.8719 2165.557
42               AR(1) 1099.5638 1635.7969 2471.176
43               AR(1) 1077.0180 1621.2616 2369.641
44               AR(1)  965.0361 1563.9288 2533.676
45               AR(1)  963.9440 1618.4264 2716.278
46               AR(1)  753.9252 1566.2522 3340.069
47       Beverton-Holt  459.7044  936.5948 2004.448
48       Beverton-Holt  526.6926  871.0352 1450.546
49       Beverton-Holt  518.4227  839.3623 1421.060
50       Beverton-Holt  611.5659  927.0254 1430.567
51       Beverton-Holt  617.6338  972.6985 1453.629
52       Beverton-Holt  745.1344 1131.0928 1673.357
53       Beverton-Holt  821.8834 1225.9669 1859.924
54       Beverton-Holt  871.2281 1292.5284 2008.025
55       Beverton-Holt  892.9142 1318.2541 1960.574
56       Beverton-Holt  894.6099 1339.4323 2013.598
57       Beverton-Holt  899.9016 1354.5376 2045.702
58       Beverton-Holt  909.5898 1372.5787 2037.871
59       Beverton-Holt  929.6750 1397.6576 2019.866
60       Beverton-Holt  953.7748 1408.7513 2082.151
61       Beverton-Holt  950.8639 1416.5149 2077.910
62       Beverton-Holt  971.1510 1404.2514 2100.942
63       Beverton-Holt  950.0207 1435.8336 2113.746
64       Beverton-Holt  963.8850 1453.8457 2173.378
65       Beverton-Holt  978.0269 1467.3732 2164.081
66       Beverton-Holt  982.3184 1474.1033 2249.644
67       Beverton-Holt  891.8197 1498.6301 2570.115
68       Beverton-Holt  878.0381 1565.4072 2781.721
69       Beverton-Holt  677.7440 1505.7347 3668.092
70  Simplex projection  793.9535 1748.9964 3948.786
71  Simplex projection  804.9090 1453.5826 2623.084
72  Simplex projection  893.1041 1524.4876 2754.238
73  Simplex projection  915.1628 1409.2938 2126.659
74  Simplex projection 1286.1507 2097.1328 3184.311
75  Simplex projection  960.3980 1487.2883 2198.433
76  Simplex projection  731.0729 1095.8494 1604.604
77  Simplex projection  508.8427  790.9273 1185.099
78  Simplex projection  864.3455 1358.5356 2109.897
79  Simplex projection  942.1020 1395.8197 2129.501
80  Simplex projection 1009.0963 1524.6047 2278.541
81  Simplex projection 1015.5922 1531.1640 2343.842
82  Simplex projection  906.0724 1368.8888 2083.447
83  Simplex projection  981.5101 1512.9720 2246.511
84  Simplex projection  971.8791 1450.0283 2251.294
85  Simplex projection  638.2549  943.9173 1459.261
86  Simplex projection 1136.2954 1650.8271 2415.157
87  Simplex projection 1637.2512 2475.9451 3801.710
88  Simplex projection 1291.9122 1991.8070 3293.654
89  Simplex projection 1104.5036 1710.8307 2546.874
90  Simplex projection 1047.1012 1783.0839 3071.907
91  Simplex projection  870.7198 1574.0607 2771.734
92  Simplex projection  769.8055 1744.0485 4093.758
93                 HMM  282.5817 1821.6180 4300.483
94                 HMM  728.0152 1850.6012 3424.859
95                 HMM  663.5605 1744.6059 3249.136
96                 HMM  895.7952 1775.3025 2980.163
97                 HMM  954.6259 1659.3922 2931.265
98                 HMM 1024.5466 1688.9272 2898.340
99                 HMM  931.6680 1707.1596 2903.719
100                HMM  922.6448 1716.3494 2767.955
101                HMM  911.0238 1709.6346 2877.441
102                HMM  835.6062 1657.8852 2733.467
103                HMM  877.8457 1633.7047 2660.083
104                HMM  919.6750 1594.8436 2566.031
105                HMM  920.7791 1595.3753 2457.283
106                HMM 1034.7647 1577.1597 2395.091
107                HMM  991.1264 1576.1445 2325.590
108                HMM 1021.7468 1593.4839 2233.069
109                HMM  982.8873 1577.4429 2287.529
110                HMM  883.4412 1588.7457 2382.098
111                HMM  848.2631 1616.0211 2515.088
112                HMM  863.9825 1642.4698 2606.875
113                HMM  673.2492 1638.3374 2883.278
114                HMM  625.8027 1702.9231 3058.044
115                HMM  298.1135 1644.1677 3796.939

$long_cov_prob
              method coverage_prob
1               mean     0.8260870
2              AR(1)     0.6956522
3      Beverton-Holt     0.6956522
4 simplex projection     0.7826087
5                HMM     0.7391304

$yr_trend
               method    low_ci    median    up_ci
1                Mean 1160.3307 1484.0708 1921.537
2                Mean 1193.8219 1468.0149 1851.175
3                Mean 1182.4534 1452.6501 1790.268
4                Mean 1196.9042 1445.2317 1767.116
5                Mean 1195.2369 1441.8484 1744.815
6                Mean 1189.8479 1439.5465 1740.854
7                Mean 1185.8349 1428.4186 1714.351
8                Mean 1176.4054 1409.3019 1718.983
9                Mean 1182.9321 1408.0179 1714.727
10               Mean 1186.9054 1408.2952 1691.702
11               Mean 1181.7145 1406.0873 1687.961
12               Mean 1180.5677 1412.8384 1673.568
13               Mean 1170.0792 1415.2287 1694.591
14               Mean 1174.8376 1410.0372 1688.591
15               Mean 1190.4361 1414.8968 1703.901
16               Mean 1194.6823 1422.2887 1719.304
17               Mean 1187.2375 1425.9668 1749.926
18               Mean 1174.6890 1447.2336 1820.077
19               Mean 1157.7929 1471.1355 1997.011
20              AR(1) 1132.8396 1418.4001 1788.328
21              AR(1) 1214.4135 1450.0195 1781.213
22              AR(1) 1219.9610 1450.1609 1767.837
23              AR(1) 1205.2831 1426.2842 1694.832
24              AR(1) 1181.1165 1390.2135 1637.853
25              AR(1) 1169.3230 1365.3076 1612.226
26              AR(1) 1152.7309 1357.0143 1610.235
27              AR(1) 1162.2284 1361.2635 1644.477
28              AR(1) 1178.5070 1392.4854 1652.871
29              AR(1) 1213.0156 1426.5402 1662.758
30              AR(1) 1229.2951 1444.1096 1692.744
31              AR(1) 1226.2132 1438.1215 1685.274
32              AR(1) 1222.0598 1419.3180 1679.896
33              AR(1) 1224.8148 1433.7484 1685.594
34              AR(1) 1253.5817 1477.7367 1735.412
35              AR(1) 1281.0275 1519.0014 1774.572
36              AR(1) 1304.8463 1562.7480 1864.814
37              AR(1) 1340.8383 1617.0785 1990.428
38              AR(1) 1304.9416 1638.6700 2110.195
39      Beverton-Holt  737.7114  934.7923 1208.591
40      Beverton-Holt  792.5432  965.3077 1186.188
41      Beverton-Holt  861.1341 1041.2195 1267.107
42      Beverton-Holt  945.8024 1131.0368 1370.073
43      Beverton-Holt 1017.1351 1209.6221 1477.324
44      Beverton-Holt 1086.0968 1282.3695 1566.956
45      Beverton-Holt 1120.7574 1328.2537 1602.796
46      Beverton-Holt 1143.4718 1359.1240 1619.384
47      Beverton-Holt 1154.5433 1374.1196 1631.960
48      Beverton-Holt 1167.0234 1392.7138 1641.140
49      Beverton-Holt 1188.5524 1409.0100 1687.984
50      Beverton-Holt 1195.4679 1424.5750 1686.177
51      Beverton-Holt 1206.0410 1434.6874 1692.493
52      Beverton-Holt 1224.6762 1441.1977 1725.466
53      Beverton-Holt 1217.6856 1453.1347 1758.236
54      Beverton-Holt 1240.0331 1469.6333 1762.709
55      Beverton-Holt 1246.4379 1494.1288 1802.171
56      Beverton-Holt 1247.7610 1529.5416 1878.770
57      Beverton-Holt 1220.3579 1553.9393 2059.676
58 Simplex projection 1342.7833 1703.8783 2234.583
59 Simplex projection 1327.5500 1632.3786 2035.718
60 Simplex projection 1256.0634 1554.0912 1916.017
61 Simplex projection 1148.3571 1404.7575 1711.388
62 Simplex projection 1142.4939 1382.5298 1697.593
63 Simplex projection 1027.8751 1244.9766 1494.740
64 Simplex projection 1053.3930 1249.0585 1518.660
65 Simplex projection 1122.8346 1344.9715 1629.178
66 Simplex projection 1228.9603 1462.7363 1765.468
67 Simplex projection 1240.9033 1498.0843 1786.978
68 Simplex projection 1254.8014 1504.1087 1805.597
69 Simplex projection 1145.8420 1391.8443 1663.114
70 Simplex projection 1181.2356 1411.7877 1680.993
71 Simplex projection 1354.4979 1631.0506 1993.499
72 Simplex projection 1427.8726 1732.5363 2172.457
73 Simplex projection 1469.2434 1781.0294 2229.800
74 Simplex projection 1605.1320 1959.2377 2429.129
75 Simplex projection 1577.4260 1949.4223 2420.304
76 Simplex projection 1417.9689 1823.6675 2407.922
77                HMM 1262.2675 1826.3258 2602.325
78                HMM 1343.4636 1800.4560 2412.698
79                HMM 1336.6675 1778.5804 2323.532
80                HMM 1354.4913 1774.4303 2270.892
81                HMM 1339.4405 1758.2627 2273.430
82                HMM 1306.3126 1747.4868 2228.699
83                HMM 1295.7998 1724.7161 2219.715
84                HMM 1297.7102 1700.0888 2197.996
85                HMM 1297.6322 1676.1584 2138.668
86                HMM 1294.1314 1644.7730 2080.126
87                HMM 1310.8795 1622.7354 2027.996
88                HMM 1315.0396 1605.4077 1975.057
89                HMM 1318.2635 1599.0817 1921.988
90                HMM 1327.6252 1601.1408 1921.747
91                HMM 1293.5110 1607.3126 1913.606
92                HMM 1298.1557 1612.5428 1996.386
93                HMM 1258.2903 1633.4163 2056.378
94                HMM 1233.0424 1656.2137 2129.810
95                HMM 1204.4985 1686.0829 2307.977

