$short_forecast_quants
                method    low_ci   median    up_ci
1                 Mean 1125.3661 1956.530 3487.953
2                 Mean 1140.0453 1925.568 3247.157
3                 Mean 1134.0316 1955.122 3468.582
4                 Mean 1126.7575 1986.677 3449.173
5                 Mean 1161.2162 1988.122 3479.791
6                 Mean 1155.6349 1976.906 3462.032
7                 Mean 1169.3724 1987.558 3250.865
8                 Mean 1132.3452 1969.882 3276.778
9                 Mean 1203.8240 1986.681 3346.576
10                Mean 1151.0263 2011.835 3381.556
11                Mean 1153.4221 1996.286 3325.215
12                Mean 1138.6251 1975.673 3375.775
13                Mean 1149.0568 1948.304 3423.369
14                Mean 1096.6716 1966.440 3414.179
15                Mean 1136.4504 1919.480 3299.602
16                Mean 1016.9124 1850.897 3509.679
17                Mean 1091.3044 1885.654 3426.012
18                Mean 1000.5875 1863.723 3373.946
19                Mean 1082.5667 1895.817 3503.389
20                Mean 1067.7998 1884.695 3289.795
21                Mean  986.1507 1863.876 3669.292
22                Mean  950.2045 1836.936 3416.365
23                Mean  981.3417 1838.733 3303.943
24                Mean  982.5377 1818.112 3482.838
25                Mean  989.1446 1800.658 3560.642
26                Mean  946.4842 1850.370 3630.389
27                Mean  956.1228 1862.690 3311.526
28                Mean  939.8879 1891.742 3553.521
29                Mean  891.2922 1789.132 4000.491
30                Mean  877.3682 1844.002 3659.995
31                Mean  871.8126 1826.094 3663.324
32                Mean  891.3550 1842.219 3953.315
33                Mean  827.1950 1817.570 3938.204
34               AR(1) 1088.4899 1954.441 3433.947
35               AR(1) 1074.2051 1915.256 3370.592
36               AR(1) 1081.5466 1912.004 3308.175
37               AR(1) 1135.4572 1943.101 3640.555
38               AR(1) 1130.6542 1976.837 3317.752
39               AR(1) 1153.2475 1985.787 3575.076
40               AR(1) 1162.2159 1942.828 3318.265
41               AR(1) 1151.1454 2004.742 3449.767
42               AR(1) 1124.5098 1896.243 3283.674
43               AR(1) 1166.2227 1972.498 3348.524
44               AR(1) 1233.9389 2156.511 3698.134
45               AR(1) 1183.6758 2017.120 3450.212
46               AR(1) 1100.8221 1938.073 3373.058
47               AR(1) 1089.8417 1928.398 3319.431
48               AR(1) 1132.7918 1963.698 3408.223
49               AR(1) 1000.5941 1856.014 3226.664
50               AR(1) 1098.7128 1883.673 3426.716
51               AR(1) 1050.1416 1911.222 3421.372
52               AR(1)  999.6247 1853.031 3331.112
53               AR(1) 1031.6041 1880.373 3396.242
54               AR(1) 1055.7721 1901.346 3640.613
55               AR(1)  975.5828 1788.261 3503.564
56               AR(1)  967.4358 1852.349 3625.287
57               AR(1)  984.5176 1875.639 3531.483
58               AR(1)  978.2627 1823.363 3571.724
59               AR(1)  971.9437 1887.722 3654.184
60               AR(1)  964.4975 1835.333 3539.948
61               AR(1) 1022.2131 1853.373 3638.223
62               AR(1) 1043.2138 2221.190 4749.187
63               AR(1)  819.5779 1695.093 3554.047
64               AR(1)  901.7886 1996.706 3942.254
65               AR(1)  869.3314 1818.504 3751.890
66               AR(1)  847.5947 1802.388 3552.001
67       Beverton-Holt 1127.9329 1937.736 3278.196
68       Beverton-Holt 1128.6927 1971.873 3458.880
69       Beverton-Holt 1135.6030 1983.918 3461.400
70       Beverton-Holt 1151.0246 2016.639 3314.921
71       Beverton-Holt 1158.7043 1977.130 3312.346
72       Beverton-Holt 1146.1196 1984.696 3327.897
73       Beverton-Holt 1204.1335 1969.177 3464.926
74       Beverton-Holt 1207.2690 1998.602 3135.745
75       Beverton-Holt 1202.9083 1997.082 3439.513
76       Beverton-Holt 1198.1814 1984.417 3388.410
77       Beverton-Holt 1158.7294 1966.079 3339.438
78       Beverton-Holt 1167.3994 1955.533 3200.586
79       Beverton-Holt 1151.8738 1908.853 3312.967
80       Beverton-Holt 1140.1683 1970.772 3271.152
81       Beverton-Holt 1155.3683 1934.720 3415.399
82       Beverton-Holt 1044.8588 1850.090 3392.825
83       Beverton-Holt 1067.5320 1870.070 3293.177
84       Beverton-Holt 1026.5192 1865.416 3369.178
85       Beverton-Holt 1089.1683 1887.104 3500.130
86       Beverton-Holt 1075.1933 1905.573 3446.023
87       Beverton-Holt 1055.3081 1864.691 3202.054
88       Beverton-Holt  962.7355 1795.088 3306.899
89       Beverton-Holt  941.6859 1857.486 3276.395
90       Beverton-Holt  982.5322 1844.515 3340.161
91       Beverton-Holt  983.7443 1830.768 3313.931
92       Beverton-Holt  994.2928 1859.199 3489.396
93       Beverton-Holt 1004.9286 1831.770 3437.478
94       Beverton-Holt  986.8473 1864.713 3485.347
95       Beverton-Holt  860.6642 1864.787 3950.901
96       Beverton-Holt  918.9410 1875.434 3888.221
97       Beverton-Holt  875.6277 1808.571 3840.699
98       Beverton-Holt  906.0687 1815.465 4124.840
99       Beverton-Holt  899.0302 1814.331 3813.371
100 Simplex projection 1151.6326 1947.414 3694.659
101 Simplex projection 1068.6940 1865.388 3239.171
102 Simplex projection 1227.3014 2216.791 3788.502
103 Simplex projection 1326.7074 2349.158 4186.519
104 Simplex projection 1160.8897 1973.722 3457.290
105 Simplex projection 1560.0065 2597.467 4533.219
106 Simplex projection 1217.6879 2093.287 3611.548
107 Simplex projection 1508.4024 2494.126 4212.854
108 Simplex projection 1153.8416 1921.468 3354.955
109 Simplex projection 1329.5447 2253.341 3793.486
110 Simplex projection 1311.3706 2214.989 3881.539
111 Simplex projection 1304.3821 2190.607 3580.192
112 Simplex projection 1241.9567 2190.752 3804.910
113 Simplex projection  892.3373 1549.059 2627.374
114 Simplex projection 1086.7328 1954.042 3347.505
115 Simplex projection 1057.0075 1872.647 3322.519
116 Simplex projection 1099.7924 1871.756 3437.081
117 Simplex projection 1256.2926 2186.139 3838.011
118 Simplex projection 1056.5068 1936.908 3487.379
119 Simplex projection 1722.1744 3092.514 5496.223
120 Simplex projection 1106.7872 2048.788 3841.100
121 Simplex projection 1055.3784 2028.350 3806.678
122 Simplex projection  753.7726 1413.048 2672.151
123 Simplex projection 1238.9531 2250.279 4323.770
124 Simplex projection 1750.0768 3275.601 6038.401
125 Simplex projection  710.3347 1307.559 2524.861
126 Simplex projection 1112.0035 2004.478 3824.822
127 Simplex projection  652.4763 1254.604 2243.997
128 Simplex projection 1004.4712 1982.498 4200.649
129 Simplex projection  876.6124 1898.893 4145.556
130 Simplex projection 1157.9340 2375.671 4973.791
131 Simplex projection 1232.3001 2542.339 5116.178
132 Simplex projection 1244.0838 2529.835 5135.184
133                HMM  838.9059 1364.763 2205.768
134                HMM 1162.1447 1909.068 3181.176
135                HMM  792.5796 1248.277 1970.657
136                HMM  785.6941 1274.204 2095.330
137                HMM  757.8458 1320.393 2436.307
138                HMM  742.8803 1636.094 3297.245
139                HMM  910.4596 1667.068 3091.014
140                HMM  711.5251 1175.091 1987.451
141                HMM  740.4295 1316.311 2380.147
142                HMM  636.1591 1126.011 2051.604
143                HMM 1053.4194 1879.389 3277.552
144                HMM 1091.7047 1946.490 3453.293
145                HMM  745.9211 1287.333 2164.497
146                HMM  742.6999 1289.725 2436.984
147                HMM  791.7552 1541.353 2803.971
148                HMM  824.0631 1308.311 2024.579
149                HMM 1075.5416 1817.525 3000.442
150                HMM 1526.7039 2553.628 4417.170
151                HMM  942.2933 1643.194 2954.779
152                HMM 1018.6242 1713.951 2811.172
153                HMM  938.9480 1730.716 3097.093
154                HMM  847.7458 1802.394 3803.003
155                HMM  895.6057 1691.117 3153.645
156                HMM  851.7250 1814.453 3548.925
157                HMM  860.3290 1713.032 3427.380
158                HMM  835.6409 1746.923 3728.243
159                HMM  828.8400 1729.666 3471.291
160                HMM  845.8174 1808.695 3886.516
161                HMM  683.7433 1751.411 4513.061
162                HMM  878.0575 1893.916 3839.855
163                HMM 1618.5441 2639.379 4161.561
164                HMM  759.8447 1497.980 2836.526
165                HMM  845.0295 1846.446 3993.686
166        PELT sample 1145.6491 1952.786 3404.645
167        PELT sample 1146.9863 1923.365 3230.595
168        PELT sample 1130.8097 1967.908 3313.972
169        PELT sample 1149.0700 1949.199 3441.285
170        PELT sample 1170.0662 1961.710 3274.316
171        PELT sample 1167.7740 1975.698 3403.622
172        PELT sample 1138.6464 1989.398 3578.619
173        PELT sample 1156.8305 1960.779 3252.952
174        PELT sample 1177.1933 2039.677 3522.422
175        PELT sample 1153.7515 1993.686 3325.038
176        PELT sample 1164.8453 1966.731 3310.212
177        PELT sample 1182.6998 1984.398 3227.786
178        PELT sample 1125.4859 1925.045 3400.262
179        PELT sample 1140.1156 1940.898 3256.787
180        PELT sample 1126.4138 1928.082 3335.666
181        PELT sample 1110.4579 1880.076 3289.371
182        PELT sample  934.3577 1488.352 2453.076
183        PELT sample  879.5838 1440.051 2386.195
184        PELT sample 1049.0151 1884.909 3442.460
185        PELT sample 1048.0335 1907.949 3323.660
186        PELT sample  837.8725 1485.609 2738.495
187        PELT sample  788.2740 1425.628 2667.015
188        PELT sample  800.9650 1517.308 3068.026
189        PELT sample  805.5644 1534.693 2739.018
190        PELT sample  800.6337 1504.608 2715.514
191        PELT sample  783.3401 1606.041 3213.682
192        PELT sample  801.5948 1557.233 2982.970
193        PELT sample  785.6806 1668.965 3545.517
194        PELT sample  635.0987 1582.801 4016.465
195        PELT sample  635.7633 1658.363 3973.196
196        PELT sample  663.2213 1576.920 3708.599
197        PELT sample  665.7943 1596.365 3687.532
198        PELT sample  675.0925 1591.498 3708.721

$short_cov_prob
              method coverage_prob
1               mean     0.8787879
2              AR(1)     0.8787879
3      Beverton-Holt     0.8484848
4 simplex projection     0.8484848
5                HMM     0.8181818
6        PELT sample     0.8181818

$mrae
    year             method      mrae
1      1               mean 0.7631805
2      2               mean 1.5240825
3      3               mean 0.6693432
4      4               mean 0.8489684
5      5               mean 0.9348406
6      6               mean 0.9627085
7      7               mean 0.6133006
8      8               mean 1.1208210
9      9               mean 0.6309277
10    10               mean 0.9351456
11    11               mean 0.8618057
12    12               mean 1.2603612
13    13               mean 0.7560529
14    14               mean 1.0531674
15    15               mean 1.4122003
16    16               mean 0.6932903
17    17               mean 1.2455223
18    18               mean 1.1263180
19    19               mean 0.6705000
20    20               mean 1.3792125
21    21               mean 1.2892852
22    22               mean 0.8808436
23    23               mean 0.7167432
24    24               mean 0.6738792
25    25               mean 2.2789534
26    26               mean 0.7082638
27    27               mean 1.9022933
28    28               mean 1.8660985
29    29               mean 1.1264330
30    30               mean 1.0072536
31    31               mean 0.6576402
32    32               mean 0.6930297
33    33               mean 0.6798553
34     1              AR(1) 0.7820146
35     2              AR(1) 1.5118302
36     3              AR(1) 0.6642441
37     4              AR(1) 0.8727069
38     5              AR(1) 0.9008585
39     6              AR(1) 0.9651637
40     7              AR(1) 0.6141809
41     8              AR(1) 1.1016388
42     9              AR(1) 0.6631429
43    10              AR(1) 0.9100958
44    11              AR(1) 1.0600117
45    12              AR(1) 1.3166008
46    13              AR(1) 0.7620577
47    14              AR(1) 0.9917315
48    15              AR(1) 1.4667354
49    16              AR(1) 0.6583896
50    17              AR(1) 1.2466806
51    18              AR(1) 1.0691247
52    19              AR(1) 0.6643655
53    20              AR(1) 1.4029103
54    21              AR(1) 1.3669417
55    22              AR(1) 0.9350281
56    23              AR(1) 0.7749672
57    24              AR(1) 0.6745275
58    25              AR(1) 2.2657225
59    26              AR(1) 0.7051366
60    27              AR(1) 1.8831728
61    28              AR(1) 1.8802322
62    29              AR(1) 0.9763919
63    30              AR(1) 0.8618829
64    31              AR(1) 0.6985299
65    32              AR(1) 0.6759022
66    33              AR(1) 0.6426807
67     1      Beverton-Holt 0.7230854
68     2      Beverton-Holt 1.4701595
69     3      Beverton-Holt 0.6475228
70     4      Beverton-Holt 0.7873876
71     5      Beverton-Holt 0.9216503
72     6      Beverton-Holt 0.9315320
73     7      Beverton-Holt 0.6043030
74     8      Beverton-Holt 1.0740602
75     9      Beverton-Holt 0.6371837
76    10      Beverton-Holt 0.9067028
77    11      Beverton-Holt 0.8505259
78    12      Beverton-Holt 1.1928088
79    13      Beverton-Holt 0.7423295
80    14      Beverton-Holt 1.0059617
81    15      Beverton-Holt 1.4262211
82    16      Beverton-Holt 0.6966670
83    17      Beverton-Holt 1.2035162
84    18      Beverton-Holt 1.0930677
85    19      Beverton-Holt 0.6655797
86    20      Beverton-Holt 1.4545282
87    21      Beverton-Holt 1.2459770
88    22      Beverton-Holt 0.8697476
89    23      Beverton-Holt 0.7209799
90    24      Beverton-Holt 0.6720866
91    25      Beverton-Holt 2.2539834
92    26      Beverton-Holt 0.6812973
93    27      Beverton-Holt 1.9079387
94    28      Beverton-Holt 1.8530909
95    29      Beverton-Holt 1.0914269
96    30      Beverton-Holt 1.0410499
97    31      Beverton-Holt 0.6543920
98    32      Beverton-Holt 0.6954520
99    33      Beverton-Holt 0.6821366
100    1 simplex projection 0.8053490
101    2 simplex projection 1.6014434
102    3 simplex projection 0.8065731
103    4 simplex projection 0.7967599
104    5 simplex projection 0.9451025
105    6 simplex projection 0.8107675
106    7 simplex projection 0.6812651
107    8 simplex projection 0.8000197
108    9 simplex projection 0.6496520
109   10 simplex projection 1.2220035
110   11 simplex projection 1.1635090
111   12 simplex projection 1.5263779
112   13 simplex projection 0.7466039
113   14 simplex projection 0.5562095
114   15 simplex projection 1.4735972
115   16 simplex projection 0.6758812
116   17 simplex projection 1.2026370
117   18 simplex projection 0.8808540
118   19 simplex projection 0.7243070
119   20 simplex projection 3.1213576
120   21 simplex projection 1.5696691
121   22 simplex projection 0.8177152
122   23 simplex projection 0.5544074
123   24 simplex projection 1.0107515
124   25 simplex projection 1.1980821
125   26 simplex projection 0.6753605
126   27 simplex projection 1.6593854
127   28 simplex projection 1.0228428
128   29 simplex projection 1.0153392
129   30 simplex projection 1.0993303
130   31 simplex projection 0.9922635
131   32 simplex projection 1.0781302
132   33 simplex projection 1.1330168
133    1                HMM 0.5586438
134    2                HMM 1.5184479
135    3                HMM 1.0002110
136    4                HMM 1.6047521
137    5                HMM 0.4873066
138    6                HMM 1.3257234
139    7                HMM 0.6678496
140    8                HMM 2.1449124
141    9                HMM 1.1174185
142   10                HMM 0.5362598
143   11                HMM 0.7722279
144   12                HMM 1.2204993
145   13                HMM 1.3403341
146   14                HMM 0.4768419
147   15                HMM 0.8935202
148   16                HMM 0.9870541
149   17                HMM 1.1081398
150   18                HMM 0.7899554
151   19                HMM 0.5217010
152   20                HMM 1.1437841
153   21                HMM 1.0966689
154   22                HMM 0.9930235
155   23                HMM 0.6224131
156   24                HMM 0.7657522
157   25                HMM 2.3870167
158   26                HMM 0.7718950
159   27                HMM 1.9999198
160   28                HMM 1.8482848
161   29                HMM 1.2808290
162   30                HMM 1.0458996
163   31                HMM 0.9684190
164   32                HMM 0.6035558
165   33                HMM 0.7328145
166    1        PELT sample 0.7535048
167    2        PELT sample 1.5233793
168    3        PELT sample 0.6550014
169    4        PELT sample 0.8410065
170    5        PELT sample 0.9070310
171    6        PELT sample 0.9459585
172    7        PELT sample 0.6715329
173    8        PELT sample 1.1200130
174    9        PELT sample 0.6265431
175   10        PELT sample 0.9299302
176   11        PELT sample 0.8422891
177   12        PELT sample 1.2384941
178   13        PELT sample 0.7448892
179   14        PELT sample 1.0094767
180   15        PELT sample 1.4162250
181   16        PELT sample 0.6740532
182   17        PELT sample 0.6322643
183   18        PELT sample 1.5755441
184   19        PELT sample 0.6804382
185   20        PELT sample 1.4393021
186   21        PELT sample 0.7765745
187   22        PELT sample 1.2067753
188   23        PELT sample 0.5894593
189   24        PELT sample 0.6032128
190   25        PELT sample 2.7291061
191   26        PELT sample 0.6767195
192   27        PELT sample 2.2308828
193   28        PELT sample 1.6535217
194   29        PELT sample 1.3408989
195   30        PELT sample 0.9022715
196   31        PELT sample 0.7589666
197   32        PELT sample 0.7422550
198   33        PELT sample 0.7623636

$long_forecast_quants
                method    low_ci   median    up_ci
1                 Mean 1056.8997 1862.071 3187.812
2                 Mean 1055.6895 1884.649 3354.666
3                 Mean 1107.2643 1948.889 3533.910
4                 Mean 1119.3203 1949.406 3366.802
5                 Mean 1111.0236 1949.463 3346.071
6                 Mean 1070.8408 1911.912 3384.119
7                 Mean 1131.8945 1954.389 3443.585
8                 Mean 1166.5569 2008.638 3384.676
9                 Mean 1197.3805 1998.543 3423.541
10                Mean 1131.9814 1959.737 3376.216
11                Mean 1218.6924 1950.825 3242.108
12                Mean 1135.2270 1968.529 3314.735
13                Mean 1162.5108 2003.684 3312.745
14                Mean 1186.2347 2025.590 3301.250
15                Mean 1233.2282 1984.695 3274.196
16                Mean 1167.9114 1951.261 3296.767
17                Mean 1145.7562 1954.969 3356.918
18                Mean 1112.7903 1976.009 3423.863
19                Mean 1065.0518 1924.101 3219.730
20                Mean  977.7311 1838.613 3548.231
21                Mean 1027.0855 1875.758 3313.015
22                Mean 1015.6556 1898.075 3403.557
23                Mean 1065.8068 1917.018 3475.538
24                Mean 1065.4941 1928.429 3291.318
25                Mean  997.0211 1848.182 3417.288
26                Mean  936.8482 1818.881 3379.721
27                Mean  999.2562 1779.459 3485.586
28                Mean 1026.2871 1854.366 3428.866
29                Mean  954.2468 1821.124 3330.682
30                Mean 1016.7747 1829.883 3578.496
31                Mean 1006.1491 1849.601 3389.760
32                Mean  972.7856 1833.489 3712.913
33                Mean  887.2999 1766.649 3814.437
34               AR(1) 1044.4611 1862.323 3286.731
35               AR(1) 1092.0730 1864.411 3338.879
36               AR(1) 1100.7188 1954.041 3520.171
37               AR(1) 1087.0197 1968.111 3448.656
38               AR(1) 1106.8568 1923.071 3422.145
39               AR(1) 1063.1530 1935.773 3404.219
40               AR(1) 1117.3349 1969.665 3576.048
41               AR(1) 1162.1731 2008.059 3435.553
42               AR(1) 1141.1895 1981.093 3588.346
43               AR(1) 1162.6349 1978.552 3339.508
44               AR(1) 1093.9657 1979.216 3363.565
45               AR(1) 1181.9672 1995.076 3341.894
46               AR(1) 1201.7805 2035.185 3371.336
47               AR(1) 1206.3446 2026.802 3456.309
48               AR(1) 1159.7888 2022.761 3352.068
49               AR(1) 1113.2206 1926.907 3341.046
50               AR(1) 1092.4689 1944.042 3472.869
51               AR(1) 1109.0003 1935.973 3405.100
52               AR(1) 1092.3602 1889.965 3374.633
53               AR(1) 1064.8637 1901.959 3528.600
54               AR(1) 1101.2803 1928.922 3401.764
55               AR(1) 1067.1638 1884.326 3448.147
56               AR(1) 1025.0875 1891.382 3388.123
57               AR(1) 1041.0621 1858.155 3348.103
58               AR(1) 1015.6046 1830.410 3492.079
59               AR(1)  960.0971 1839.787 3280.571
60               AR(1)  986.7377 1790.648 3539.163
61               AR(1)  928.0036 1793.232 3441.531
62               AR(1) 1046.1098 1836.086 3394.879
63               AR(1) 1020.9922 1901.057 3562.529
64               AR(1) 1023.3585 1880.601 3584.762
65               AR(1)  953.2370 1828.706 3805.365
66               AR(1)  876.8409 1808.577 3971.356
67       Beverton-Holt 1047.3817 1845.517 3197.982
68       Beverton-Holt 1066.6084 1866.160 3219.296
69       Beverton-Holt 1045.0364 1900.572 3375.988
70       Beverton-Holt 1091.9208 1919.725 3355.754
71       Beverton-Holt 1155.7598 1971.414 3358.984
72       Beverton-Holt 1126.5217 1958.465 3250.882
73       Beverton-Holt 1155.1477 1998.324 3355.953
74       Beverton-Holt 1148.2326 1978.179 3369.498
75       Beverton-Holt 1187.2035 2009.738 3344.133
76       Beverton-Holt 1153.0926 1978.394 3195.831
77       Beverton-Holt 1152.6641 1966.535 3440.221
78       Beverton-Holt 1172.5255 1980.103 3294.228
79       Beverton-Holt 1238.3544 2026.260 3378.585
80       Beverton-Holt 1254.9165 2005.517 3462.853
81       Beverton-Holt 1166.7878 1993.678 3403.357
82       Beverton-Holt 1188.2745 2019.720 3257.404
83       Beverton-Holt 1147.5008 1975.779 3417.517
84       Beverton-Holt 1153.1566 1975.555 3312.716
85       Beverton-Holt 1109.2162 1969.409 3428.920
86       Beverton-Holt 1070.6398 1890.837 3570.188
87       Beverton-Holt 1140.5170 1916.567 3310.358
88       Beverton-Holt 1074.0661 1899.939 3316.251
89       Beverton-Holt 1032.7625 1897.896 3394.541
90       Beverton-Holt 1090.6890 1895.382 3389.663
91       Beverton-Holt  961.2193 1855.997 3305.442
92       Beverton-Holt  988.7322 1859.453 3363.929
93       Beverton-Holt 1036.9538 1809.309 3501.315
94       Beverton-Holt 1025.2146 1882.771 3506.084
95       Beverton-Holt  989.0835 1843.441 3352.392
96       Beverton-Holt  992.5686 1828.131 3483.692
97       Beverton-Holt  996.7637 1833.535 3387.999
98       Beverton-Holt  992.4969 1865.699 3385.785
99       Beverton-Holt  857.4651 1818.810 3807.328
100 Simplex projection 1081.8863 1925.048 3497.669
101 Simplex projection 1361.7092 2352.676 3848.488
102 Simplex projection 1277.7952 2203.397 3829.105
103 Simplex projection 1389.1070 2463.120 4236.938
104 Simplex projection 1139.3752 1947.718 3241.952
105 Simplex projection 1402.1375 2447.419 4215.716
106 Simplex projection 1276.2935 2234.204 3791.681
107 Simplex projection 1458.3430 2430.322 4274.838
108 Simplex projection 1291.9934 2181.732 3655.237
109 Simplex projection 1334.8166 2276.753 3642.920
110 Simplex projection 1355.9027 2285.005 3963.272
111 Simplex projection 1432.6795 2438.534 4150.930
112 Simplex projection 1518.7351 2649.668 4564.548
113 Simplex projection 1304.1841 2237.829 4006.991
114 Simplex projection 1417.4361 2364.246 4042.837
115 Simplex projection 1198.6115 2156.726 4014.185
116 Simplex projection 1072.2667 1946.915 3433.696
117 Simplex projection 1048.8923 1928.233 3358.798
118 Simplex projection  865.3231 1521.585 2737.345
119 Simplex projection  828.8638 1558.409 2713.072
120 Simplex projection 1071.3231 1962.138 3491.262
121 Simplex projection 1046.5151 1981.675 3733.119
122 Simplex projection  733.1678 1391.285 2600.077
123 Simplex projection 1214.7420 2329.331 4289.555
124 Simplex projection 1147.4505 2165.930 3998.293
125 Simplex projection  727.6849 1326.656 2414.742
126 Simplex projection 1059.8319 2038.471 3897.393
127 Simplex projection  648.6399 1238.984 2369.516
128 Simplex projection  728.9960 1478.008 3218.786
129 Simplex projection  663.6215 1430.209 3062.845
130 Simplex projection  716.2986 1481.413 3143.997
131 Simplex projection  693.8607 1407.163 2879.725
132 Simplex projection  837.9105 1762.525 3594.313
133                HMM  965.7811 1212.762 1549.449
134                HMM  876.8673 1183.595 1695.509
135                HMM 1158.2376 1946.389 3288.816
136                HMM  797.5592 1453.261 2475.651
137                HMM  780.8574 1229.860 1937.234
138                HMM  774.6434 1202.998 1942.204
139                HMM  702.5569 1342.330 2542.413
140                HMM  673.0056 1114.299 1972.607
141                HMM  652.7746 1144.653 2012.360
142                HMM 1020.4476 1696.339 2877.879
143                HMM  871.7544 1622.509 2985.084
144                HMM  698.1668 1181.022 1988.996
145                HMM  691.3144 1188.608 1983.177
146                HMM  747.7196 1294.923 2335.375
147                HMM  753.3422 1388.942 2512.437
148                HMM  811.6363 1465.779 2712.015
149                HMM  983.4304 1740.262 3209.614
150                HMM  992.2552 1836.964 3423.815
151                HMM 1011.9300 1703.205 3006.592
152                HMM 1067.0672 1953.014 3538.049
153                HMM  972.9820 2270.167 5342.911
154                HMM 1011.8313 1572.843 2351.320
155                HMM 1712.3661 2753.693 4536.132
156                HMM 1009.3732 1656.962 2871.116
157                HMM 1592.3108 2684.551 4361.115
158                HMM  754.7517 1647.885 3460.584
159                HMM  816.3102 1526.472 2674.253
160                HMM  779.7051 1633.043 3338.141
161                HMM  821.9218 1626.236 3168.137
162                HMM  821.8353 1733.039 3627.508
163                HMM  856.1880 1707.606 3434.143
164                HMM  829.6614 1829.575 3903.957
165                HMM  698.0687 1734.696 4229.367
166        PELT sample 1032.5361 1831.467 3219.890
167        PELT sample 1038.8583 1881.883 3301.204
168        PELT sample 1095.1761 1928.372 3336.617
169        PELT sample 1142.7402 1970.209 3287.758
170        PELT sample 1137.3301 1966.445 3346.972
171        PELT sample 1146.5600 1956.377 3183.536
172        PELT sample 1154.3345 1976.527 3373.031
173        PELT sample 1114.3490 1973.622 3474.839
174        PELT sample 1195.5547 1992.520 3425.651
175        PELT sample 1150.4835 2011.861 3239.189
176        PELT sample 1141.1232 2020.026 3293.545
177        PELT sample 1185.3595 1967.014 3372.937
178        PELT sample 1190.2791 1973.407 3272.188
179        PELT sample 1217.7439 1993.585 3466.502
180        PELT sample 1145.4120 1968.033 3522.292
181        PELT sample 1200.0894 1998.051 3377.564
182        PELT sample 1112.0730 1938.447 3289.528
183        PELT sample 1113.7167 1925.326 3356.146
184        PELT sample 1080.0973 1929.772 3275.334
185        PELT sample 1064.2283 1871.871 3476.237
186        PELT sample  902.6093 1486.531 2480.410
187        PELT sample  846.5561 1418.636 2351.911
188        PELT sample 1064.9860 1859.328 3482.957
189        PELT sample 1017.0253 1898.444 3529.267
190        PELT sample  796.6712 1491.238 2709.203
191        PELT sample  777.9903 1426.326 2762.038
192        PELT sample  796.3050 1500.502 2809.342
193        PELT sample  796.7081 1493.720 2738.545
194        PELT sample  835.3724 1518.188 2722.822
195        PELT sample  804.4894 1594.037 3131.941
196        PELT sample  766.5294 1613.985 3129.520
197        PELT sample  804.3597 1693.423 3551.681
198        PELT sample  636.0925 1547.223 3710.711

$long_cov_prob
              method coverage_prob
1               mean     0.8181818
2              AR(1)     0.8484848
3      Beverton-Holt     0.8181818
4 simplex projection     0.8787879
5                HMM     0.6969697
6        PELT sample     0.8484848

$yr_trend
                method    low_ci   median    up_ci
1                 Mean 1537.1210 1970.354 2539.202
2                 Mean 1550.4776 1994.397 2628.277
3                 Mean 1582.0586 2003.051 2591.337
4                 Mean 1591.4345 2008.380 2600.857
5                 Mean 1597.3284 2021.852 2611.472
6                 Mean 1593.3784 2027.283 2616.727
7                 Mean 1612.0512 2029.625 2642.244
8                 Mean 1604.8993 2030.450 2589.595
9                 Mean 1609.9310 2030.679 2625.029
10                Mean 1611.1388 2041.019 2606.555
11                Mean 1608.4828 2042.773 2604.590
12                Mean 1619.9607 2040.387 2662.004
13                Mean 1601.9591 2044.352 2619.854
14                Mean 1610.4907 2032.089 2556.314
15                Mean 1559.7135 2012.634 2539.267
16                Mean 1561.5368 1980.334 2573.174
17                Mean 1544.9383 1963.722 2556.820
18                Mean 1508.3397 1961.734 2539.241
19                Mean 1505.9877 1969.183 2537.880
20                Mean 1513.4058 1960.607 2588.422
21                Mean 1506.4249 1957.289 2536.982
22                Mean 1477.5146 1936.308 2613.499
23                Mean 1468.7301 1930.716 2545.262
24                Mean 1469.2252 1911.619 2565.303
25                Mean 1417.6528 1905.805 2512.053
26                Mean 1425.1652 1908.372 2537.652
27                Mean 1420.9070 1906.995 2544.737
28                Mean 1472.2474 1911.857 2568.691
29                Mean 1455.6699 1898.515 2635.938
30               AR(1) 1532.4289 1987.130 2579.358
31               AR(1) 1540.5027 1991.483 2607.580
32               AR(1) 1569.4977 2019.502 2623.472
33               AR(1) 1580.3192 2024.864 2634.132
34               AR(1) 1599.8620 2027.347 2666.899
35               AR(1) 1584.2556 2032.593 2607.693
36               AR(1) 1570.3551 2044.116 2623.202
37               AR(1) 1589.4281 2057.246 2629.114
38               AR(1) 1602.7887 2056.943 2595.789
39               AR(1) 1644.6097 2054.964 2676.184
40               AR(1) 1637.2883 2069.663 2645.645
41               AR(1) 1617.1417 2059.624 2630.128
42               AR(1) 1605.8480 2059.760 2595.306
43               AR(1) 1597.9706 2030.321 2624.533
44               AR(1) 1559.7387 2009.804 2556.919
45               AR(1) 1562.0876 1994.924 2561.737
46               AR(1) 1548.5151 1995.413 2599.416
47               AR(1) 1522.0094 1975.577 2567.694
48               AR(1) 1516.4088 1966.998 2576.269
49               AR(1) 1500.0669 1954.953 2600.576
50               AR(1) 1469.8971 1956.724 2571.915
51               AR(1) 1456.8585 1925.042 2516.906
52               AR(1) 1440.7594 1925.791 2563.238
53               AR(1) 1456.4747 1896.771 2547.361
54               AR(1) 1457.1295 1899.273 2567.684
55               AR(1) 1445.3940 1914.326 2566.331
56               AR(1) 1446.3875 1928.256 2576.764
57               AR(1) 1436.3530 1921.727 2632.315
58               AR(1) 1423.5608 1921.906 2704.239
59       Beverton-Holt 1538.6668 1963.736 2507.175
60       Beverton-Holt 1574.7727 1984.513 2543.765
61       Beverton-Holt 1581.6439 2012.853 2579.582
62       Beverton-Holt 1601.8072 2014.620 2590.018
63       Beverton-Holt 1609.4917 2024.539 2587.624
64       Beverton-Holt 1623.6007 2028.072 2591.781
65       Beverton-Holt 1632.4187 2032.442 2620.759
66       Beverton-Holt 1612.2503 2026.549 2627.907
67       Beverton-Holt 1626.4271 2048.107 2583.921
68       Beverton-Holt 1636.7696 2039.429 2592.913
69       Beverton-Holt 1601.9677 2046.082 2622.351
70       Beverton-Holt 1636.5626 2054.856 2572.802
71       Beverton-Holt 1656.1860 2047.439 2564.222
72       Beverton-Holt 1625.5180 2041.252 2542.404
73       Beverton-Holt 1595.8914 2038.543 2594.262
74       Beverton-Holt 1574.5897 2021.951 2604.501
75       Beverton-Holt 1553.8892 2011.915 2531.553
76       Beverton-Holt 1553.1943 1992.177 2578.712
77       Beverton-Holt 1528.4678 1978.738 2584.783
78       Beverton-Holt 1505.5379 1976.313 2609.723
79       Beverton-Holt 1521.9546 1959.261 2585.284
80       Beverton-Holt 1490.0819 1939.630 2557.887
81       Beverton-Holt 1462.7128 1926.087 2555.866
82       Beverton-Holt 1456.5077 1932.552 2547.058
83       Beverton-Holt 1432.4821 1919.369 2549.929
84       Beverton-Holt 1439.5903 1914.999 2551.439
85       Beverton-Holt 1467.5307 1910.775 2548.891
86       Beverton-Holt 1475.2403 1914.908 2530.891
87       Beverton-Holt 1449.8416 1904.675 2569.582
88  Simplex projection 1791.4226 2239.340 2864.201
89  Simplex projection 1860.6017 2351.208 2983.832
90  Simplex projection 1833.3536 2334.972 2975.016
91  Simplex projection 1845.2566 2366.832 3092.912
92  Simplex projection 1846.7693 2314.314 2967.543
93  Simplex projection 1890.1063 2371.466 3037.006
94  Simplex projection 1834.1178 2358.374 3011.860
95  Simplex projection 1892.5253 2387.087 3034.930
96  Simplex projection 1935.1377 2440.268 3073.295
97  Simplex projection 1953.3080 2438.631 3071.042
98  Simplex projection 1975.3769 2466.701 3128.014
99  Simplex projection 1931.5170 2435.940 3173.098
100 Simplex projection 1848.5840 2351.972 3050.812
101 Simplex projection 1723.9204 2187.457 2861.975
102 Simplex projection 1582.8033 2045.380 2676.280
103 Simplex projection 1443.1330 1874.301 2448.420
104 Simplex projection 1399.0229 1843.355 2346.210
105 Simplex projection 1402.4914 1855.601 2393.650
106 Simplex projection 1298.0114 1747.666 2291.265
107 Simplex projection 1407.3066 1926.893 2516.678
108 Simplex projection 1578.5847 2049.476 2711.202
109 Simplex projection 1452.0487 1907.663 2544.334
110 Simplex projection 1437.2027 1909.808 2565.787
111 Simplex projection 1424.3069 1891.382 2517.583
112 Simplex projection 1286.8222 1712.094 2365.954
113 Simplex projection 1158.6689 1575.009 2181.217
114 Simplex projection 1173.2493 1613.956 2231.356
115 Simplex projection 1070.8264 1488.930 2104.584
116 Simplex projection 1151.8735 1606.980 2261.706
117                HMM 1181.3912 1431.582 1803.681
118                HMM 1162.5315 1436.757 1830.667
119                HMM 1160.6890 1469.373 1938.736
120                HMM 1015.8883 1307.555 1702.425
121                HMM  975.2953 1242.774 1605.723
122                HMM 1048.7504 1339.422 1731.468
123                HMM 1094.4746 1437.413 1853.600
124                HMM 1079.7115 1400.141 1794.796
125                HMM 1097.8551 1413.393 1835.256
126                HMM 1107.4638 1448.039 1865.860
127                HMM 1062.5839 1385.636 1815.221
128                HMM 1048.4167 1351.489 1753.652
129                HMM 1120.3245 1460.933 1897.309
130                HMM 1220.8808 1603.754 2114.417
131                HMM 1268.2788 1692.041 2247.979
132                HMM 1385.1884 1807.770 2371.437
133                HMM 1464.2897 1976.370 2734.186
134                HMM 1450.7617 1927.154 2686.879
135                HMM 1629.2615 2102.195 2902.080
136                HMM 1631.7856 2090.538 2852.238
137                HMM 1761.8803 2249.343 3009.986
138                HMM 1689.0268 2126.440 2742.075
139                HMM 1663.4642 2122.428 2791.902
140                HMM 1432.0965 1902.014 2537.742
141                HMM 1402.3797 1903.336 2559.215
142                HMM 1235.6346 1710.791 2386.065
143                HMM 1253.7276 1724.701 2327.281
144                HMM 1294.4934 1799.894 2441.918
145                HMM 1281.9854 1822.346 2531.900
146        PELT sample 1547.0547 1965.754 2521.195
147        PELT sample 1564.6099 1995.663 2537.659
148        PELT sample 1555.4595 2017.611 2575.576
149        PELT sample 1585.9137 2022.643 2574.877
150        PELT sample 1586.9888 2033.862 2571.248
151        PELT sample 1614.0712 2040.504 2594.034
152        PELT sample 1595.4656 2049.978 2586.981
153        PELT sample 1625.0292 2055.138 2602.467
154        PELT sample 1642.1710 2041.649 2599.542
155        PELT sample 1624.0646 2056.538 2568.414
156        PELT sample 1639.7033 2050.813 2555.182
157        PELT sample 1620.7597 2046.664 2610.793
158        PELT sample 1611.6814 2036.589 2582.620
159        PELT sample 1616.0848 2026.931 2582.626
160        PELT sample 1574.1808 2018.607 2605.006
161        PELT sample 1575.5222 1989.134 2549.220
162        PELT sample 1473.9073 1905.091 2422.829
163        PELT sample 1399.9940 1792.316 2311.439
164        PELT sample 1385.3247 1782.168 2268.242
165        PELT sample 1386.6959 1766.562 2305.272
166        PELT sample 1312.4422 1689.235 2166.270
167        PELT sample 1303.4116 1685.198 2171.640
168        PELT sample 1301.2531 1699.426 2199.216
169        PELT sample 1245.8086 1628.596 2139.498
170        PELT sample 1165.0431 1548.061 2004.122
171        PELT sample 1200.0859 1577.878 2090.952
172        PELT sample 1217.5561 1609.468 2133.859
173        PELT sample 1231.6971 1663.298 2242.430
174        PELT sample 1238.5145 1682.437 2401.511

