$short_forecast_quants
                method    low_ci   median     up_ci
1                 Mean 1111.5306 8040.010 63899.552
2                 Mean 1118.1263 7621.605 55227.645
3                 Mean  846.6779 7378.379 59711.118
4                 Mean  853.9250 6968.900 48326.309
5                 Mean  744.9981 7006.301 49462.629
6                 Mean  844.0053 6608.223 56071.049
7                 Mean  813.7857 5769.019 49601.142
8                 Mean  690.2979 6124.209 46994.539
9                 Mean  671.3342 5782.831 39626.746
10                Mean  729.2530 5734.295 47382.336
11                Mean  505.3012 5563.519 53666.790
12                Mean  752.8106 5426.058 46126.690
13                Mean  592.6342 5262.257 43066.468
14                Mean  593.9341 5136.391 48184.042
15                Mean  573.0270 4819.024 48766.404
16                Mean  493.3383 4979.835 52968.376
17                Mean  477.9754 4940.279 49477.315
18                Mean  585.8317 4891.121 38160.820
19                Mean  529.8880 4890.580 48285.874
20                Mean  571.4343 4380.232 33958.702
21                Mean  387.2869 4266.804 33327.137
22                Mean  433.3841 4242.607 39116.441
23                Mean  476.8595 4606.852 40279.712
24                Mean  492.8716 4409.750 36641.793
25                Mean  470.5444 4280.164 34299.557
26                Mean  510.1990 4671.832 38127.377
27                Mean  518.7672 4180.565 35282.224
28               AR(1) 1416.7008 9096.306 65812.905
29               AR(1)  754.2505 4918.352 34379.233
30               AR(1)  661.8529 4242.696 26242.809
31               AR(1)  811.9346 5335.117 35988.451
32               AR(1)  750.2495 4407.534 26978.931
33               AR(1)  570.2460 3675.268 24093.121
34               AR(1)  626.2590 3503.914 20323.643
35               AR(1)  446.9529 2719.945 17911.662
36               AR(1)  416.6268 2475.814 18702.167
37               AR(1)  485.0920 2754.554 17599.541
38               AR(1)  272.5623 1674.959  9589.417
39               AR(1) 1187.3001 7936.275 48661.642
40               AR(1)  491.7367 3163.547 23263.670
41               AR(1)  370.7808 2755.799 20225.555
42               AR(1)  326.6532 2306.727 16434.090
43               AR(1)  546.8702 4179.081 27134.647
44               AR(1)  376.4734 2357.890 16676.376
45               AR(1)  461.5674 3030.487 19196.951
46               AR(1)  309.8142 2345.590 16486.422
47               AR(1)  370.6641 2149.885 13146.011
48               AR(1)  287.5697 1844.322 13432.732
49               AR(1)  461.4863 2812.908 18360.804
50               AR(1)  891.9096 4956.670 27778.418
51               AR(1)  660.6174 4307.901 31659.008
52               AR(1)  569.5343 3262.907 21138.551
53               AR(1) 1399.6141 8651.393 54180.688
54               AR(1)  949.1041 6041.182 32989.114
55       Beverton-Holt 1179.4136 7729.846 57926.252
56       Beverton-Holt  913.1678 7285.086 48097.652
57       Beverton-Holt  901.9667 7604.540 60197.973
58       Beverton-Holt 1012.9552 6839.769 52247.228
59       Beverton-Holt  910.2633 6687.951 46474.027
60       Beverton-Holt  873.8953 6318.892 46912.381
61       Beverton-Holt  899.8443 5989.436 41794.979
62       Beverton-Holt  872.5051 6673.963 44976.456
63       Beverton-Holt  649.4343 5674.792 50946.500
64       Beverton-Holt  695.6948 5722.929 42423.166
65       Beverton-Holt  552.6840 5332.433 46455.037
66       Beverton-Holt  609.8411 5643.543 45585.570
67       Beverton-Holt  677.9570 5281.199 45821.022
68       Beverton-Holt  586.4839 5205.901 48944.313
69       Beverton-Holt  535.1695 5244.501 46024.603
70       Beverton-Holt  558.3001 5113.717 40715.040
71       Beverton-Holt  555.1831 4940.961 38188.597
72       Beverton-Holt  627.7639 4865.257 45379.356
73       Beverton-Holt  557.9436 4775.268 40642.581
74       Beverton-Holt  536.8782 4708.223 33673.917
75       Beverton-Holt  409.7295 4458.063 39563.368
76       Beverton-Holt  432.7954 4460.069 38237.879
77       Beverton-Holt  485.9362 4536.498 36793.009
78       Beverton-Holt  531.6544 4423.780 38676.594
79       Beverton-Holt  519.7186 4594.163 43689.387
80       Beverton-Holt  551.9000 4567.181 38234.651
81       Beverton-Holt  529.5659 4286.513 43626.673
82  Simplex projection  647.2803 4683.203 45254.126
83  Simplex projection  542.8308 4051.884 31941.562
84  Simplex projection  638.8793 4849.435 31543.728
85  Simplex projection  499.0292 3917.401 32140.542
86  Simplex projection  431.7070 3092.668 26182.857
87  Simplex projection  413.9626 3017.640 20813.587
88  Simplex projection  347.9813 2443.009 17788.074
89  Simplex projection  311.0137 2531.182 21156.528
90  Simplex projection  197.9317 1605.228 14305.705
91  Simplex projection  181.7646 1548.204 12755.529
92  Simplex projection  192.4630 1811.009 16625.945
93  Simplex projection  213.7911 2300.543 23228.641
94  Simplex projection  215.3311 1921.382 19234.607
95  Simplex projection  245.6058 2326.167 24669.293
96  Simplex projection  450.9940 3395.499 28563.386
97  Simplex projection  214.1894 1779.704 16309.664
98  Simplex projection  154.5894 1439.989 14683.673
99  Simplex projection  236.0133 2387.354 22387.015
100 Simplex projection  197.3918 1802.016 15196.339
101 Simplex projection  144.4249 1424.344 12996.343
102 Simplex projection  192.1166 2035.675 18998.932
103 Simplex projection  179.9382 1608.794 15963.011
104 Simplex projection  245.0005 1905.987 15990.461
105 Simplex projection  282.8529 2276.272 14857.043
106 Simplex projection  231.6819 2348.102 18622.508
107 Simplex projection  435.1290 3580.350 31301.893
108 Simplex projection  230.2287 1823.098 14776.196

$short_cov_prob
              method coverage_prob
1               mean      1.000000
2              AR(1)      0.962963
3      Beverton-Holt      1.000000
4 simplex projection      1.000000

$mrae
    year             method      mrae
1      1               mean 1.2686180
2      2               mean 1.2020770
3      3               mean 1.2122442
4      4               mean 1.1392612
5      5               mean 1.1675035
6      6               mean 1.2402784
7      7               mean 1.2100314
8      8               mean 1.3078125
9      9               mean 1.1556615
10    10               mean 1.3473717
11    11               mean 1.4293124
12    12               mean 1.2092799
13    13               mean 1.1370346
14    14               mean 1.3028478
15    15               mean 1.0889190
16    16               mean 1.2533690
17    17               mean 1.2773713
18    18               mean 1.1476015
19    19               mean 1.3904774
20    20               mean 1.1049661
21    21               mean 1.0260747
22    22               mean 0.9643263
23    23               mean 1.0355992
24    24               mean 1.0221783
25    25               mean 1.9786412
26    26               mean 1.0763263
27    27               mean 0.9123713
28     1              AR(1) 1.4222198
29     2              AR(1) 0.7011914
30     3              AR(1) 0.5231809
31     4              AR(1) 0.7102084
32     5              AR(1) 0.6561384
33     6              AR(1) 0.5341149
34     7              AR(1) 0.5378561
35     8              AR(1) 0.4194074
36     9              AR(1) 0.3681271
37    10              AR(1) 0.5027325
38    11              AR(1) 1.2920129
39    12              AR(1) 1.4527448
40    13              AR(1) 0.5548365
41    14              AR(1) 0.5244513
42    15              AR(1) 0.4097526
43    16              AR(1) 0.7860778
44    17              AR(1) 0.4163397
45    18              AR(1) 0.5610617
46    19              AR(1) 0.4280658
47    20              AR(1) 0.4010074
48    21              AR(1) 0.3360135
49    22              AR(1) 0.6140612
50    23              AR(1) 0.7930310
51    24              AR(1) 0.8619292
52    25              AR(1) 1.9527793
53    26              AR(1) 1.4778061
54    27              AR(1) 1.0593030
55     1      Beverton-Holt 1.2868897
56     2      Beverton-Holt 1.0874154
57     3      Beverton-Holt 1.2148271
58     4      Beverton-Holt 1.1634684
59     5      Beverton-Holt 1.1609478
60     6      Beverton-Holt 1.1160636
61     7      Beverton-Holt 1.1533910
62     8      Beverton-Holt 1.2606799
63     9      Beverton-Holt 1.2362928
64    10      Beverton-Holt 1.2743161
65    11      Beverton-Holt 1.2479867
66    12      Beverton-Holt 1.2108013
67    13      Beverton-Holt 1.1530851
68    14      Beverton-Holt 1.3206571
69    15      Beverton-Holt 1.1370889
70    16      Beverton-Holt 1.2162979
71    17      Beverton-Holt 1.0729167
72    18      Beverton-Holt 1.2209836
73    19      Beverton-Holt 1.2027067
74    20      Beverton-Holt 1.1445089
75    21      Beverton-Holt 1.0639805
76    22      Beverton-Holt 1.0217577
77    23      Beverton-Holt 0.9503703
78    24      Beverton-Holt 1.0355903
79    25      Beverton-Holt 1.9889363
80    26      Beverton-Holt 1.0643334
81    27      Beverton-Holt 0.9961945
82     1 simplex projection 0.7760365
83     2 simplex projection 0.6355856
84     3 simplex projection 0.6431808
85     4 simplex projection 0.6288622
86     5 simplex projection 0.5214786
87     6 simplex projection 0.5073554
88     7 simplex projection 0.4067186
89     8 simplex projection 0.4605171
90     9 simplex projection 0.2909291
91    10 simplex projection 0.3137247
92    11 simplex projection 1.2760583
93    12 simplex projection 0.4654819
94    13 simplex projection 0.4132358
95    14 simplex projection 0.5324044
96    15 simplex projection 0.6670590
97    16 simplex projection 0.3922456
98    17 simplex projection 0.3385419
99    18 simplex projection 0.5475268
100   19 simplex projection 0.3894654
101   20 simplex projection 0.3387824
102   21 simplex projection 0.4545951
103   22 simplex projection 0.7046173
104   23 simplex projection 0.5703722
105   24 simplex projection 0.4569448
106   25 simplex projection 2.1155594
107   26 simplex projection 1.0406340
108   27 simplex projection 0.5322793

$long_forecast_quants
                method    low_ci   median     up_ci
1                 Mean  967.2439 7694.086 55523.040
2                 Mean 2146.2766 9695.964 43366.477
3                 Mean 2040.3157 7240.923 27025.762
4                 Mean 2526.2402 7873.281 24712.356
5                 Mean 2447.5269 7159.463 23504.495
6                 Mean 2198.4642 7218.250 21839.669
7                 Mean 2349.8543 6764.735 19045.514
8                 Mean 2256.5524 6624.995 21062.143
9                 Mean 1990.5549 6342.423 19117.031
10                Mean 2021.2629 6086.672 18785.041
11                Mean 1888.6333 6072.285 17369.158
12                Mean 1839.1394 5524.551 17211.025
13                Mean 1607.0828 5806.835 18033.653
14                Mean 1515.1438 5410.187 18318.980
15                Mean 1635.6030 5282.853 17505.318
16                Mean 1571.9821 5006.978 15996.489
17                Mean 1559.3695 4996.559 16583.607
18                Mean 1522.6983 4983.040 16879.198
19                Mean 1400.8411 4746.616 16138.902
20                Mean 1305.5070 4743.944 15344.798
21                Mean 1371.3911 4531.058 16137.217
22                Mean 1372.1877 4296.091 13217.753
23                Mean 1388.6591 4425.068 13529.184
24                Mean 1339.7133 4800.807 15969.330
25                Mean  918.6517 4319.167 18076.064
26                Mean 1124.1465 5219.778 32369.799
27                Mean  492.2948 3802.212 34218.433
28               AR(1) 1318.6159 8701.383 62208.880
29               AR(1) 1951.8629 8325.127 39797.804
30               AR(1) 1611.5611 6261.636 21039.912
31               AR(1) 2199.1364 7178.946 17747.117
32               AR(1) 2384.5443 6455.859 17597.356
33               AR(1) 2133.8518 5820.141 16977.270
34               AR(1) 2371.0148 5593.841 14829.634
35               AR(1) 1880.7015 5129.096 14430.094
36               AR(1) 1759.3069 4744.658 12990.669
37               AR(1) 1672.6731 4501.468 12339.638
38               AR(1) 1504.4910 3994.929 11343.000
39               AR(1) 1804.6291 4689.068 13519.773
40               AR(1) 1679.9658 4664.774 12807.439
41               AR(1) 1572.9122 4173.461 12104.300
42               AR(1) 1407.1501 4039.022 11100.875
43               AR(1) 1513.2578 4281.417 12885.541
44               AR(1) 1494.3971 4170.206 11436.694
45               AR(1) 1524.3896 4093.516 10689.984
46               AR(1) 1410.8157 3822.235  9573.301
47               AR(1) 1310.4497 3590.115 10780.749
48               AR(1) 1302.2333 3467.399  8946.794
49               AR(1) 1251.1394 3299.844  9463.309
50               AR(1) 1513.3992 3900.771 10339.301
51               AR(1) 1480.3141 4402.585 12315.612
52               AR(1) 1200.1917 4207.797 14524.115
53               AR(1) 1350.9016 4893.759 21360.360
54               AR(1)  811.1319 4155.251 23090.833
55       Beverton-Holt 1087.2813 8188.044 54516.180
56       Beverton-Holt 2139.6502 9248.926 44957.404
57       Beverton-Holt 2007.9884 7323.638 26750.939
58       Beverton-Holt 2653.3835 8142.818 25538.318
59       Beverton-Holt 2584.3029 7514.675 20180.517
60       Beverton-Holt 2576.4291 6989.039 20158.448
61       Beverton-Holt 2162.2423 6944.470 22073.896
62       Beverton-Holt 2162.2304 6509.860 21490.838
63       Beverton-Holt 2230.0043 6319.338 17379.184
64       Beverton-Holt 2001.4538 6042.562 18588.752
65       Beverton-Holt 2038.8748 5895.005 16996.926
66       Beverton-Holt 1702.1725 5612.313 17127.900
67       Beverton-Holt 1821.8956 5535.898 16841.567
68       Beverton-Holt 1578.2314 5395.917 15802.533
69       Beverton-Holt 1606.7509 5392.822 16057.957
70       Beverton-Holt 1628.5097 5215.842 16153.152
71       Beverton-Holt 1595.9479 5156.809 15177.831
72       Beverton-Holt 1610.8109 4832.101 16405.220
73       Beverton-Holt 1412.1525 4872.160 14807.553
74       Beverton-Holt 1458.2625 4640.733 13992.505
75       Beverton-Holt 1383.0969 4819.364 14866.328
76       Beverton-Holt 1472.8627 4630.162 14845.499
77       Beverton-Holt 1236.6621 4470.099 14515.840
78       Beverton-Holt 1504.2685 4867.946 16023.419
79       Beverton-Holt 1103.4129 4509.790 18656.372
80       Beverton-Holt 1204.0133 5641.551 29678.139
81       Beverton-Holt  495.4249 4591.702 38580.354
82  Simplex projection  743.5630 5209.920 37597.164
83  Simplex projection 1323.2907 5705.590 26040.401
84  Simplex projection 1345.9923 5620.603 22332.545
85  Simplex projection 1666.1483 4769.811 16083.298
86  Simplex projection 1167.3095 3433.984 11352.086
87  Simplex projection 1099.7953 3531.753 10735.475
88  Simplex projection 1260.2266 3653.441 10319.685
89  Simplex projection  884.0154 2769.358  8587.226
90  Simplex projection  912.2084 2648.926  8512.971
91  Simplex projection  787.3454 2394.456  8816.346
92  Simplex projection  676.3881 2127.177  6581.074
93  Simplex projection  710.8852 2350.742  7264.571
94  Simplex projection  575.1259 1877.233  6573.886
95  Simplex projection  757.6581 2265.090  6532.060
96  Simplex projection 1119.0196 3527.600 11779.149
97  Simplex projection  425.6673 1306.291  4109.652
98  Simplex projection  514.8688 1879.531  6006.089
99  Simplex projection  532.1806 1891.563  6861.000
100 Simplex projection  506.6898 1588.521  5698.531
101 Simplex projection  435.6362 1428.509  4563.044
102 Simplex projection 1460.0500 5393.164 17343.412
103 Simplex projection  483.6543 1649.519  5265.226
104 Simplex projection  754.3351 2332.735  7460.636
105 Simplex projection  583.3307 2047.841  7176.350
106 Simplex projection  495.1323 2099.480  9944.554
107 Simplex projection  529.1254 2640.297 13360.263
108 Simplex projection  247.1415 1914.467 15971.175

$long_cov_prob
              method coverage_prob
1               mean     0.5555556
2              AR(1)     0.5185185
3      Beverton-Holt     0.5185185
4 simplex projection     0.8148148

$yr_trend
               method   low_ci   median     up_ci
1                Mean 4947.551 9327.687 22623.655
2                Mean 4951.164 8992.912 18100.270
3                Mean 4769.013 8267.295 14991.491
4                Mean 4973.855 8013.465 13625.826
5                Mean 4722.636 7615.477 13135.706
6                Mean 4598.872 7413.082 12597.876
7                Mean 4530.709 7113.088 12184.209
8                Mean 4200.911 6852.845 11994.234
9                Mean 4124.008 6642.466 11744.650
10               Mean 3843.615 6544.984 11852.393
11               Mean 3688.949 6385.960 10914.487
12               Mean 3524.946 6235.188 10915.298
13               Mean 3440.820 6076.706 10743.755
14               Mean 3421.097 5853.215 10200.163
15               Mean 3241.023 5801.643 10375.073
16               Mean 3271.608 5662.809  9916.661
17               Mean 3289.345 5540.535  9993.812
18               Mean 3270.094 5368.744  9957.549
19               Mean 3064.714 5245.376  9298.439
20               Mean 3040.550 5262.711  9487.473
21               Mean 3044.824 5203.527  9623.085
22               Mean 2962.064 5500.363 11935.924
23               Mean 2832.000 5751.915 14442.186
24              AR(1) 4749.082 8572.963 21284.004
25              AR(1) 4654.279 7646.480 14750.399
26              AR(1) 4154.320 6960.131 11555.412
27              AR(1) 4118.349 6669.742 10677.537
28              AR(1) 4013.725 6167.884 10457.105
29              AR(1) 3643.608 5736.395  9481.218
30              AR(1) 3409.893 5326.203  8880.089
31              AR(1) 3274.529 5110.090  8598.042
32              AR(1) 3179.684 5035.114  8080.594
33              AR(1) 3133.583 4936.696  7986.997
34              AR(1) 3110.480 4795.385  7840.427
35              AR(1) 3178.378 4859.251  8342.568
36              AR(1) 3018.737 4732.427  7974.883
37              AR(1) 2915.996 4635.741  7617.773
38              AR(1) 2745.768 4539.738  7414.216
39              AR(1) 2768.114 4443.031  7240.653
40              AR(1) 2701.734 4251.776  6801.840
41              AR(1) 2572.244 4044.375  6444.022
42              AR(1) 2579.789 3996.386  6325.949
43              AR(1) 2659.048 4109.183  6812.120
44              AR(1) 2684.061 4304.993  7366.271
45              AR(1) 2899.947 4724.020  8490.222
46              AR(1) 2835.933 5071.523 10695.278
47      Beverton-Holt 5211.873 9526.864 22435.189
48      Beverton-Holt 4932.900 9057.068 18077.731
49      Beverton-Holt 5040.977 8253.669 14961.957
50      Beverton-Holt 4856.895 8019.827 14525.783
51      Beverton-Holt 4621.497 7719.500 13213.746
52      Beverton-Holt 4440.629 7350.878 12773.063
53      Beverton-Holt 4236.447 7109.092 12119.654
54      Beverton-Holt 4046.952 6829.497 11780.679
55      Beverton-Holt 3921.317 6625.118 11361.863
56      Beverton-Holt 3954.406 6447.759 10931.938
57      Beverton-Holt 3840.559 6228.033 10771.637
58      Beverton-Holt 3752.745 6133.804 10576.145
59      Beverton-Holt 3608.936 6128.155 10394.804
60      Beverton-Holt 3473.163 5894.291 10129.671
61      Beverton-Holt 3424.905 5759.074  9933.232
62      Beverton-Holt 3298.886 5651.259  9882.319
63      Beverton-Holt 3269.398 5543.029  9509.252
64      Beverton-Holt 3189.036 5397.323  9279.049
65      Beverton-Holt 3102.624 5262.299  8936.167
66      Beverton-Holt 3050.965 5292.108  9378.595
67      Beverton-Holt 2992.566 5269.440 10400.591
68      Beverton-Holt 3116.327 5742.372 12200.193
69      Beverton-Holt 2991.444 6003.014 14602.083
70 Simplex projection 3020.944 6106.700 14466.287
71 Simplex projection 3078.855 5417.706 10638.742
72 Simplex projection 2831.411 4869.320  8957.494
73 Simplex projection 2514.869 4162.580  7357.716
74 Simplex projection 2104.240 3646.320  6001.580
75 Simplex projection 2078.844 3394.811  5671.969
76 Simplex projection 1834.447 3061.706  5190.111
77 Simplex projection 1709.041 2781.862  4844.203
78 Simplex projection 1568.805 2589.649  4615.151
79 Simplex projection 1476.856 2537.387  4391.071
80 Simplex projection 1604.519 2738.526  4986.101
81 Simplex projection 1495.940 2577.354  4883.033
82 Simplex projection 1400.655 2465.285  4727.432
83 Simplex projection 1390.348 2490.030  4558.275
84 Simplex projection 1294.483 2323.096  4533.913
85 Simplex projection 1039.929 1864.625  3405.432
86 Simplex projection 1511.338 2725.020  5216.531
87 Simplex projection 1522.732 2707.063  5093.591
88 Simplex projection 1552.236 2834.184  5307.217
89 Simplex projection 1586.261 2975.086  5552.094
90 Simplex projection 1706.407 3142.462  6052.220
91 Simplex projection 1311.542 2613.826  5472.643
92 Simplex projection 1361.012 2855.073  6820.214

