$short_forecast_quants
                method   low_ci   median     up_ci
1                 Mean 413.3048 602.1089  901.4235
2                 Mean 401.9374 611.9268  914.6471
3                 Mean 416.5524 624.3838  956.0159
4                 Mean 405.7027 625.9983  928.6134
5                 Mean 417.7488 611.9286  962.7561
6                 Mean 394.6761 608.0366  975.4382
7                 Mean 391.1921 605.8280  942.3373
8                 Mean 372.5601 606.1458  960.6805
9                 Mean 383.4788 606.1520  955.1275
10                Mean 385.2648 600.9709  955.0963
11                Mean 346.6152 580.8619  981.2639
12                Mean 330.9739 570.5136  951.7039
13                Mean 342.7360 576.6818  984.5775
14                Mean 342.1655 570.0979  937.7704
15                Mean 344.8913 585.7602  945.7686
16                Mean 352.1894 578.7376 1004.4578
17                Mean 345.1819 594.9503 1010.9707
18                Mean 332.3739 583.6839  938.0310
19                Mean 345.1915 576.6473  965.1122
20                Mean 353.4214 584.1858 1006.5770
21                Mean 354.4758 593.9643 1020.4592
22                Mean 341.2792 590.5738  977.8950
23                Mean 356.6167 581.2403  975.0170
24                Mean 368.0073 600.1376  999.5497
25                Mean 358.9836 609.0510 1007.3248
26                Mean 364.6159 604.6723 1023.0465
27                Mean 346.5347 592.5754 1080.7730
28               AR(1) 429.9183 613.4400  931.0543
29               AR(1) 412.1682 591.0884  880.3231
30               AR(1) 489.3288 741.9263 1159.0053
31               AR(1) 409.8526 626.0707  929.1181
32               AR(1) 380.4954 586.7349  924.0442
33               AR(1) 336.4709 515.2576  803.4799
34               AR(1) 384.5861 586.5897  914.6269
35               AR(1) 420.6935 644.8609  953.2522
36               AR(1) 367.6850 570.7095  872.2099
37               AR(1) 316.1804 500.6710  788.9000
38               AR(1) 257.9735 421.3792  650.0612
39               AR(1) 275.7318 447.3662  717.6858
40               AR(1) 335.0635 521.3111  794.2438
41               AR(1) 382.7564 578.6713  956.6851
42               AR(1) 442.1679 698.2955 1118.0238
43               AR(1) 473.9139 761.2545 1203.7366
44               AR(1) 341.0259 548.7072  891.1755
45               AR(1) 331.4653 531.7300  845.6533
46               AR(1) 366.9316 567.2292  905.9200
47               AR(1) 433.1227 676.9708 1077.1155
48               AR(1) 431.0571 680.0334 1127.3896
49               AR(1) 456.6580 729.2322 1161.3304
50               AR(1) 352.3732 577.8850  939.3523
51               AR(1) 350.0822 567.4803  893.2840
52               AR(1) 394.8052 620.9481 1009.5721
53               AR(1) 476.9834 796.5521 1272.7288
54               AR(1) 408.5239 651.3544 1071.4367
55       Beverton-Holt 384.7678 570.6382  880.4061
56       Beverton-Holt 395.7740 566.2353  851.5203
57       Beverton-Holt 396.8871 608.4448  965.8268
58       Beverton-Holt 401.4554 615.1445  921.7974
59       Beverton-Holt 400.4150 603.8560  915.3370
60       Beverton-Holt 380.9159 575.6204  905.0361
61       Beverton-Holt 374.3881 570.1036  860.9380
62       Beverton-Holt 356.9683 572.3469  838.8722
63       Beverton-Holt 364.2483 557.3171  827.0272
64       Beverton-Holt 323.9342 504.6566  779.3944
65       Beverton-Holt 296.1764 476.1172  770.8348
66       Beverton-Holt 296.7477 474.6542  741.8585
67       Beverton-Holt 289.4888 460.4452  717.2885
68       Beverton-Holt 285.4502 469.9758  735.3092
69       Beverton-Holt 299.3933 492.4026  778.1305
70       Beverton-Holt 309.8623 519.3672  875.4245
71       Beverton-Holt 325.6867 535.6842  903.4883
72       Beverton-Holt 353.3087 559.9983  936.3890
73       Beverton-Holt 367.5806 581.2298  962.4718
74       Beverton-Holt 375.1466 602.7156  968.8986
75       Beverton-Holt 382.9145 614.5654  979.6213
76       Beverton-Holt 351.7247 624.8605 1017.7606
77       Beverton-Holt 401.0269 601.6766  969.5198
78       Beverton-Holt 379.6341 621.7681 1037.5956
79       Beverton-Holt 376.5046 637.3772 1067.9239
80       Beverton-Holt 382.7211 638.1855 1048.2144
81       Beverton-Holt 391.0088 645.4379 1055.4682
82  Simplex projection 407.1470 611.2650  911.2685
83  Simplex projection 342.3845 508.6969  772.8006
84  Simplex projection 399.6232 581.2729  917.9937
85  Simplex projection 367.0583 566.2714  864.8996
86  Simplex projection 265.8008 407.9110  638.8441
87  Simplex projection 481.0014 730.6376 1165.1185
88  Simplex projection 560.6481 889.0727 1326.7640
89  Simplex projection 405.1755 627.4412  974.5223
90  Simplex projection 246.7208 385.5829  595.9562
91  Simplex projection 388.3278 608.9440  952.1344
92  Simplex projection 230.2446 383.0416  626.7916
93  Simplex projection 193.0565 326.1182  536.3413
94  Simplex projection 392.0049 651.2859 1092.9585
95  Simplex projection 310.4926 538.9541  888.4296
96  Simplex projection 388.7337 665.1989 1116.7874
97  Simplex projection 331.2457 565.3945  981.9583
98  Simplex projection 274.3319 456.4140  772.5405
99  Simplex projection 296.6881 501.8961  864.8118
100 Simplex projection 442.9903 729.9456 1224.6257
101 Simplex projection 333.0335 576.2540  963.8112
102 Simplex projection 328.1066 579.2808  945.5007
103 Simplex projection 311.2958 540.6401  887.1422
104 Simplex projection 301.8179 495.6927  851.5951
105 Simplex projection 308.3688 530.0089  916.0628
106 Simplex projection 421.4799 678.9547 1165.0022
107 Simplex projection 379.6906 661.4244 1155.7623
108 Simplex projection 441.4502 750.6187 1301.4857

$short_cov_prob
              method coverage_prob
1               mean     0.8148148
2              AR(1)     0.8518519
3      Beverton-Holt     0.7777778
4 simplex projection     0.9259259

$mrae
    year             method      mrae
1      1               mean 1.1167673
2      2               mean 3.8828730
3      3               mean 1.0145819
4      4               mean 1.3022796
5      5               mean 2.1243658
6      6               mean 1.0414590
7      7               mean 1.2226069
8      8               mean 1.1967546
9      9               mean 2.1031112
10    10               mean 2.5937427
11    11               mean 2.0401155
12    12               mean 1.2242855
13    13               mean 1.0236242
14    14               mean 2.1147834
15    15               mean 2.7601718
16    16               mean 1.1865377
17    17               mean 1.2348434
18    18               mean 0.9797685
19    19               mean 1.7199348
20    20               mean 1.7255055
21    21               mean 2.2438967
22    22               mean 1.0719480
23    23               mean 1.0276518
24    24               mean 1.1216301
25    25               mean 3.3127425
26    26               mean 1.3015126
27    27               mean 1.1482067
28     1              AR(1) 1.1287210
29     2              AR(1) 4.0955991
30     3              AR(1) 1.5356139
31     4              AR(1) 1.3038066
32     5              AR(1) 1.8596726
33     6              AR(1) 0.8457842
34     7              AR(1) 1.3060120
35     8              AR(1) 1.3672141
36     9              AR(1) 1.8039147
37    10              AR(1) 1.7857589
38    11              AR(1) 0.8148923
39    12              AR(1) 0.7509054
40    13              AR(1) 0.8944979
41    14              AR(1) 1.9835894
42    15              AR(1) 1.9535309
43    16              AR(1) 2.2009982
44    17              AR(1) 0.9195192
45    18              AR(1) 0.8263209
46    19              AR(1) 1.6757971
47    20              AR(1) 1.3014646
48    21              AR(1) 1.6978580
49    22              AR(1) 1.8145859
50    23              AR(1) 0.9087063
51    24              AR(1) 1.0658830
52    25              AR(1) 3.2039384
53    26              AR(1) 1.2534186
54    27              AR(1) 0.9425187
55     1      Beverton-Holt 0.9907699
56     2      Beverton-Holt 4.2679692
57     3      Beverton-Holt 0.9855937
58     4      Beverton-Holt 1.2507145
59     5      Beverton-Holt 1.9745585
60     6      Beverton-Holt 0.9156657
61     7      Beverton-Holt 1.3926945
62     8      Beverton-Holt 0.9525811
63     9      Beverton-Holt 1.6562640
64    10      Beverton-Holt 1.8132307
65    11      Beverton-Holt 1.1927110
66    12      Beverton-Holt 0.7491303
67    13      Beverton-Holt 1.1165014
68    14      Beverton-Holt 2.8661681
69    15      Beverton-Holt 3.4717598
70    16      Beverton-Holt 0.9261998
71    17      Beverton-Holt 0.9173822
72    18      Beverton-Holt 0.9086881
73    19      Beverton-Holt 1.6598871
74    20      Beverton-Holt 1.6161508
75    21      Beverton-Holt 2.1180318
76    22      Beverton-Holt 1.1915378
77    23      Beverton-Holt 1.0189124
78    24      Beverton-Holt 1.0694699
79    25      Beverton-Holt 3.0951495
80    26      Beverton-Holt 1.1738131
81    27      Beverton-Holt 0.9895098
82     1 simplex projection 1.1370965
83     2 simplex projection 4.9084083
84     3 simplex projection 0.9422076
85     4 simplex projection 0.9611617
86     5 simplex projection 0.6453309
87     6 simplex projection 1.8076763
88     7 simplex projection 1.7723777
89     8 simplex projection 1.3184196
90     9 simplex projection 0.5847174
91    10 simplex projection 2.6760344
92    11 simplex projection 0.6931797
93    12 simplex projection 1.2545766
94    13 simplex projection 1.2744342
95    14 simplex projection 2.3233691
96    15 simplex projection 2.1685217
97    16 simplex projection 1.1221553
98    17 simplex projection 0.7954766
99    18 simplex projection 0.9200469
100   19 simplex projection 1.3080243
101   20 simplex projection 1.7975127
102   21 simplex projection 2.3765334
103   22 simplex projection 0.9396562
104   23 simplex projection 0.8342345
105   24 simplex projection 1.2774692
106   25 simplex projection 2.7422420
107   26 simplex projection 1.2331020
108   27 simplex projection 1.3069549

$long_forecast_quants
                method   low_ci   median     up_ci
1                 Mean 414.8905 608.7058  921.7057
2                 Mean 458.3190 621.0559  828.0517
3                 Mean 472.1297 616.3204  810.9728
4                 Mean 495.0620 610.5306  769.2028
5                 Mean 488.2144 619.2809  763.1705
6                 Mean 485.7317 617.2736  765.9641
7                 Mean 488.3723 614.8799  762.7077
8                 Mean 494.1541 615.6717  776.2369
9                 Mean 481.0800 610.3457  781.0045
10                Mean 469.2082 607.7291  763.1722
11                Mean 472.8321 606.5119  762.0232
12                Mean 469.2172 593.7650  764.9590
13                Mean 454.2856 588.6118  767.0337
14                Mean 446.6081 585.8077  772.8245
15                Mean 432.4586 580.8789  751.5727
16                Mean 439.0681 579.0811  763.0623
17                Mean 435.8837 582.3886  755.0060
18                Mean 435.7228 582.2892  775.0736
19                Mean 437.9453 589.8626  768.6007
20                Mean 440.4897 589.9157  780.2925
21                Mean 450.2981 587.4201  790.4282
22                Mean 450.3105 584.6392  780.6314
23                Mean 438.8452 594.7261  768.9318
24                Mean 455.2718 598.6365  801.8654
25                Mean 420.2469 594.0599  841.2991
26                Mean 414.4784 598.7914  903.2988
27                Mean 343.7908 591.9583  989.7118
28               AR(1) 415.5265 626.7306  922.2749
29               AR(1) 463.9429 607.8749  789.8980
30               AR(1) 497.2970 643.5126  847.1580
31               AR(1) 496.6532 625.5445  791.4226
32               AR(1) 496.5211 614.1532  767.3229
33               AR(1) 482.5636 598.2421  736.9532
34               AR(1) 478.8680 608.0162  771.6400
35               AR(1) 491.2167 612.1616  775.9035
36               AR(1) 479.5605 605.3280  756.3182
37               AR(1) 461.1436 588.2659  744.4936
38               AR(1) 446.0373 569.3961  736.6415
39               AR(1) 426.7878 553.4887  715.7573
40               AR(1) 436.6306 557.2647  706.4148
41               AR(1) 445.3698 567.7354  713.2942
42               AR(1) 456.4461 600.7725  770.5985
43               AR(1) 483.9436 614.9307  793.5659
44               AR(1) 461.6324 598.1389  769.2521
45               AR(1) 450.3180 587.3071  757.1287
46               AR(1) 455.7976 582.0919  751.9861
47               AR(1) 473.1821 601.2841  775.2789
48               AR(1) 475.4495 614.4864  781.5097
49               AR(1) 479.3061 621.5742  800.7670
50               AR(1) 477.5432 610.3932  776.6531
51               AR(1) 472.9926 604.7077  798.9390
52               AR(1) 450.5989 596.8857  809.7224
53               AR(1) 446.8372 614.7506  841.0968
54               AR(1) 377.5557 597.6739  975.1034
55       Beverton-Holt 398.1031 581.8598  856.2806
56       Beverton-Holt 437.9670 591.6011  771.3394
57       Beverton-Holt 458.6310 592.7116  773.7929
58       Beverton-Holt 478.7118 599.2922  737.3026
59       Beverton-Holt 485.2129 601.1922  734.6995
60       Beverton-Holt 474.7481 598.0242  744.0862
61       Beverton-Holt 474.0873 597.9356  751.2806
62       Beverton-Holt 462.3257 572.7804  729.3486
63       Beverton-Holt 443.3845 551.3237  699.8350
64       Beverton-Holt 424.7801 536.7771  680.5977
65       Beverton-Holt 407.8673 528.6830  674.6076
66       Beverton-Holt 415.5190 520.7237  655.4952
67       Beverton-Holt 389.1810 495.4768  630.3113
68       Beverton-Holt 366.0364 470.4156  600.0606
69       Beverton-Holt 366.6205 470.0706  593.0216
70       Beverton-Holt 379.6311 486.4995  631.0197
71       Beverton-Holt 400.3267 510.4770  663.9981
72       Beverton-Holt 420.9717 553.8067  716.0426
73       Beverton-Holt 433.7214 581.1589  753.6285
74       Beverton-Holt 456.1984 601.0356  781.1744
75       Beverton-Holt 465.1968 598.0887  797.5326
76       Beverton-Holt 453.6483 604.7462  795.6375
77       Beverton-Holt 475.3260 616.6197  809.9184
78       Beverton-Holt 472.1922 629.9477  824.2576
79       Beverton-Holt 449.0326 627.6984  886.1129
80       Beverton-Holt 443.4359 644.4222  939.8142
81       Beverton-Holt 379.3339 633.1499 1002.6472
82  Simplex projection 406.6092 618.2878  901.5296
83  Simplex projection 388.2123 515.7765  679.4729
84  Simplex projection 452.2469 598.1583  802.4372
85  Simplex projection 449.8669 565.3815  698.8946
86  Simplex projection 337.6516 425.0335  534.9318
87  Simplex projection 578.7187 731.4570  930.4484
88  Simplex projection 689.4877 877.0058 1126.4751
89  Simplex projection 496.5239 625.1885  789.1892
90  Simplex projection 305.4850 392.6067  491.4035
91  Simplex projection 490.0054 623.0936  799.2701
92  Simplex projection 455.5066 594.4468  773.7881
93  Simplex projection 372.5169 518.4431  700.8870
94  Simplex projection 490.0835 639.3120  843.2647
95  Simplex projection 414.2649 537.5092  704.8684
96  Simplex projection 493.9657 662.7289  873.7963
97  Simplex projection 429.8881 568.9225  741.8674
98  Simplex projection 335.6276 444.9112  588.6236
99  Simplex projection 428.3624 565.7601  770.9888
100 Simplex projection 604.3517 813.7115 1113.6672
101 Simplex projection 491.1512 663.4091  863.6627
102 Simplex projection 491.2905 672.1927  931.2346
103 Simplex projection 413.3991 547.1825  731.3510
104 Simplex projection 375.7659 498.1202  666.1187
105 Simplex projection 393.8167 530.7602  701.9640
106 Simplex projection 432.0040 624.0200  906.5029
107 Simplex projection 436.5239 633.4925  899.8289
108 Simplex projection 386.1221 676.8936 1206.7005

$long_cov_prob
              method coverage_prob
1               mean     0.5925926
2              AR(1)     0.5925926
3      Beverton-Holt     0.5925926
4 simplex projection     0.7407407

$yr_trend
               method   low_ci   median    up_ci
1                Mean 548.5390 620.7106 705.5200
2                Mean 556.0748 620.1175 693.0129
3                Mean 561.4510 618.3226 682.2577
4                Mean 563.7665 617.6714 684.1940
5                Mean 562.4382 615.9900 686.8817
6                Mean 560.9954 615.8844 684.0820
7                Mean 553.3323 614.2960 682.3450
8                Mean 550.0705 610.1903 677.6370
9                Mean 542.5352 605.6916 676.1730
10               Mean 537.1564 599.9442 673.0299
11               Mean 530.8547 595.2595 662.7634
12               Mean 524.4894 591.1287 659.3548
13               Mean 523.4565 587.3674 661.4752
14               Mean 518.6288 586.0850 664.2289
15               Mean 517.0372 586.8593 662.5180
16               Mean 519.0440 589.0691 664.4541
17               Mean 524.3361 590.5396 665.3389
18               Mean 522.2421 589.9477 667.7718
19               Mean 524.8120 594.5563 674.2664
20               Mean 528.0276 596.6156 675.2133
21               Mean 525.0638 594.9277 682.0063
22               Mean 525.4224 600.1386 698.3766
23               Mean 509.1650 603.8442 711.3825
24              AR(1) 558.3072 628.7294 717.9323
25              AR(1) 560.1253 621.8821 694.7010
26              AR(1) 560.8771 621.9379 695.8147
27              AR(1) 558.0973 616.4367 684.7564
28              AR(1) 550.9210 611.0334 679.7741
29              AR(1) 550.5794 605.3400 671.5972
30              AR(1) 543.6271 600.0643 667.8625
31              AR(1) 533.2728 589.2400 659.7568
32              AR(1) 521.6425 577.4564 647.9643
33              AR(1) 509.5389 572.6000 635.9270
34              AR(1) 511.1463 572.9245 641.5080
35              AR(1) 521.8944 581.9544 655.8637
36              AR(1) 528.3420 590.1251 658.6747
37              AR(1) 533.7662 596.2954 674.1430
38              AR(1) 540.4975 600.6483 671.9066
39              AR(1) 536.6151 600.8050 673.4823
40              AR(1) 534.6760 599.6128 670.3059
41              AR(1) 540.1369 606.2754 679.2979
42              AR(1) 545.8310 611.4599 681.6042
43              AR(1) 548.0852 616.3490 685.4156
44              AR(1) 545.7302 616.6541 692.6470
45              AR(1) 541.7203 617.7448 701.2712
46              AR(1) 528.6074 614.0635 712.0316
47      Beverton-Holt 530.5081 598.3953 673.8408
48      Beverton-Holt 536.5000 599.8193 664.6259
49      Beverton-Holt 542.7437 600.5655 668.3564
50      Beverton-Holt 536.7384 596.3118 657.3245
51      Beverton-Holt 532.3121 585.2895 648.4980
52      Beverton-Holt 520.4420 573.0742 637.4866
53      Beverton-Holt 503.7892 559.9200 621.7913
54      Beverton-Holt 491.0476 545.9469 607.3031
55      Beverton-Holt 479.5706 530.8599 591.9911
56      Beverton-Holt 466.4101 513.0417 569.7639
57      Beverton-Holt 451.3258 499.2233 558.1586
58      Beverton-Holt 444.4148 490.3859 552.5673
59      Beverton-Holt 441.6774 488.5179 549.7644
60      Beverton-Holt 452.7450 500.9919 562.0825
61      Beverton-Holt 469.1793 522.9488 588.5543
62      Beverton-Holt 491.0745 549.2734 619.1657
63      Beverton-Holt 507.7502 572.1686 645.8707
64      Beverton-Holt 522.0088 593.6148 665.3321
65      Beverton-Holt 535.0058 605.1491 682.1045
66      Beverton-Holt 544.3135 616.2665 695.0113
67      Beverton-Holt 548.7838 620.9978 700.9077
68      Beverton-Holt 547.0865 630.8990 727.2298
69      Beverton-Holt 549.1129 637.2120 752.6803
70 Simplex projection 478.0570 549.0029 628.7478
71 Simplex projection 514.8761 572.1482 641.8568
72 Simplex projection 577.5726 645.6023 720.6659
73 Simplex projection 586.7322 650.9308 721.7097
74 Simplex projection 551.6625 614.5716 686.3910
75 Simplex projection 590.7246 654.5625 733.1276
76 Simplex projection 562.8279 627.7760 701.2318
77 Simplex projection 493.6929 551.5850 625.6454
78 Simplex projection 492.6750 556.6513 628.6075
79 Simplex projection 519.3708 587.2565 660.9624
80 Simplex projection 522.6368 594.6998 676.3272
81 Simplex projection 522.5371 589.6404 664.7060
82 Simplex projection 509.3046 574.9831 650.7704
83 Simplex projection 497.8605 559.6002 639.1435
84 Simplex projection 542.0044 616.5599 709.2533
85 Simplex projection 540.2099 618.0687 704.6228
86 Simplex projection 560.3868 638.4102 729.0879
87 Simplex projection 581.5901 659.3654 748.9870
88 Simplex projection 567.2814 644.4650 729.5601
89 Simplex projection 512.0095 587.1395 670.7584
90 Simplex projection 504.2869 580.6422 667.0329
91 Simplex projection 496.7824 572.5328 658.3765
92 Simplex projection 505.1089 598.1481 723.9176

