$short_forecast_quants
               method    low_ci    median     up_ci
1                Mean  45.23585 130.96224  364.0767
2                Mean  43.03129 124.49212  387.0282
3                Mean  45.04182 129.45704  376.6836
4                Mean  47.14046 128.23376  401.1294
5                Mean  50.31122 130.68942  358.9362
6                Mean  43.46852 130.87783  376.4435
7                Mean  47.03552 131.81626  349.0097
8                Mean  43.68002 128.36140  339.9598
9                Mean  50.24537 129.58910  329.2601
10               Mean  48.89191 127.40037  312.7187
11               Mean  49.78861 126.95340  332.2118
12               Mean  52.85970 129.10695  331.2102
13               Mean  50.10081 134.50137  331.5432
14               Mean  51.30986 133.70751  338.3040
15               Mean  52.09574 131.83812  346.9492
16              AR(1)  43.12593 128.25084  377.2097
17              AR(1)  43.50838 129.61726  374.0865
18              AR(1)  41.92907 127.83957  368.6860
19              AR(1)  44.57426 126.41744  387.9742
20              AR(1)  45.35704 129.62113  387.7145
21              AR(1)  45.15450 127.09319  370.7248
22              AR(1)  47.85095 126.98810  350.9168
23              AR(1)  47.34794 127.09204  361.3426
24              AR(1)  46.28534 127.19044  327.4095
25              AR(1)  48.55386 135.40643  338.6754
26              AR(1)  47.53901 129.19341  332.5259
27              AR(1)  47.91759 125.69888  323.1860
28              AR(1)  47.39457 133.23813  372.4293
29              AR(1)  52.53710 129.03989  342.4851
30              AR(1)  47.66452 132.85240  333.7675
31      Beverton-Holt  45.04817 132.53337  364.0412
32      Beverton-Holt  42.81476 128.88706  386.9068
33      Beverton-Holt  47.25218 128.36748  388.5261
34      Beverton-Holt  42.56843 125.24084  364.6110
35      Beverton-Holt  44.44062 125.22400  377.3880
36      Beverton-Holt  45.06534 127.48667  333.5474
37      Beverton-Holt  49.46116 129.35131  314.3530
38      Beverton-Holt  50.06338 127.75961  334.5606
39      Beverton-Holt  44.69049 130.66103  314.1723
40      Beverton-Holt  46.35253 127.60253  335.0770
41      Beverton-Holt  50.37089 125.24465  336.8783
42      Beverton-Holt  49.47947 127.33694  322.4430
43      Beverton-Holt  53.32053 133.84331  341.1479
44      Beverton-Holt  48.98976 133.15838  332.9505
45      Beverton-Holt  52.99824 131.89602  334.6852
46 Simplex projection  22.12986  68.76220  196.4109
47 Simplex projection  43.63428 136.45137  370.1071
48 Simplex projection 133.13006 362.17357 1013.9595
49 Simplex projection  30.34007  88.79218  243.2112
50 Simplex projection  29.35014  89.68617  249.1139
51 Simplex projection  36.84485 108.83050  290.5282
52 Simplex projection  47.22214 125.31583  351.1228
53 Simplex projection  43.35203 117.24667  311.1662
54 Simplex projection  45.81473 117.87571  301.7798
55 Simplex projection  39.11899 107.69816  295.9465
56 Simplex projection  48.32468 121.22300  308.4855
57 Simplex projection  53.26122 143.58376  382.9370
58 Simplex projection  64.78313 161.23458  413.2397
59 Simplex projection  42.88687 109.36446  306.0850
60 Simplex projection 166.71917 407.26914  982.1720

$short_cov_prob
              method coverage_prob
1               mean     1.0000000
2              AR(1)     1.0000000
3      Beverton-Holt     1.0000000
4 simplex projection     0.9333333

$mrae
   year             method      mrae
1     1               mean 0.7359067
2     2               mean 0.7183252
3     3               mean 0.6595909
4     4               mean 0.5903230
5     5               mean 0.5984322
6     6               mean 0.5973533
7     7               mean 0.7121693
8     8               mean 0.6204980
9     9               mean 0.6213792
10   10               mean 0.6110368
11   11               mean 0.6453768
12   12               mean 1.1616097
13   13               mean 0.7109339
14   14               mean 0.6808852
15   15               mean 0.7164721
16    1              AR(1) 0.7448244
17    2              AR(1) 0.6998998
18    3              AR(1) 0.6391899
19    4              AR(1) 0.6411852
20    5              AR(1) 0.6250736
21    6              AR(1) 0.6281685
22    7              AR(1) 0.6942589
23    8              AR(1) 0.6604403
24    9              AR(1) 0.6338672
25   10              AR(1) 0.6978780
26   11              AR(1) 0.6401886
27   12              AR(1) 1.2060121
28   13              AR(1) 0.7420743
29   14              AR(1) 0.6887823
30   15              AR(1) 0.7233067
31    1      Beverton-Holt 0.7395285
32    2      Beverton-Holt 0.7136666
33    3      Beverton-Holt 0.6260300
34    4      Beverton-Holt 0.5738717
35    5      Beverton-Holt 0.5887748
36    6      Beverton-Holt 0.5746646
37    7      Beverton-Holt 0.6446434
38    8      Beverton-Holt 0.5792139
39    9      Beverton-Holt 0.5765287
40   10      Beverton-Holt 0.6353132
41   11      Beverton-Holt 0.6334472
42   12      Beverton-Holt 1.1719433
43   13      Beverton-Holt 0.7179500
44   14      Beverton-Holt 0.6934459
45   15      Beverton-Holt 0.7039313
46    1 simplex projection 0.3132525
47    2 simplex projection 0.7183284
48    3 simplex projection 2.5590945
49    4 simplex projection 0.4860939
50    5 simplex projection 0.5234615
51    6 simplex projection 0.5203465
52    7 simplex projection 0.6751031
53    8 simplex projection 0.5630363
54    9 simplex projection 0.5697571
55   10 simplex projection 0.5548605
56   11 simplex projection 0.6427626
57   12 simplex projection 1.1012061
58   13 simplex projection 0.7719310
59   14 simplex projection 0.7339948
60   15 simplex projection 3.5013126

$long_forecast_quants
               method    low_ci    median    up_ci
1                Mean  47.94352 129.06368 371.6187
2                Mean  65.28870 137.03442 307.6621
3                Mean  62.58121 129.50679 261.6429
4                Mean  75.73835 131.38765 240.9201
5                Mean  72.40401 129.72742 221.5594
6                Mean  74.49087 127.24822 222.4294
7                Mean  76.71364 132.36770 229.0359
8                Mean  74.21241 129.56470 230.7494
9                Mean  75.83120 129.89405 220.2984
10               Mean  74.58223 128.27886 221.5539
11               Mean  80.37323 130.29010 222.9526
12               Mean  75.58785 132.96619 222.9053
13               Mean  67.58758 128.98803 246.6753
14               Mean  68.19951 132.88312 267.4114
15               Mean  44.87254 125.68728 320.9385
16              AR(1)  43.73285 131.58513 392.0610
17              AR(1)  62.08370 139.20982 313.2391
18              AR(1)  60.83279 125.76400 271.4330
19              AR(1)  72.52485 135.98212 239.4731
20              AR(1)  70.14831 130.66988 232.8217
21              AR(1)  73.49715 128.05466 236.5466
22              AR(1)  73.22111 128.85669 235.1154
23              AR(1)  74.23041 128.21393 231.4245
24              AR(1)  71.65184 130.59054 219.0594
25              AR(1)  75.74596 128.51153 229.4440
26              AR(1)  78.09774 128.38926 227.6058
27              AR(1)  76.64306 128.32217 216.3956
28              AR(1)  66.62607 125.61644 255.6349
29              AR(1)  66.56349 134.39271 278.8216
30              AR(1)  48.72987 127.67097 341.8837
31      Beverton-Holt  47.07491 129.98759 375.2923
32      Beverton-Holt  65.00039 137.59123 291.7716
33      Beverton-Holt  63.77354 125.60949 238.7776
34      Beverton-Holt  72.69757 133.05895 233.1940
35      Beverton-Holt  73.13650 130.29569 237.5662
36      Beverton-Holt  72.99058 128.08917 215.4696
37      Beverton-Holt  76.93965 129.43112 222.9471
38      Beverton-Holt  76.67436 129.65981 223.8553
39      Beverton-Holt  76.98069 129.53888 221.3139
40      Beverton-Holt  75.50041 129.58660 221.5158
41      Beverton-Holt  79.02354 127.02797 213.7188
42      Beverton-Holt  75.84155 132.21486 225.2645
43      Beverton-Holt  68.04929 126.13918 239.9151
44      Beverton-Holt  67.65029 135.96329 269.3021
45      Beverton-Holt  49.61300 123.72088 308.4952
46 Simplex projection  23.89171  67.69667 184.4898
47 Simplex projection  66.88503 151.36570 335.8096
48 Simplex projection 180.26039 373.25142 757.3312
49 Simplex projection  50.36422  89.36818 153.5299
50 Simplex projection  51.11811  91.22576 165.7823
51 Simplex projection  72.18497 123.19365 221.9264
52 Simplex projection  60.75400 102.56680 175.9480
53 Simplex projection  71.11751 119.84404 205.0847
54 Simplex projection  96.20889 167.53573 291.5173
55 Simplex projection  68.51743 114.17601 195.4682
56 Simplex projection  70.82849 119.47984 200.0185
57 Simplex projection  79.01218 135.10179 225.1404
58 Simplex projection  59.09032 121.15496 232.6628
59 Simplex projection  56.85278 111.00147 223.8883
60 Simplex projection  46.85392 109.38140 288.4249

$long_cov_prob
              method coverage_prob
1               mean     0.9333333
2              AR(1)     0.9333333
3      Beverton-Holt     0.9333333
4 simplex projection     0.8666667

$yr_trend
               method    low_ci   median    up_ci
1                Mean  99.79160 139.6849 205.3106
2                Mean 101.41688 136.8171 189.3843
3                Mean 102.49781 135.6964 174.4079
4                Mean 104.80645 134.3369 172.9819
5                Mean 104.86506 132.7034 172.9469
6                Mean 104.76002 132.9180 175.6772
7                Mean 104.73596 133.8712 173.9462
8                Mean 103.87575 134.2352 174.0167
9                Mean 104.12872 134.4435 174.1212
10               Mean 103.35050 136.4342 181.4078
11               Mean  98.83679 137.1771 189.9493
12              AR(1)  99.59883 141.0103 212.9559
13              AR(1) 104.01769 138.3496 187.4513
14              AR(1) 102.59815 135.2724 181.1863
15              AR(1) 103.52038 135.3023 178.8294
16              AR(1) 103.94313 134.3301 173.5942
17              AR(1) 103.59261 133.4997 171.1516
18              AR(1) 106.27210 133.0976 172.6845
19              AR(1) 106.50668 133.5956 170.8446
20              AR(1) 104.49965 133.1300 173.7565
21              AR(1) 104.28099 135.1234 180.6157
22              AR(1) 101.71486 135.6420 190.1357
23      Beverton-Holt 100.42109 138.7748 204.3323
24      Beverton-Holt 103.02650 136.1134 184.8799
25      Beverton-Holt 104.31710 133.7597 174.4354
26      Beverton-Holt 105.04070 133.9827 171.7536
27      Beverton-Holt 105.53002 133.4130 171.0497
28      Beverton-Holt 105.81842 132.9130 170.9646
29      Beverton-Holt 105.61535 133.5799 171.8470
30      Beverton-Holt 104.51802 134.3222 170.3477
31      Beverton-Holt 103.65901 133.8679 170.5987
32      Beverton-Holt 103.70511 135.8124 177.3508
33      Beverton-Holt 100.13395 135.6740 185.2629
34 Simplex projection 110.82007 159.8961 251.9101
35 Simplex projection 122.09761 171.1565 258.2780
36 Simplex projection 114.17616 159.2185 239.6104
37 Simplex projection  85.11638 108.4623 140.7808
38 Simplex projection  98.22337 124.5514 159.4944
39 Simplex projection 102.87898 129.1456 164.7570
40 Simplex projection 100.79249 128.3238 165.0100
41 Simplex projection 106.85595 134.7800 172.6996
42 Simplex projection 105.63054 135.7596 176.1432
43 Simplex projection  96.01398 124.1481 164.9957
44 Simplex projection  93.82241 124.1034 174.3978

