$short_forecast_quants
                method     low_ci    median      up_ci
1                 Mean 209.689024 523.55969 1254.17499
2                 Mean 216.638371 535.70305 1175.71004
3                 Mean 227.058970 507.15790 1173.74632
4                 Mean 232.583203 507.59449 1158.87161
5                 Mean 222.948354 502.44237 1176.43521
6                 Mean 230.010919 490.95674 1153.73106
7                 Mean 216.578695 502.16413 1149.93898
8                 Mean 214.836843 473.57015 1082.47330
9                 Mean 210.429671 493.45989 1107.76375
10                Mean 201.555488 467.45469 1063.58165
11                Mean 197.236390 467.42737 1043.86301
12                Mean 203.467324 455.11304 1044.69224
13                Mean 190.688524 450.29873  999.16570
14                Mean 199.949223 457.72600 1076.72321
15                Mean 210.568552 464.94244 1053.29133
16                Mean 187.212599 453.06175 1043.33755
17                Mean 167.857228 424.71543 1211.69027
18                Mean  97.782194 416.25360 1574.50219
19                Mean 100.937380 392.03825 1718.64347
20                Mean  87.352681 383.09468 1656.70598
21                Mean  42.297545 332.46728 2813.32482
22                Mean  44.687148 356.84785 3180.80134
23                Mean  50.091307 361.58842 2478.44249
24                Mean  42.820437 347.64727 3283.01621
25                Mean  36.729357 310.19865 2738.05195
26                Mean  40.363225 349.68512 2507.40027
27               AR(1) 231.939721 533.00716 1242.69521
28               AR(1) 222.170654 518.13309 1150.08290
29               AR(1) 232.656977 551.98095 1246.09253
30               AR(1) 232.634011 521.26506 1256.38989
31               AR(1) 226.639009 505.17142 1115.51208
32               AR(1) 225.441886 514.72924 1207.10138
33               AR(1) 213.071235 515.53216 1213.82517
34               AR(1) 214.549761 487.29962 1109.76036
35               AR(1) 196.796369 477.48285 1148.26760
36               AR(1) 207.724194 472.33131 1055.57547
37               AR(1) 201.472349 470.34448 1069.17529
38               AR(1) 188.269877 461.07950 1081.57786
39               AR(1) 188.564755 435.06111  967.28382
40               AR(1) 205.435490 479.19959 1084.32670
41               AR(1) 198.281781 456.45157 1076.37020
42               AR(1) 170.531976 396.28419  935.04817
43               AR(1)  94.983940 237.25797  585.88113
44               AR(1)  11.344973  39.53895  135.06536
45               AR(1)  42.043189 125.14428  445.70746
46               AR(1) 116.260460 401.22563 1353.13651
47               AR(1)   2.927618  21.44478  137.96045
48               AR(1)  43.292319 363.10812 2942.06061
49               AR(1)  49.257893 394.96481 2927.28582
50               AR(1)  29.381812 223.48920 1778.24989
51               AR(1)  42.090170 286.95612 3081.81010
52               AR(1)  38.737652 320.04411 2953.02280
53       Beverton-Holt 158.960297 353.67747  776.15774
54       Beverton-Holt 164.134596 362.80751  791.72485
55       Beverton-Holt 147.189287 321.29972  661.30288
56       Beverton-Holt 141.787050 309.28627  687.02491
57       Beverton-Holt 144.708550 305.66895  675.78712
58       Beverton-Holt 145.280484 307.44546  657.14803
59       Beverton-Holt 135.240454 284.33769  592.93195
60       Beverton-Holt 136.093545 274.75343  562.38740
61       Beverton-Holt 122.257961 250.74623  509.77238
62       Beverton-Holt 116.216795 228.98836  456.17373
63       Beverton-Holt 112.795908 224.74268  470.90917
64       Beverton-Holt 125.919545 256.17193  516.12303
65       Beverton-Holt 150.616446 296.57082  606.23495
66       Beverton-Holt 170.981034 340.13570  726.64169
67       Beverton-Holt 190.375958 391.79017  772.95017
68       Beverton-Holt 197.745797 409.39810  831.23388
69       Beverton-Holt 169.873036 407.17190 1038.11360
70       Beverton-Holt 101.420209 387.42059 1571.74772
71       Beverton-Holt  94.203581 413.00456 1437.88245
72       Beverton-Holt 106.643164 407.12131 1581.64663
73       Beverton-Holt  47.263364 357.18567 2604.04256
74       Beverton-Holt  49.198551 400.83518 3239.30760
75       Beverton-Holt  47.280895 383.11114 2652.79488
76       Beverton-Holt  47.751156 361.27623 3064.48302
77       Beverton-Holt  52.363202 412.04046 3115.65534
78       Beverton-Holt  48.457540 371.81635 2826.30042
79  Simplex projection 272.236545 667.01422 1579.60225
80  Simplex projection 311.356084 703.55394 1728.25519
81  Simplex projection 232.068858 551.50773 1296.16975
82  Simplex projection 230.714672 529.09507 1250.05932
83  Simplex projection 215.836584 474.35138 1003.27119
84  Simplex projection 230.364282 548.64119 1207.11921
85  Simplex projection 177.702220 418.73867  990.54970
86  Simplex projection 217.330569 493.34004 1171.77545
87  Simplex projection 176.475808 401.03195  848.53898
88  Simplex projection 160.125912 355.02912  855.91213
89  Simplex projection 145.249732 324.84069  775.04417
90  Simplex projection 146.875239 333.56824  735.67684
91  Simplex projection 140.081183 310.41813  730.22779
92  Simplex projection 143.382933 335.09834  763.85816
93  Simplex projection 155.116219 346.36586  751.53624
94  Simplex projection 131.814318 307.65932  724.57462
95  Simplex projection  80.621122 239.54511  628.42644
96  Simplex projection  26.182199 101.02361  378.73896
97  Simplex projection   3.644911  16.00292   67.92433
98  Simplex projection  79.363887 325.13292 1203.26549
99  Simplex projection   9.089769  68.87610  533.65546
100 Simplex projection  13.166455 116.26379  818.19730
101 Simplex projection  11.015909  90.55774  662.20804
102 Simplex projection  10.496140  85.92870  751.94821
103 Simplex projection  30.056264 251.96962 1906.13978
104 Simplex projection  86.467996 806.22888 5377.83586

$short_cov_prob
              method coverage_prob
1               mean     0.8076923
2              AR(1)     0.8076923
3      Beverton-Holt     0.7692308
4 simplex projection     0.8461538

$mrae
    year             method      mrae
1      1               mean 0.8001633
2      2               mean 1.0159918
3      3               mean 0.8563464
4      4               mean 0.7781360
5      5               mean 1.1006725
6      6               mean 1.3387572
7      7               mean 1.1565095
8      8               mean 0.9830396
9      9               mean 0.9942831
10    10               mean 1.1278736
11    11               mean 1.0326669
12    12               mean 1.1418790
13    13               mean 1.1211362
14    14               mean 1.0293579
15    15               mean 1.7297920
16    16               mean 2.1482648
17    17               mean 2.4020422
18    18               mean 2.3319275
19    19               mean 1.4710938
20    20               mean 2.5265122
21    21               mean 2.2533554
22    22               mean 2.3776334
23    23               mean 2.6874657
24    24               mean 2.3602042
25    25               mean 1.9546562
26    26               mean 1.9828011
27     1              AR(1) 0.8155856
28     2              AR(1) 0.9600220
29     3              AR(1) 0.9674897
30     4              AR(1) 0.8163243
31     5              AR(1) 1.0734501
32     6              AR(1) 1.4380461
33     7              AR(1) 1.2242761
34     8              AR(1) 1.0239258
35     9              AR(1) 1.0151202
36    10              AR(1) 1.1417968
37    11              AR(1) 0.9612971
38    12              AR(1) 1.1698963
39    13              AR(1) 1.1234213
40    14              AR(1) 1.0821314
41    15              AR(1) 1.6957341
42    16              AR(1) 1.8628960
43    17              AR(1) 1.2533530
44    18              AR(1) 0.1730727
45    19              AR(1) 1.4890048
46    20              AR(1) 2.4851038
47    21              AR(1) 2.4440433
48    22              AR(1) 2.3176845
49    23              AR(1) 2.9565128
50    24              AR(1) 1.3063303
51    25              AR(1) 2.1114812
52    26              AR(1) 1.9578879
53     1      Beverton-Holt 0.6785953
54     2      Beverton-Holt 0.5135868
55     3      Beverton-Holt 0.5176070
56     4      Beverton-Holt 0.7465151
57     5      Beverton-Holt 0.4353251
58     6      Beverton-Holt 0.5000440
59     7      Beverton-Holt 0.4048777
60     8      Beverton-Holt 0.4281818
61     9      Beverton-Holt 0.5085854
62    10      Beverton-Holt 0.4238544
63    11      Beverton-Holt 0.5950372
64    12      Beverton-Holt 0.3944564
65    13      Beverton-Holt 1.5980365
66    14      Beverton-Holt 0.5458846
67    15      Beverton-Holt 1.2891450
68    16      Beverton-Holt 1.8505123
69    17      Beverton-Holt 2.2455064
70    18      Beverton-Holt 2.1910703
71    19      Beverton-Holt 1.3289021
72    20      Beverton-Holt 2.6911748
73    21      Beverton-Holt 2.3082911
74    22      Beverton-Holt 2.4090125
75    23      Beverton-Holt 2.8114696
76    24      Beverton-Holt 2.4057082
77    25      Beverton-Holt 2.5875436
78    26      Beverton-Holt 2.2565089
79     1 simplex projection 1.1670045
80     2 simplex projection 1.8091132
81     3 simplex projection 1.0035814
82     4 simplex projection 0.8559861
83     5 simplex projection 0.9143738
84     6 simplex projection 1.5493747
85     7 simplex projection 0.8257813
86     8 simplex projection 1.0769040
87     9 simplex projection 0.6865928
88    10 simplex projection 0.6939965
89    11 simplex projection 0.5834269
90    12 simplex projection 0.6182118
91    13 simplex projection 1.5164098
92    14 simplex projection 0.6578421
93    15 simplex projection 1.0912626
94    16 simplex projection 1.3572990
95    17 simplex projection 1.2660337
96    18 simplex projection 0.3708459
97    19 simplex projection 2.1443404
98    20 simplex projection 2.0472152
99    21 simplex projection 2.1072162
100   22 simplex projection 1.9441621
101   23 simplex projection 0.5637981
102   24 simplex projection 0.8753751
103   25 simplex projection 1.5130079
104   26 simplex projection 5.1412072

$long_forecast_quants
                method    low_ci    median     up_ci
1                 Mean 241.89777 500.06459 1128.1437
2                 Mean 293.77719 538.11193 1002.4909
3                 Mean 276.96734 515.68142  870.2110
4                 Mean 327.18359 511.94474  816.0153
5                 Mean 326.04671 510.31312  807.2354
6                 Mean 327.01298 506.15093  780.8043
7                 Mean 312.74587 505.19732  795.2905
8                 Mean 319.49314 494.55847  757.2491
9                 Mean 318.47714 485.60354  805.6234
10                Mean 308.73683 488.94047  749.8081
11                Mean 300.44614 472.70928  739.7204
12                Mean 307.61724 471.92620  721.7048
13                Mean 301.82410 463.78549  715.7844
14                Mean 290.74461 471.67412  712.3053
15                Mean 295.23575 458.10765  697.8124
16                Mean 297.73530 466.07618  701.9029
17                Mean 285.13448 450.64839  695.0903
18                Mean 261.73591 433.76608  748.4611
19                Mean 243.98908 428.07921  761.4365
20                Mean 206.75949 416.70980  795.9944
21                Mean 172.81788 395.32298  834.3039
22                Mean 142.80568 370.23093  885.0391
23                Mean 142.42112 380.20208  967.9565
24                Mean  96.24265 362.11197 1318.6637
25                Mean  98.85462 436.43156 1900.1689
26                Mean  43.68817 347.30886 2671.0294
27               AR(1) 217.06853 532.42534 1269.6707
28               AR(1) 299.07222 530.90999  970.0046
29               AR(1) 302.25831 524.87076  932.8346
30               AR(1) 323.95307 519.20612  800.7890
31               AR(1) 329.93250 510.79942  784.0921
32               AR(1) 328.83816 508.70377  802.3400
33               AR(1) 324.07370 506.84047  809.8298
34               AR(1) 311.03018 493.18534  799.8843
35               AR(1) 309.35781 485.90674  740.5414
36               AR(1) 305.32703 481.39417  758.3772
37               AR(1) 307.57550 470.43978  757.3397
38               AR(1) 301.46057 471.17164  726.6058
39               AR(1) 286.26556 462.06512  753.8082
40               AR(1) 289.02342 465.02476  711.6326
41               AR(1) 293.81693 455.41711  704.6547
42               AR(1) 284.21184 447.97440  704.3782
43               AR(1) 249.67653 419.39417  664.7028
44               AR(1) 207.80305 373.02961  637.5046
45               AR(1) 151.42012 302.74965  525.7986
46               AR(1) 154.00473 306.41247  581.2335
47               AR(1) 102.53118 239.84265  470.0667
48               AR(1) 113.11292 250.33912  580.6849
49               AR(1) 129.94808 325.41913  746.0214
50               AR(1)  87.74153 314.18826  946.5313
51               AR(1)  87.06090 385.68092 1783.3448
52               AR(1)  43.61830 356.24577 2711.0496
53       Beverton-Holt 162.97197 362.46318  751.0121
54       Beverton-Holt 214.67085 365.49060  634.7025
55       Beverton-Holt 188.72243 306.22779  507.4039
56       Beverton-Holt 183.74478 292.83659  446.3174
57       Beverton-Holt 172.89446 259.76130  400.7561
58       Beverton-Holt 184.67779 273.64614  419.8433
59       Beverton-Holt 184.10263 277.06430  404.5697
60       Beverton-Holt 183.80979 274.55070  412.0688
61       Beverton-Holt 162.98082 243.03676  362.7876
62       Beverton-Holt 147.03261 215.72625  322.3643
63       Beverton-Holt 136.60626 205.31944  311.6502
64       Beverton-Holt 150.73644 223.37091  332.6227
65       Beverton-Holt 190.73026 279.03699  412.7229
66       Beverton-Holt 228.85696 330.31917  481.5568
67       Beverton-Holt 255.99923 377.43965  554.2545
68       Beverton-Holt 284.12984 409.45752  597.1907
69       Beverton-Holt 287.27570 429.74856  629.3547
70       Beverton-Holt 297.68057 446.93781  691.8592
71       Beverton-Holt 261.77638 448.88080  750.1825
72       Beverton-Holt 242.45062 436.66928  796.8129
73       Beverton-Holt 221.18157 446.22479  864.3766
74       Beverton-Holt 196.98860 421.34177  930.2672
75       Beverton-Holt 170.63898 447.54100 1169.2886
76       Beverton-Holt 123.67187 425.48525 1318.9433
77       Beverton-Holt 100.85481 484.43642 2168.3046
78       Beverton-Holt  51.73175 382.50184 3137.8084
79  Simplex projection 289.52672 674.05610 1568.6042
80  Simplex projection 408.76778 751.09866 1395.8884
81  Simplex projection 351.65728 607.41708 1092.4625
82  Simplex projection 354.26583 547.95837  850.1329
83  Simplex projection 419.01671 707.74904 1210.6914
84  Simplex projection 345.35854 555.17629  859.2153
85  Simplex projection 343.47140 530.97636  830.3345
86  Simplex projection 329.16974 507.96802  791.6930
87  Simplex projection 310.52680 475.69669  737.4255
88  Simplex projection 285.24116 443.85920  688.7676
89  Simplex projection 229.95087 364.04514  577.5465
90  Simplex projection 233.92443 379.49497  623.7097
91  Simplex projection 234.18763 351.55217  543.2312
92  Simplex projection 239.16825 376.09469  610.3626
93  Simplex projection 214.36915 342.10610  544.2503
94  Simplex projection 219.44827 349.88604  554.1481
95  Simplex projection 196.80374 308.82790  496.3117
96  Simplex projection 162.50396 287.59046  464.4096
97  Simplex projection 148.60317 270.84004  508.5094
98  Simplex projection 170.64203 328.87408  627.2032
99  Simplex projection  30.29478  87.44564  255.8397
100 Simplex projection 113.39391 273.62912  686.4772
101 Simplex projection  79.72760 219.68856  627.1790
102 Simplex projection  30.00214 105.19463  420.0272
103 Simplex projection  44.76995 234.34922 1187.1268
104 Simplex projection  10.86840  97.86525  812.5778

$long_cov_prob
              method coverage_prob
1               mean     0.5769231
2              AR(1)     0.5384615
3      Beverton-Holt     0.6538462
4 simplex projection     0.5384615

$yr_trend
               method   low_ci   median     up_ci
1                Mean 415.2140 537.2757  705.4523
2                Mean 427.1736 531.8443  671.0396
3                Mean 417.8403 519.6926  643.7146
4                Mean 422.2681 516.3213  634.5677
5                Mean 421.0748 511.4776  627.2964
6                Mean 417.7077 509.7677  615.3484
7                Mean 412.3959 502.4324  611.0545
8                Mean 407.2234 494.8664  602.7379
9                Mean 405.3904 488.7055  600.0538
10               Mean 404.7079 485.5162  584.0524
11               Mean 394.7267 477.7978  583.1895
12               Mean 396.4920 472.3697  584.3290
13               Mean 388.4102 468.9675  572.3281
14               Mean 381.3350 463.2441  578.2632
15               Mean 366.6447 457.8246  575.8034
16               Mean 357.1064 450.0413  570.2525
17               Mean 343.6445 440.8394  572.6640
18               Mean 323.1559 425.5496  585.5503
19               Mean 302.9868 421.1084  589.5357
20               Mean 280.8666 418.8528  668.3517
21               Mean 261.4142 435.9873  802.5750
22               Mean 253.2040 446.9672 1007.4289
23              AR(1) 415.6244 540.4118  729.7944
24              AR(1) 424.5405 532.2394  667.4375
25              AR(1) 423.9508 525.1258  649.2006
26              AR(1) 421.7534 521.1634  633.7483
27              AR(1) 417.7825 513.1137  626.8687
28              AR(1) 410.3550 509.4040  617.9327
29              AR(1) 402.7365 500.0728  614.4322
30              AR(1) 399.2512 491.5287  606.9727
31              AR(1) 399.8893 482.9981  595.6971
32              AR(1) 387.8274 479.9264  591.1835
33              AR(1) 388.6806 474.5001  580.1126
34              AR(1) 384.6427 468.5887  577.5253
35              AR(1) 376.9267 458.6679  569.4425
36              AR(1) 355.9539 440.8633  550.4288
37              AR(1) 323.5685 408.1581  514.9962
38              AR(1) 295.9743 376.1295  486.6772
39              AR(1) 256.3310 337.4164  438.4903
40              AR(1) 226.5813 307.0122  408.2814
41              AR(1) 212.4875 297.4444  419.7873
42              AR(1) 207.8980 306.0534  458.5656
43              AR(1) 210.8444 332.1450  648.7180
44              AR(1) 211.4841 377.5675  952.0246
45      Beverton-Holt 257.7729 326.0879  437.7240
46      Beverton-Holt 247.7219 306.7638  383.0977
47      Beverton-Holt 234.1831 286.8071  355.8151
48      Beverton-Holt 232.7379 280.9250  339.8476
49      Beverton-Holt 228.5487 271.5110  324.9397
50      Beverton-Holt 219.4803 261.1585  309.6796
51      Beverton-Holt 207.2121 247.6702  294.9534
52      Beverton-Holt 198.7201 236.3550  283.7992
53      Beverton-Holt 197.0347 238.1357  285.3970
54      Beverton-Holt 214.3398 254.6529  306.0148
55      Beverton-Holt 241.4522 286.0879  345.5363
56      Beverton-Holt 276.0554 329.3576  388.4209
57      Beverton-Holt 312.5797 370.0580  438.3818
58      Beverton-Holt 343.2001 404.3763  483.6991
59      Beverton-Holt 356.4537 428.7935  525.8898
60      Beverton-Holt 366.1013 444.5388  555.1195
61      Beverton-Holt 361.4145 454.7940  579.0603
62      Beverton-Holt 346.3595 459.3112  608.0700
63      Beverton-Holt 340.0517 464.1262  655.0053
64      Beverton-Holt 319.0961 466.2906  691.0135
65      Beverton-Holt 308.7426 485.7770  861.8272
66      Beverton-Holt 285.2204 498.3566 1185.4862
67 Simplex projection 519.0911 683.6416  921.1599
68 Simplex projection 513.3559 653.0762  837.9141
69 Simplex projection 488.3193 603.6669  771.8793
70 Simplex projection 469.2278 583.7981  743.9164
71 Simplex projection 457.5042 569.6362  718.1104
72 Simplex projection 424.3718 513.0216  627.9505
73 Simplex projection 386.6208 474.4321  587.6031
74 Simplex projection 365.3087 444.8923  544.4875
75 Simplex projection 339.4190 411.9755  506.1042
76 Simplex projection 324.2488 391.9948  477.1194
77 Simplex projection 303.7501 372.3299  451.9119
78 Simplex projection 304.4089 368.1992  449.2404
79 Simplex projection 293.8506 353.4924  430.8099
80 Simplex projection 277.6106 339.0180  420.2166
81 Simplex projection 257.9758 320.3895  401.8658
82 Simplex projection 250.4324 318.4877  409.3739
83 Simplex projection 204.0786 269.0522  357.5811
84 Simplex projection 190.9554 263.1549  367.7241
85 Simplex projection 178.7595 251.6989  381.4180
86 Simplex projection 146.5426 223.8386  351.9568
87 Simplex projection 124.0769 209.6495  432.0603
88 Simplex projection 127.3624 219.6340  479.9048

