$short_forecast_quants
               method    low_ci    median     up_ci
1                Mean 3739.1281 23546.761 138135.58
2                Mean 3591.5561 22238.676 143777.47
3                Mean 2337.2967 20863.083 135445.50
4                Mean 3211.8425 19288.737 127866.66
5                Mean 3902.1564 21085.669 130751.99
6                Mean 2582.9372 21382.789 163337.58
7                Mean 3051.3861 19367.089 168270.72
8                Mean 2586.8483 18717.633 150999.75
9                Mean 2393.9595 20373.376 131682.45
10               Mean 3216.6963 21357.719 124617.07
11               Mean 2828.8078 20850.665 152407.19
12               Mean 2461.3027 19418.539 114994.52
13               Mean 2344.5199 19223.148 130177.71
14               Mean 2893.7410 19012.933 148029.76
15               Mean 2652.9290 16655.605 135603.30
16               Mean 2261.4348 19222.114 145494.99
17               Mean 2380.0862 18216.113 156372.55
18               Mean 2891.3695 18527.802 146007.02
19               Mean 2796.6791 19749.459 142489.12
20               Mean 2945.7256 21260.654 157668.15
21              AR(1) 3444.9657 22136.281 154904.15
22              AR(1) 3078.1313 19403.385 137773.97
23              AR(1) 3106.6719 19894.039 125697.43
24              AR(1) 2963.2793 17401.887 123666.06
25              AR(1) 3332.0411 20570.193 129432.55
26              AR(1) 4090.4631 26282.602 162243.53
27              AR(1) 2991.6227 22484.086 186445.78
28              AR(1) 2181.8936 21088.208 175853.60
29              AR(1) 2657.7515 20929.302 152169.43
30              AR(1) 2702.9065 19736.224 140333.04
31              AR(1) 2556.9947 19949.278 153734.46
32              AR(1) 2024.6508 17616.069 137559.87
33              AR(1) 2204.5849 16128.627 137077.28
34              AR(1) 2475.2378 17460.144 130317.80
35              AR(1) 2526.3747 18007.732 146590.69
36              AR(1) 2756.1018 20820.200 173230.74
37              AR(1) 2789.1701 21143.356 177729.49
38              AR(1) 2544.3828 19157.854 131049.44
39              AR(1) 2534.7225 18849.307 125470.51
40              AR(1) 2844.2911 19925.399 109659.51
41      Beverton-Holt 3639.8249 22185.648 138402.40
42      Beverton-Holt 3037.9811 21190.330 142768.26
43      Beverton-Holt 3479.6849 21360.029 120392.62
44      Beverton-Holt 3152.2565 19061.647 126200.67
45      Beverton-Holt 3314.4826 21637.294 125457.69
46      Beverton-Holt 2743.3814 20949.741 166415.16
47      Beverton-Holt 2867.1360 19580.494 150459.19
48      Beverton-Holt 2911.5494 22302.254 145580.79
49      Beverton-Holt 3470.8639 20612.719 141503.01
50      Beverton-Holt 2823.6446 22060.188 139778.60
51      Beverton-Holt 3057.3434 20969.554 137168.74
52      Beverton-Holt 2579.8900 18909.528 141159.25
53      Beverton-Holt 2778.7189 17486.110 147825.03
54      Beverton-Holt 2646.1521 18533.496 152495.18
55      Beverton-Holt 2550.1378 18584.993 115346.49
56      Beverton-Holt 2565.4811 17712.483 120862.97
57      Beverton-Holt 2423.4470 20069.500 150303.26
58      Beverton-Holt 2976.1910 17845.906 117064.23
59      Beverton-Holt 2642.8642 19159.211 144357.61
60      Beverton-Holt 2772.9699 19643.988 134100.37
61 Simplex projection 1790.9429 10984.042  69849.92
62 Simplex projection 1057.6817  7063.371  41367.74
63 Simplex projection 2880.4404 19779.581 138846.93
64 Simplex projection 1953.1945 11654.108  69202.18
65 Simplex projection 3631.0230 24046.439 165199.55
66 Simplex projection 1715.5865 12543.801  77920.14
67 Simplex projection 2438.4409 18618.788 134346.25
68 Simplex projection 1527.0568 11198.203  81698.73
69 Simplex projection 3267.1634 21552.049 167889.09
70 Simplex projection 3476.3953 23052.997 166241.36
71 Simplex projection  967.2418  7237.778  42965.49
72 Simplex projection 1076.3945  7383.978  49718.89
73 Simplex projection 2265.9574 17699.350 114479.13
74 Simplex projection 6099.3475 44662.390 343264.52
75 Simplex projection 2677.7378 20618.340 140479.08
76 Simplex projection 2668.7790 22101.326 162190.92
77 Simplex projection 1888.0627 13585.083 134471.91
78 Simplex projection 1767.7245 11054.796  90743.90
79 Simplex projection 2559.8879 18139.962 124651.89
80 Simplex projection 3962.7610 28667.123 226580.58

$short_cov_prob
              method coverage_prob
1               mean          0.95
2              AR(1)          0.95
3      Beverton-Holt          0.95
4 simplex projection          0.95

$mrae
   year             method      mrae
1     1               mean 0.8186844
2     2               mean 0.8663879
3     3               mean 0.8757376
4     4               mean 0.8235632
5     5               mean 6.1384661
6     6               mean 0.9466611
7     7               mean 0.6760960
8     8               mean 0.6110800
9     9               mean 0.5907515
10   10               mean 0.7525328
11   11               mean 0.8272741
12   12               mean 0.7453802
13   13               mean 0.6112299
14   14               mean 0.6634990
15   15               mean 2.0019775
16   16               mean 1.2688152
17   17               mean 0.6683752
18   18               mean 0.6691045
19   19               mean 0.9630099
20   20               mean 1.4456941
21    1              AR(1) 0.8553496
22    2              AR(1) 0.7646917
23    3              AR(1) 0.8506113
24    4              AR(1) 0.8373301
25    5              AR(1) 6.1410749
26    6              AR(1) 1.1046221
27    7              AR(1) 0.7558437
28    8              AR(1) 0.7190630
29    9              AR(1) 0.6575524
30   10              AR(1) 0.7492870
31   11              AR(1) 0.8544908
32   12              AR(1) 0.7274170
33   13              AR(1) 0.6014765
34   14              AR(1) 0.6125800
35   15              AR(1) 1.9940979
36   16              AR(1) 1.2873403
37   17              AR(1) 0.8420383
38   18              AR(1) 0.6815646
39   19              AR(1) 0.9325889
40   20              AR(1) 1.3751769
41    1      Beverton-Holt 0.7901285
42    2      Beverton-Holt 0.7898792
43    3      Beverton-Holt 0.8399131
44    4      Beverton-Holt 0.8237392
45    5      Beverton-Holt 6.0902388
46    6      Beverton-Holt 0.9595908
47    7      Beverton-Holt 0.5833924
48    8      Beverton-Holt 0.6538927
49    9      Beverton-Holt 0.5940920
50   10      Beverton-Holt 0.7741243
51   11      Beverton-Holt 0.7965438
52   12      Beverton-Holt 0.7201712
53   13      Beverton-Holt 0.6313636
54   14      Beverton-Holt 0.6713774
55   15      Beverton-Holt 1.9845211
56   16      Beverton-Holt 1.2272251
57   17      Beverton-Holt 0.6835859
58   18      Beverton-Holt 0.5959007
59   19      Beverton-Holt 0.9754432
60   20      Beverton-Holt 1.4583140
61    1 simplex projection 0.3545805
62    2 simplex projection 0.2280244
63    3 simplex projection 0.8509828
64    4 simplex projection 0.7821315
65    5 simplex projection 5.9349591
66    6 simplex projection 0.4894680
67    7 simplex projection 0.5476816
68    8 simplex projection 0.3417364
69    9 simplex projection 0.6320879
70   10 simplex projection 0.8981761
71   11 simplex projection 0.2148684
72   12 simplex projection 0.2509563
73   13 simplex projection 0.5559975
74   14 simplex projection 1.7778610
75   15 simplex projection 1.8800144
76   16 simplex projection 1.2364140
77   17 simplex projection 0.5655102
78   18 simplex projection 0.4093851
79   19 simplex projection 0.9451970
80   20 simplex projection 1.4739564

$long_forecast_quants
               method    low_ci    median     up_ci
1                Mean  3618.314 21919.869 151341.24
2                Mean  6428.759 25232.831 109795.64
3                Mean  6218.133 21860.264  72178.33
4                Mean  8119.128 22967.376  60848.87
5                Mean  8457.616 21041.620  53822.31
6                Mean  7590.458 20233.774  58971.32
7                Mean  7211.383 20292.332  57313.28
8                Mean  6683.196 20318.743  55202.56
9                Mean  7431.960 20874.089  60918.76
10               Mean  7791.407 20978.431  63183.21
11               Mean  7290.322 19841.823  56427.68
12               Mean  6841.036 19488.713  50619.71
13               Mean  6787.779 18592.819  53033.67
14               Mean  6459.106 18976.926  56332.46
15               Mean  6741.228 17882.693  55805.19
16               Mean  6247.417 18181.617  57260.69
17               Mean  6607.744 19131.130  58571.61
18               Mean  4774.033 18431.282  67444.06
19               Mean  5086.747 23416.359 103406.96
20               Mean  2391.859 17980.229 144028.78
21              AR(1)  3464.500 22562.850 142423.98
22              AR(1)  6144.250 25638.352 110909.95
23              AR(1)  6336.852 21145.336  74865.81
24              AR(1)  7470.776 21926.387  58955.68
25              AR(1)  7796.417 20013.494  60128.99
26              AR(1)  7310.790 20893.532  59428.32
27              AR(1)  7473.571 21371.723  60857.33
28              AR(1)  7055.212 21051.257  61436.11
29              AR(1)  7601.442 20426.916  57817.80
30              AR(1)  7166.386 20837.768  62246.26
31              AR(1)  7146.816 19998.660  59295.57
32              AR(1)  6646.086 20511.403  55288.27
33              AR(1)  6580.611 19931.359  57003.40
34              AR(1)  6681.168 19558.658  51575.36
35              AR(1)  6094.044 17749.600  55557.57
36              AR(1)  5878.953 18392.255  58061.45
37              AR(1)  6338.297 19082.025  53088.90
38              AR(1)  4542.876 17528.404  69486.73
39              AR(1)  5515.014 22415.803 105186.01
40              AR(1)  2562.471 19349.247 129298.12
41      Beverton-Holt  3390.573 20977.222 132373.38
42      Beverton-Holt  6886.202 26070.079 101612.42
43      Beverton-Holt  6071.393 20899.778  67139.97
44      Beverton-Holt  8040.640 21830.012  58253.88
45      Beverton-Holt  7990.605 21342.762  54922.57
46      Beverton-Holt  7393.934 20728.398  57653.21
47      Beverton-Holt  7722.374 20181.503  55870.99
48      Beverton-Holt  7551.490 19614.221  53870.27
49      Beverton-Holt  7605.172 20518.451  58286.22
50      Beverton-Holt  7598.839 20971.533  56992.17
51      Beverton-Holt  7107.922 20578.963  56177.59
52      Beverton-Holt  6476.635 20178.866  57968.15
53      Beverton-Holt  7005.446 19725.150  55047.13
54      Beverton-Holt  6725.335 19751.570  54638.96
55      Beverton-Holt  6969.931 18240.158  52513.83
56      Beverton-Holt  5953.414 18211.626  51452.04
57      Beverton-Holt  6850.888 19690.079  56297.01
58      Beverton-Holt  5162.844 18293.244  68626.91
59      Beverton-Holt  5512.449 21781.048 114573.50
60      Beverton-Holt  2965.144 19889.765 153914.97
61 Simplex projection  1683.107 10711.788  70467.49
62 Simplex projection  2139.988  8577.700  33419.25
63 Simplex projection  4771.565 17245.527  64198.77
64 Simplex projection  4082.615 12886.558  38987.36
65 Simplex projection  7657.012 20725.771  56793.87
66 Simplex projection  4710.500 13847.247  38361.95
67 Simplex projection  7671.061 21327.193  58333.73
68 Simplex projection  4917.521 14110.955  39116.93
69 Simplex projection  8219.334 24977.941  73953.30
70 Simplex projection  7971.141 23528.851  72109.64
71 Simplex projection  2210.502  6925.265  20845.07
72 Simplex projection  2904.819  9122.650  26685.13
73 Simplex projection  9054.693 26612.491  78474.46
74 Simplex projection 13431.038 41567.495 120961.56
75 Simplex projection  6967.791 20977.256  65814.66
76 Simplex projection  4952.104 15913.400  42496.73
77 Simplex projection  3216.494  9713.570  30900.25
78 Simplex projection  2466.100  9391.660  34009.67
79 Simplex projection  4989.274 22797.506  97630.28
80 Simplex projection  2974.231 19409.260 164752.95

$long_cov_prob
              method coverage_prob
1               mean          0.60
2              AR(1)          0.60
3      Beverton-Holt          0.65
4 simplex projection          0.70

$yr_trend
               method    low_ci   median    up_ci
1                Mean 14266.473 26425.39 58220.38
2                Mean 15015.466 25226.25 44774.10
3                Mean 14358.862 23615.93 38280.07
4                Mean 14652.793 22956.09 37932.81
5                Mean 14571.897 22695.15 37537.59
6                Mean 14626.316 23066.43 37668.53
7                Mean 14448.396 22891.17 36435.23
8                Mean 14212.797 22874.97 35520.42
9                Mean 14258.172 22426.02 35806.93
10               Mean 13659.292 22026.85 35481.61
11               Mean 13387.994 21258.63 34991.06
12               Mean 13341.747 20886.41 34589.59
13               Mean 12853.265 21146.78 34237.38
14               Mean 12623.575 20880.90 36810.16
15               Mean 12740.973 22449.62 44417.50
16               Mean 12305.164 23347.20 53120.60
17              AR(1) 13897.387 26462.62 56087.13
18              AR(1) 14330.468 25378.31 47476.19
19              AR(1) 14691.956 23724.56 40305.78
20              AR(1) 14336.701 23382.25 39959.11
21              AR(1) 14454.796 23242.22 40278.13
22              AR(1) 14669.688 23307.74 40263.77
23              AR(1) 14638.240 23079.47 40349.77
24              AR(1) 13974.469 23048.10 39213.39
25              AR(1) 14054.283 22606.49 36989.24
26              AR(1) 13870.188 22276.36 36859.66
27              AR(1) 13460.064 21777.39 36743.22
28              AR(1) 12999.597 21597.69 36212.57
29              AR(1) 13140.662 21434.09 35597.99
30              AR(1) 12723.634 20864.95 36664.55
31              AR(1) 12850.928 22403.02 42700.51
32              AR(1) 12149.824 23777.28 52256.18
33      Beverton-Holt 14661.654 25985.86 54096.94
34      Beverton-Holt 14893.284 25094.99 43012.83
35      Beverton-Holt 14484.409 23277.26 37677.87
36      Beverton-Holt 14976.965 23177.23 36964.21
37      Beverton-Holt 14487.168 22536.10 36503.19
38      Beverton-Holt 14508.753 22629.81 36208.88
39      Beverton-Holt 14330.556 22538.37 35795.60
40      Beverton-Holt 14168.774 22548.37 37196.66
41      Beverton-Holt 14168.917 22523.70 36518.85
42      Beverton-Holt 13532.805 22248.54 37079.63
43      Beverton-Holt 13675.550 21802.30 36324.24
44      Beverton-Holt 13264.916 21251.34 35868.90
45      Beverton-Holt 13080.775 21327.22 34354.82
46      Beverton-Holt 12896.682 21370.08 36367.70
47      Beverton-Holt 12990.097 22324.00 43445.73
48      Beverton-Holt 12848.331 23865.09 55363.88
49 Simplex projection  8891.462 16359.84 32118.22
50 Simplex projection  9535.943 16388.44 29585.69
51 Simplex projection 11855.633 19005.89 33870.30
52 Simplex projection 11824.759 18450.31 29840.41
53 Simplex projection 13191.560 21153.16 35101.04
54 Simplex projection 13234.138 21690.80 37269.76
55 Simplex projection 12181.743 20192.21 35124.97
56 Simplex projection 10223.621 17321.01 30649.59
57 Simplex projection 11793.179 20272.96 36986.06
58 Simplex projection 13726.618 23602.41 44812.10
59 Simplex projection 13532.916 23119.31 43854.95
60 Simplex projection 14384.422 25047.86 44886.46
61 Simplex projection 15190.597 25316.82 45401.06
62 Simplex projection 12555.837 21456.75 41228.31
63 Simplex projection 10133.068 17950.20 36360.33
64 Simplex projection  9720.639 18516.25 52796.36

