$short_forecast_quants
               method    low_ci   median     up_ci
1                Mean  515.8596 1776.517  6304.659
2                Mean  488.7650 1703.524  6304.101
3                Mean  505.2558 1717.871  6722.243
4                Mean  529.7264 1782.879  5979.611
5                Mean  537.6669 1833.057  6013.063
6                Mean  478.9566 1825.510  6986.836
7                Mean  524.9288 1833.837  6689.797
8                Mean  500.0532 1774.548  6670.002
9                Mean  481.6666 1793.206  6746.654
10               Mean  577.0081 1794.622  6338.322
11               Mean  480.6270 1989.263  8427.298
12               Mean  513.1165 1952.347  7609.215
13               Mean  478.2573 1928.398  7329.523
14              AR(1)  460.8384 1668.670  6577.547
15              AR(1)  551.3017 1903.911  7188.413
16              AR(1)  466.3109 1828.527  6507.913
17              AR(1)  514.3787 1825.421  6689.557
18              AR(1)  548.0994 1723.411  5994.925
19              AR(1)  672.9200 2157.596  7629.930
20              AR(1)  488.5593 1854.771  6631.721
21              AR(1)  442.3913 1757.358  6757.046
22              AR(1)  542.3289 1870.268  6924.305
23              AR(1)  517.7771 1916.784  6324.984
24              AR(1)  511.1798 1984.500  8342.399
25              AR(1)  452.4935 1917.120  7328.901
26              AR(1)  467.6375 1852.591  7146.028
27      Beverton-Holt  479.4319 1762.647  6392.339
28      Beverton-Holt  485.0245 1741.962  5785.253
29      Beverton-Holt  530.1920 1794.335  6038.577
30      Beverton-Holt  497.6470 1751.930  5986.097
31      Beverton-Holt  589.4058 1774.705  6373.401
32      Beverton-Holt  522.4366 1879.047  6407.473
33      Beverton-Holt  542.5318 1807.850  6613.433
34      Beverton-Holt  509.6929 1882.510  6930.238
35      Beverton-Holt  543.1551 1852.278  6960.074
36      Beverton-Holt  519.9832 1776.956  6559.400
37      Beverton-Holt  498.9396 1916.749  7274.835
38      Beverton-Holt  530.1099 1869.393  6779.655
39      Beverton-Holt  520.8741 2042.151  7168.863
40 Simplex projection  351.4165 1260.920  4425.104
41 Simplex projection  476.1197 1789.719  6589.401
42 Simplex projection 1061.8303 3844.976 14670.282
43 Simplex projection 1015.4446 3222.304 10955.633
44 Simplex projection 1037.8487 3502.486 11384.033
45 Simplex projection  538.0487 1798.084  6868.145
46 Simplex projection  344.2760 1213.200  4307.162
47 Simplex projection  761.2400 2855.559  9166.770
48 Simplex projection  628.6657 2162.570  6947.276
49 Simplex projection 1285.5129 4312.841 13330.161
50 Simplex projection  390.9954 1697.946  6266.886
51 Simplex projection  474.1779 1928.628  6846.383
52 Simplex projection  656.1579 2613.253 10741.275

$short_cov_prob
              method coverage_prob
1               mean     0.8461538
2              AR(1)     0.8461538
3      Beverton-Holt     0.9230769
4 simplex projection     0.9230769

$mrae
   year             method      mrae
1     1               mean 0.8827199
2     2               mean 0.8641902
3     3               mean 0.8104825
4     4               mean 0.7731355
5     5               mean 3.0571763
6     6               mean 1.0609660
7     7               mean 0.8060659
8     8               mean 0.8372948
9     9               mean 0.7648404
10   10               mean 8.0044724
11   11               mean 0.9315426
12   12               mean 0.6829698
13   13               mean 0.6613659
14    1              AR(1) 0.8894338
15    2              AR(1) 0.8951563
16    3              AR(1) 0.8599972
17    4              AR(1) 0.7967056
18    5              AR(1) 3.1030514
19    6              AR(1) 1.2889860
20    7              AR(1) 0.8087242
21    8              AR(1) 0.8298687
22    9              AR(1) 0.7843801
23   10              AR(1) 7.9293986
24   11              AR(1) 0.8877227
25   12              AR(1) 0.6625915
26   13              AR(1) 0.6970101
27    1      Beverton-Holt 0.8680453
28    2      Beverton-Holt 0.8266705
29    3      Beverton-Holt 0.8028201
30    4      Beverton-Holt 0.7738734
31    5      Beverton-Holt 3.0783002
32    6      Beverton-Holt 1.0348143
33    7      Beverton-Holt 0.8262905
34    8      Beverton-Holt 0.8034860
35    9      Beverton-Holt 0.8018950
36   10      Beverton-Holt 7.9840668
37   11      Beverton-Holt 0.8252880
38   12      Beverton-Holt 0.6430839
39   13      Beverton-Holt 0.6402407
40    1 simplex projection 0.9319951
41    2 simplex projection 0.8446223
42    3 simplex projection 2.1368672
43    4 simplex projection 1.7925553
44    5 simplex projection 2.1858242
45    6 simplex projection 1.0569273
46    7 simplex projection 0.8334374
47    8 simplex projection 1.0736002
48    9 simplex projection 0.9462798
49   10 simplex projection 6.0657492
50   11 simplex projection 0.6782527
51   12 simplex projection 0.6705214
52   13 simplex projection 0.8507573

$long_forecast_quants
               method    low_ci   median    up_ci
1                Mean  508.5524 1721.214 5468.688
2                Mean  750.8370 1897.175 5390.723
3                Mean  739.8412 1752.535 4222.237
4                Mean  953.9260 1810.852 3565.955
5                Mean  902.6050 1731.124 3679.697
6                Mean  922.1632 1794.505 3252.224
7                Mean  958.3994 1830.694 3667.202
8                Mean  960.6971 1798.099 3646.432
9                Mean  889.5171 1838.900 3455.814
10               Mean  958.9545 1914.981 3693.165
11               Mean  800.1725 1812.369 4313.529
12               Mean  802.4176 2020.316 4963.430
13               Mean  521.8037 1775.233 6464.972
14              AR(1)  471.2542 1698.182 6067.784
15              AR(1)  796.7475 1981.938 5066.373
16              AR(1)  765.7594 1827.701 4289.658
17              AR(1)  911.3575 1839.474 3618.072
18              AR(1)  881.6367 1724.353 3572.342
19              AR(1)  944.9428 1849.026 3883.595
20              AR(1)  965.2793 1793.334 3620.856
21              AR(1)  914.3777 1806.646 3553.447
22              AR(1)  908.2564 1794.422 3625.113
23              AR(1)  926.0552 1829.763 3680.098
24              AR(1)  765.6390 1862.179 4215.889
25              AR(1)  813.7989 1955.775 4941.035
26              AR(1)  508.2662 1798.172 6163.049
27      Beverton-Holt  489.8724 1771.940 5834.921
28      Beverton-Holt  771.6284 1881.404 4731.051
29      Beverton-Holt  751.9178 1755.602 3973.784
30      Beverton-Holt  893.3598 1836.048 3605.784
31      Beverton-Holt  938.0716 1753.621 3346.710
32      Beverton-Holt  953.5210 1759.046 3416.503
33      Beverton-Holt  900.5844 1777.060 3485.780
34      Beverton-Holt  946.8894 1774.680 3374.140
35      Beverton-Holt  978.7145 1814.975 3452.242
36      Beverton-Holt  955.6815 1981.251 3791.465
37      Beverton-Holt  790.6760 1825.826 4218.145
38      Beverton-Holt  849.2155 1979.512 5115.346
39      Beverton-Holt  548.3533 1851.075 6065.354
40 Simplex projection  308.7305 1134.830 3742.350
41 Simplex projection  760.6367 1977.730 4921.571
42 Simplex projection 1910.7445 3957.766 9037.214
43 Simplex projection 2113.7209 4046.583 7916.622
44 Simplex projection 1862.7271 3547.974 6835.948
45 Simplex projection  956.5140 1883.767 3616.863
46 Simplex projection  652.8778 1255.231 2468.045
47 Simplex projection 1333.3646 2652.203 5226.619
48 Simplex projection 1120.7288 2122.979 4218.418
49 Simplex projection 2089.9676 4282.760 8487.417
50 Simplex projection  753.9500 1727.661 4089.317
51 Simplex projection  717.3564 1718.909 4369.440
52 Simplex projection  591.6787 2204.968 7366.213

$long_cov_prob
              method coverage_prob
1               mean     0.7692308
2              AR(1)     0.7692308
3      Beverton-Holt     0.7692308
4 simplex projection     0.7692308

$yr_trend
               method   low_ci   median    up_ci
1                Mean 1302.610 1934.981 3059.449
2                Mean 1366.679 1890.064 2835.730
3                Mean 1352.465 1862.636 2644.460
4                Mean 1391.703 1882.048 2598.086
5                Mean 1417.219 1884.154 2545.111
6                Mean 1449.156 1907.433 2587.555
7                Mean 1453.108 1937.233 2718.929
8                Mean 1426.839 1989.870 2907.296
9                Mean 1365.794 2024.061 3213.784
10              AR(1) 1301.053 1958.352 3187.786
11              AR(1) 1355.568 1941.796 2899.940
12              AR(1) 1398.062 1904.808 2761.249
13              AR(1) 1372.047 1897.212 2609.446
14              AR(1) 1408.357 1885.180 2581.728
15              AR(1) 1417.423 1923.078 2630.175
16              AR(1) 1422.846 1929.178 2647.129
17              AR(1) 1421.504 1959.981 2860.834
18              AR(1) 1352.255 2021.122 3212.012
19      Beverton-Holt 1325.069 1922.484 3038.814
20      Beverton-Holt 1367.055 1898.580 2815.078
21      Beverton-Holt 1360.787 1864.044 2681.859
22      Beverton-Holt 1389.049 1872.142 2559.339
23      Beverton-Holt 1410.427 1860.273 2535.361
24      Beverton-Holt 1438.757 1900.836 2606.272
25      Beverton-Holt 1417.102 1910.552 2712.042
26      Beverton-Holt 1425.963 1964.368 2857.412
27      Beverton-Holt 1390.542 2020.004 3126.178
28 Simplex projection 2211.868 3126.569 4646.108
29 Simplex projection 2305.720 3262.906 4771.994
30 Simplex projection 2157.302 3081.825 4581.643
31 Simplex projection 2063.969 2814.598 3831.737
32 Simplex projection 1706.225 2395.318 3217.709
33 Simplex projection 1834.114 2538.107 3640.600
34 Simplex projection 1830.688 2513.401 3630.145
35 Simplex projection 1905.156 2632.302 3859.399
36 Simplex projection 1713.627 2587.954 4015.401

