$short_forecast_quants
               method    low_ci   median    up_ci
1                Mean 129888.36 203494.5 323930.3
2                Mean 125432.25 202507.1 339247.2
3                Mean 122724.12 200999.6 339011.6
4                Mean 120208.31 197930.1 323781.8
5                Mean 126120.05 197347.9 317410.2
6                Mean 120999.10 195679.2 316124.9
7                Mean 119080.57 200813.8 325740.5
8                Mean 114915.31 205982.4 353874.2
9                Mean 119262.68 200039.0 339853.2
10               Mean 128955.99 204791.6 336345.5
11               Mean 124422.60 202685.5 341781.9
12               Mean 122461.37 202594.3 345850.6
13               Mean 118804.01 203067.1 336981.4
14               Mean 121708.04 201491.0 329749.3
15               Mean 125388.03 198374.9 331967.2
16               Mean 127712.81 198626.4 329373.8
17               Mean 127733.46 199488.3 317640.5
18              AR(1) 103058.24 148294.0 218595.0
19              AR(1) 103410.32 146964.6 216290.1
20              AR(1) 100537.84 145754.6 214331.4
21              AR(1) 114787.84 166874.4 246836.1
22              AR(1) 136381.59 196752.1 288591.9
23              AR(1) 165087.58 231889.0 338669.3
24              AR(1) 197392.95 293693.0 429200.7
25              AR(1) 161420.78 239377.7 368507.5
26              AR(1) 136969.80 202542.2 303907.7
27              AR(1) 157179.23 226701.6 338929.1
28              AR(1) 119394.24 175098.1 262430.1
29              AR(1) 121484.42 177417.8 253742.5
30              AR(1) 137691.06 201197.0 288892.3
31              AR(1) 142820.99 204464.8 296215.7
32              AR(1) 139400.02 202533.4 286977.9
33              AR(1) 141092.59 204739.0 289131.1
34              AR(1) 141717.92 205578.7 291376.6
35      Beverton-Holt 133399.17 205763.5 319581.1
36      Beverton-Holt 125378.05 201505.2 329593.8
37      Beverton-Holt 123047.20 199980.0 323175.4
38      Beverton-Holt 116692.65 197004.1 318583.4
39      Beverton-Holt 120007.31 199068.1 329747.4
40      Beverton-Holt 117684.27 197939.1 315627.9
41      Beverton-Holt 121432.16 201670.7 337981.2
42      Beverton-Holt 124609.33 204275.9 340645.7
43      Beverton-Holt 126491.71 200835.3 346338.2
44      Beverton-Holt 126819.36 201703.6 337459.9
45      Beverton-Holt 126615.37 205042.5 331305.9
46      Beverton-Holt 124745.58 198423.4 321401.9
47      Beverton-Holt 124531.49 199892.8 326504.6
48      Beverton-Holt 122788.79 201981.0 324047.7
49      Beverton-Holt 126597.80 204652.5 329460.4
50      Beverton-Holt 123946.20 197871.4 318558.6
51      Beverton-Holt 127859.83 203463.7 321236.8
52 Simplex projection 120843.10 192756.3 306415.5
53 Simplex projection 101671.51 160319.4 261815.0
54 Simplex projection  99018.53 169529.0 280813.3
55 Simplex projection 129386.38 210040.3 336355.4
56 Simplex projection 124725.01 197986.7 322463.8
57 Simplex projection 142878.63 236967.7 397098.4
58 Simplex projection 149754.26 254603.9 422302.6
59 Simplex projection 154132.52 254535.9 406616.9
60 Simplex projection 131773.18 223845.5 379405.8
61 Simplex projection 114752.31 195365.2 334025.1
62 Simplex projection 101277.62 167422.6 275783.8
63 Simplex projection 105088.02 173786.2 279227.0
64 Simplex projection 113620.96 188007.9 308070.7
65 Simplex projection 131222.20 214051.6 353002.6
66 Simplex projection 118354.54 189036.9 307581.3
67 Simplex projection 144287.84 236852.8 386248.8
68 Simplex projection 157916.38 249121.7 397325.7

$short_cov_prob
              method coverage_prob
1               mean     0.8823529
2              AR(1)     1.0000000
3      Beverton-Holt     0.8823529
4 simplex projection     1.0000000

$mrae
   year             method      mrae
1     1               mean 2.6047935
2     2               mean 2.5723920
3     3               mean 1.9645424
4     4               mean 1.4009738
5     5               mean 1.9072593
6     6               mean 4.3330040
7     7               mean 1.9621076
8     8               mean 1.3973897
9     9               mean 1.5393396
10   10               mean 1.6422336
11   11               mean 1.4638691
12   12               mean 1.2466011
13   13               mean 1.2016679
14   14               mean 1.2163954
15   15               mean 1.2555146
16   16               mean 1.2558133
17   17               mean 1.2432253
18    1              AR(1) 0.9306716
19    2              AR(1) 0.8472357
20    3              AR(1) 0.7865093
21    4              AR(1) 1.1904149
22    5              AR(1) 1.7806608
23    6              AR(1) 3.1967267
24    7              AR(1) 1.7277605
25    8              AR(1) 1.4423265
26    9              AR(1) 1.2746233
27   10              AR(1) 2.0585755
28   11              AR(1) 0.8233386
29   12              AR(1) 0.9505997
30   13              AR(1) 0.9035357
31   14              AR(1) 0.9163407
32   15              AR(1) 0.8843452
33   16              AR(1) 0.9243584
34   17              AR(1) 0.9931595
35    1      Beverton-Holt 2.6682485
36    2      Beverton-Holt 2.5440665
37    3      Beverton-Holt 1.8656526
38    4      Beverton-Holt 1.3824094
39    5      Beverton-Holt 1.9171545
40    6      Beverton-Holt 4.2851238
41    7      Beverton-Holt 1.9077100
42    8      Beverton-Holt 1.2716625
43    9      Beverton-Holt 1.5233904
44   10      Beverton-Holt 1.6193355
45   11      Beverton-Holt 1.4751266
46   12      Beverton-Holt 1.1534218
47   13      Beverton-Holt 1.1569608
48   14      Beverton-Holt 1.2246645
49   15      Beverton-Holt 1.1949633
50   16      Beverton-Holt 1.2915167
51   17      Beverton-Holt 1.2621687
52    1 simplex projection 2.2554808
53    2 simplex projection 1.3165497
54    3 simplex projection 1.2527985
55    4 simplex projection 1.4793159
56    5 simplex projection 1.8889621
57    6 simplex projection 3.1582814
58    7 simplex projection 1.7277876
59    8 simplex projection 2.0019326
60    9 simplex projection 1.4498065
61   10 simplex projection 1.4991374
62   11 simplex projection 1.0199550
63   12 simplex projection 1.1783376
64   13 simplex projection 1.2098226
65   14 simplex projection 1.3401870
66   15 simplex projection 1.2579445
67   16 simplex projection 1.5998922
68   17 simplex projection 1.9047475

$long_forecast_quants
               method   low_ci   median    up_ci
1                Mean 126686.0 204322.2 314759.3
2                Mean 145621.4 205012.7 285007.0
3                Mean 145574.3 202283.2 272707.0
4                Mean 153406.5 200106.0 260608.7
5                Mean 151515.4 199916.2 259482.4
6                Mean 150092.8 196929.5 252898.8
7                Mean 151644.5 198428.1 257905.6
8                Mean 152646.0 197065.7 253431.6
9                Mean 152768.7 199916.7 266316.9
10               Mean 154315.2 200395.6 264082.1
11               Mean 153435.0 202327.0 262662.0
12               Mean 154472.7 203116.0 265415.6
13               Mean 153731.7 200478.4 262526.6
14               Mean 153909.1 202369.3 267858.8
15               Mean 145820.3 201948.1 280075.1
16               Mean 143283.2 203048.4 295262.7
17               Mean 123496.7 197954.0 319131.6
18              AR(1) 100072.2 146245.9 210097.4
19              AR(1) 117332.0 158632.9 208446.4
20              AR(1) 121686.4 161717.5 208938.5
21              AR(1) 139754.6 171902.1 210219.5
22              AR(1) 149719.5 183645.0 222665.5
23              AR(1) 155090.0 193394.2 240073.4
24              AR(1) 167862.7 209253.7 257173.7
25              AR(1) 177623.0 218607.9 270014.8
26              AR(1) 176153.2 216971.5 265674.3
27              AR(1) 178061.2 219279.6 264218.5
28              AR(1) 170147.6 208930.6 255047.2
29              AR(1) 158382.3 198350.8 246708.3
30              AR(1) 160349.9 197539.0 241441.3
31              AR(1) 162176.8 198248.0 246903.2
32              AR(1) 152120.2 198443.9 252922.5
33              AR(1) 151235.1 199881.9 266720.5
34              AR(1) 142013.4 201723.7 297138.7
35      Beverton-Holt 130644.6 199576.1 313773.9
36      Beverton-Holt 146886.6 206823.6 287719.9
37      Beverton-Holt 149524.5 201802.4 280819.6
38      Beverton-Holt 155813.3 201849.4 258036.5
39      Beverton-Holt 154696.3 197946.7 257334.1
40      Beverton-Holt 154407.9 199496.6 252519.2
41      Beverton-Holt 150786.7 197139.1 258490.7
42      Beverton-Holt 153577.7 196978.6 257446.4
43      Beverton-Holt 156672.7 200501.3 264304.7
44      Beverton-Holt 155070.4 202266.1 260757.6
45      Beverton-Holt 154934.7 201049.6 262148.0
46      Beverton-Holt 153711.4 201205.6 263543.9
47      Beverton-Holt 157760.5 202489.7 266302.4
48      Beverton-Holt 154477.7 202879.4 261512.4
49      Beverton-Holt 144707.7 200904.4 284998.9
50      Beverton-Holt 146487.4 207133.6 286233.2
51      Beverton-Holt 124783.3 202959.8 326673.4
52 Simplex projection 116873.3 189111.0 308750.3
53 Simplex projection 130476.8 181746.1 260081.2
54 Simplex projection 140119.0 196678.0 271777.8
55 Simplex projection 156884.8 204584.2 266632.8
56 Simplex projection 162021.0 212150.8 275910.3
57 Simplex projection 178538.1 236790.1 306902.2
58 Simplex projection 186620.6 246543.1 319200.3
59 Simplex projection 189725.1 245326.9 319402.0
60 Simplex projection 169351.8 220187.2 295074.0
61 Simplex projection 150601.2 197119.2 257736.4
62 Simplex projection 124699.3 165445.5 219635.6
63 Simplex projection 138115.3 181091.4 237980.1
64 Simplex projection 140457.4 185610.2 244640.1
65 Simplex projection 155218.9 205357.6 266240.3
66 Simplex projection 155171.3 219728.6 302733.6
67 Simplex projection 151788.7 218220.3 309754.8
68 Simplex projection 137740.2 229870.9 372674.7

$long_cov_prob
              method coverage_prob
1               mean     0.8235294
2              AR(1)     0.7647059
3      Beverton-Holt     0.8235294
4 simplex projection     0.9411765

$yr_trend
               method   low_ci   median    up_ci
1                Mean 176575.8 203881.5 237511.8
2                Mean 176595.4 202550.2 229008.1
3                Mean 177605.4 201082.5 228153.2
4                Mean 178004.0 200215.3 225074.7
5                Mean 177292.7 199684.5 225136.1
6                Mean 176312.1 200775.7 225195.9
7                Mean 177914.6 201876.6 227496.4
8                Mean 178822.3 202090.2 227154.3
9                Mean 181031.3 202618.3 228888.7
10               Mean 180051.3 202975.7 229629.3
11               Mean 179338.2 203363.0 230333.8
12               Mean 178335.6 204163.1 234224.5
13               Mean 174379.5 203588.2 237253.7
14              AR(1) 146692.1 165390.7 187781.3
15              AR(1) 157141.0 174875.8 192853.5
16              AR(1) 167372.0 184439.2 204448.8
17              AR(1) 178492.2 195931.2 216142.8
18              AR(1) 187687.1 204981.4 225953.2
19              AR(1) 193001.6 212459.9 232338.5
20              AR(1) 195934.5 215523.6 236108.4
21              AR(1) 193159.3 213323.5 233572.7
22              AR(1) 190528.0 209065.8 229936.7
23              AR(1) 187008.2 205773.0 225460.4
24              AR(1) 183148.9 201296.8 221512.4
25              AR(1) 180903.6 200040.8 221378.1
26              AR(1) 178986.4 200572.4 227363.8
27      Beverton-Holt 176247.5 203027.9 238377.3
28      Beverton-Holt 179282.9 202614.2 230337.2
29      Beverton-Holt 176994.5 201551.6 226352.6
30      Beverton-Holt 178595.1 200630.4 224238.2
31      Beverton-Holt 178651.0 200721.8 222566.9
32      Beverton-Holt 178640.5 201279.7 225349.2
33      Beverton-Holt 178714.0 201154.5 226927.3
34      Beverton-Holt 180143.8 202390.2 226966.8
35      Beverton-Holt 181517.4 202838.8 229323.1
36      Beverton-Holt 182347.3 203298.8 230967.4
37      Beverton-Holt 179691.2 203711.1 232238.4
38      Beverton-Holt 180044.2 204869.6 233678.2
39      Beverton-Holt 177461.8 205134.2 242087.8
40 Simplex projection 172851.1 199147.3 233393.3
41 Simplex projection 183483.4 207749.2 238944.9
42 Simplex projection 195718.9 220182.4 250296.4
43 Simplex projection 203666.4 230378.7 259963.6
44 Simplex projection 208114.7 233383.5 263489.3
45 Simplex projection 204747.9 229866.7 259890.9
46 Simplex projection 192533.0 216337.5 244650.0
47 Simplex projection 180992.5 203650.8 229893.4
48 Simplex projection 169622.5 191263.9 216963.7
49 Simplex projection 167219.0 187994.7 212016.6
50 Simplex projection 170351.3 192726.9 220535.3
51 Simplex projection 178096.9 203611.8 233917.0
52 Simplex projection 182358.4 213073.7 253749.1

