$short_forecast_quants
               method    low_ci    median    up_ci
1                Mean 328.73879 1352.0158 5427.629
2                Mean 345.53417 1340.0662 5110.629
3                Mean 365.18299 1358.4610 4719.517
4                Mean 383.95601 1349.9463 4824.527
5                Mean 346.37850 1273.6272 4782.323
6                Mean 381.35564 1314.7368 4500.406
7                Mean 336.14115 1273.0737 5094.373
8                Mean 326.69447 1282.6516 4683.822
9                Mean 335.88503 1146.8239 4532.491
10               Mean 306.61783 1156.0269 4930.480
11               Mean 327.15323 1242.6225 4874.023
12               Mean 283.39179 1177.4112 4690.909
13               Mean 294.79509 1195.9908 4465.087
14               Mean 312.17765 1212.7726 4701.835
15               Mean 357.66337 1253.8944 4175.398
16               Mean 329.53363 1233.4692 4608.051
17               Mean 362.89120 1285.6627 4727.485
18               Mean 317.86460 1282.4275 4565.416
19               Mean 339.03763 1220.4053 4828.367
20               Mean 342.07183 1208.1438 4560.902
21               Mean 335.51890 1254.9646 4296.314
22               Mean 335.03059 1209.2787 4776.409
23              AR(1) 255.67418  858.2285 2849.199
24              AR(1) 455.36491 1472.3767 4539.599
25              AR(1) 356.51218 1188.9912 4125.260
26              AR(1) 397.13348 1181.5561 4105.613
27              AR(1) 328.66588 1031.3141 3297.574
28              AR(1) 322.47750  996.0016 3101.637
29              AR(1) 229.95465  731.7556 2402.956
30              AR(1) 225.41986  755.2154 2413.662
31              AR(1) 184.08730  631.2759 1999.889
32              AR(1) 275.36446  968.4277 2856.077
33              AR(1) 471.75610 1559.3954 4941.959
34              AR(1) 419.03029 1336.6137 4245.548
35              AR(1) 555.12681 1787.5854 6075.535
36              AR(1) 500.38076 1420.5669 4243.436
37              AR(1) 479.14896 1460.2604 4354.860
38              AR(1) 554.36689 1871.9990 5650.544
39              AR(1) 383.13333 1241.0804 3925.284
40              AR(1) 346.11523 1095.7119 3291.005
41              AR(1) 383.64634 1134.0937 3377.192
42              AR(1) 457.75353 1342.5337 3853.976
43              AR(1) 332.33038  967.5371 2963.451
44              AR(1) 342.79698  991.9224 2854.370
45      Beverton-Holt 266.40206  686.8389 1728.883
46      Beverton-Holt 267.86827  679.5034 1707.809
47      Beverton-Holt 270.41177  684.4703 1762.498
48      Beverton-Holt 272.40188  745.6983 1941.863
49      Beverton-Holt 285.07755  771.4871 1860.101
50      Beverton-Holt 292.17473  746.7981 1848.358
51      Beverton-Holt 277.34835  713.3750 1732.319
52      Beverton-Holt 281.03068  685.8462 1723.512
53      Beverton-Holt 273.14663  661.7812 1724.380
54      Beverton-Holt 268.56214  664.1570 1723.477
55      Beverton-Holt 304.70353  735.4874 1953.262
56      Beverton-Holt 297.86026  766.9965 2017.725
57      Beverton-Holt 305.65903  830.3330 2271.522
58      Beverton-Holt 347.07532  907.7604 2441.191
59      Beverton-Holt 354.30859 1023.0256 2766.412
60      Beverton-Holt 395.34113 1170.0387 3205.465
61      Beverton-Holt 474.82086 1270.6620 3636.767
62      Beverton-Holt 476.86664 1336.4014 3639.390
63      Beverton-Holt 482.78684 1407.2308 3984.804
64      Beverton-Holt 529.88081 1440.5926 4088.805
65      Beverton-Holt 500.50971 1470.7551 4125.843
66      Beverton-Holt 569.92360 1509.0522 4233.023
67 Simplex projection 139.34091  521.9466 1941.662
68 Simplex projection 512.19108 1891.2629 7610.472
69 Simplex projection 351.48570 1329.1921 4880.876
70 Simplex projection 281.69583 1073.6067 4081.835
71 Simplex projection 136.68677  513.3819 1859.620
72 Simplex projection 160.87458  587.7990 2155.535
73 Simplex projection 216.54675  825.5826 3132.693
74 Simplex projection 187.17722  638.6357 2247.551
75 Simplex projection  98.71711  415.5482 1715.781
76 Simplex projection 429.08579 1561.1599 6092.048
77 Simplex projection 453.46876 1750.4373 6657.053
78 Simplex projection 338.55883 1207.3236 4915.802
79 Simplex projection 543.82957 2190.5511 7789.331
80 Simplex projection 504.61433 1981.4409 6826.460
81 Simplex projection 323.31490 1018.3350 3845.929
82 Simplex projection 422.53145 1636.2135 6341.239
83 Simplex projection 437.29831 1504.6172 5220.879
84 Simplex projection 361.70142 1356.4622 4550.236
85 Simplex projection 209.56333  837.6776 3283.412
86 Simplex projection 535.54556 1909.3022 6923.517
87 Simplex projection 143.35286  480.6331 1711.259
88 Simplex projection 376.39104 1323.4724 4728.630

$short_cov_prob
              method coverage_prob
1               mean     1.0000000
2              AR(1)     1.0000000
3      Beverton-Holt     0.9090909
4 simplex projection     1.0000000

$mrae
   year             method      mrae
1     1               mean 1.1611759
2     2               mean 1.1430726
3     3               mean 1.1035226
4     4               mean 1.3275824
5     5               mean 1.2287676
6     6               mean 1.6013182
7     7               mean 1.5843561
8     8               mean 1.7434213
9     9               mean 1.1822819
10   10               mean 1.5108992
11   11               mean 1.1730560
12   12               mean 1.9908482
13   13               mean 1.0914390
14   14               mean 1.2240646
15   15               mean 2.0047302
16   16               mean 1.1104865
17   17               mean 1.2112752
18   18               mean 1.1348950
19   19               mean 1.1372915
20   20               mean 1.2641504
21   21               mean 1.2377747
22   22               mean 1.2706666
23    1              AR(1) 0.8866503
24    2              AR(1) 1.0598117
25    3              AR(1) 0.8698733
26    4              AR(1) 1.0406099
27    5              AR(1) 0.7884586
28    6              AR(1) 1.0784194
29    7              AR(1) 0.6427954
30    8              AR(1) 0.7881980
31    9              AR(1) 0.5464333
32   10              AR(1) 1.3751121
33   11              AR(1) 1.2211650
34   12              AR(1) 1.7612777
35   13              AR(1) 1.3902851
36   14              AR(1) 1.0624350
37   15              AR(1) 1.7612069
38   16              AR(1) 1.7160367
39   17              AR(1) 0.9685931
40   18              AR(1) 0.8012605
41   19              AR(1) 0.8713836
42   20              AR(1) 1.2480613
43   21              AR(1) 0.7282224
44   22              AR(1) 1.0282616
45    1      Beverton-Holt 0.9739969
46    2      Beverton-Holt 0.5021369
47    3      Beverton-Holt 0.5103418
48    4      Beverton-Holt 0.3871937
49    5      Beverton-Holt 0.4148116
50    6      Beverton-Holt 0.5759367
51    7      Beverton-Holt 0.4923481
52    8      Beverton-Holt 0.6158562
53    9      Beverton-Holt 0.4607538
54   10      Beverton-Holt 1.7581892
55   11      Beverton-Holt 0.9403068
56   12      Beverton-Holt 2.4379241
57   13      Beverton-Holt 0.9674281
58   14      Beverton-Holt 1.0521133
59   15      Beverton-Holt 2.1247106
60   16      Beverton-Holt 0.7732714
61   17      Beverton-Holt 0.9605889
62   18      Beverton-Holt 0.9467313
63   19      Beverton-Holt 0.9538341
64   20      Beverton-Holt 1.3693849
65   21      Beverton-Holt 1.3540066
66   22      Beverton-Holt 0.9971756
67    1 simplex projection 1.1560053
68    2 simplex projection 1.8434531
69    3 simplex projection 1.0638106
70    4 simplex projection 0.9186989
71    5 simplex projection 0.5117342
72    6 simplex projection 0.5339121
73    7 simplex projection 0.8558462
74    8 simplex projection 0.6860117
75    9 simplex projection 0.6624043
76   10 simplex projection 1.5547310
77   11 simplex projection 1.6990739
78   12 simplex projection 2.0099273
79   13 simplex projection 2.1519468
80   14 simplex projection 1.7192777
81   15 simplex projection 2.2016173
82   16 simplex projection 1.6142895
83   17 simplex projection 1.4994659
84   18 simplex projection 1.2007305
85   19 simplex projection 0.9854549
86   20 simplex projection 2.4752022
87   21 simplex projection 0.5877991
88   22 simplex projection 1.2407345

$long_forecast_quants
               method    low_ci    median    up_ci
1                Mean  368.0059 1373.3102 5506.197
2                Mean  544.0441 1479.3349 4364.515
3                Mean  561.0475 1343.1911 3188.449
4                Mean  680.2157 1388.4085 2858.470
5                Mean  650.0984 1370.9225 2734.306
6                Mean  686.6240 1342.5381 2788.885
7                Mean  656.4800 1331.6848 2506.670
8                Mean  668.0932 1272.0049 2514.710
9                Mean  599.9567 1264.2811 2702.199
10               Mean  571.5580 1245.6891 2385.238
11               Mean  592.3498 1212.1175 2548.333
12               Mean  537.9071 1155.4790 2492.142
13               Mean  568.6263 1183.5260 2422.065
14               Mean  595.7880 1172.0268 2385.556
15               Mean  591.2908 1216.6638 2439.705
16               Mean  568.1698 1211.3182 2525.011
17               Mean  577.2537 1204.7630 2460.903
18               Mean  616.8096 1225.6317 2435.832
19               Mean  648.5096 1279.7998 2868.684
20               Mean  527.2577 1251.3745 3035.549
21               Mean  534.0504 1380.8892 3495.911
22               Mean  354.3653 1307.0908 4469.286
23              AR(1)  250.4067  867.9874 2919.597
24              AR(1)  583.1605 1395.0476 3401.220
25              AR(1)  565.6637 1242.7291 2759.091
26              AR(1)  686.1608 1311.9711 2636.714
27              AR(1)  652.2436 1241.2050 2372.634
28              AR(1)  692.9647 1257.7452 2277.537
29              AR(1)  586.5839 1136.9367 2195.465
30              AR(1)  589.2175 1101.0651 2082.817
31              AR(1)  538.2021 1024.5505 2064.071
32              AR(1)  536.1939 1024.5540 1973.707
33              AR(1)  624.9407 1165.2062 2196.027
34              AR(1)  657.5923 1190.1328 2191.031
35              AR(1)  679.2341 1273.1938 2345.895
36              AR(1)  684.9159 1293.6782 2338.620
37              AR(1)  705.4461 1323.0571 2405.068
38              AR(1)  715.0348 1390.6295 2593.868
39              AR(1)  708.0314 1310.6451 2385.403
40              AR(1)  673.5770 1228.8041 2330.616
41              AR(1)  681.1270 1267.7627 2318.771
42              AR(1)  576.9197 1264.3183 2585.044
43              AR(1)  596.4981 1321.1087 3015.887
44              AR(1)  392.4502 1230.1147 3389.639
45      Beverton-Holt  254.5895  690.1706 1835.917
46      Beverton-Holt  371.7745  728.6272 1491.435
47      Beverton-Holt  355.5925  676.8045 1327.648
48      Beverton-Holt  428.3399  716.5547 1168.900
49      Beverton-Holt  439.3366  717.9174 1154.119
50      Beverton-Holt  436.2633  721.0675 1236.033
51      Beverton-Holt  434.6768  710.4863 1171.849
52      Beverton-Holt  443.8761  728.5623 1236.157
53      Beverton-Holt  426.8660  715.6747 1208.850
54      Beverton-Holt  449.1665  714.4228 1179.623
55      Beverton-Holt  428.7586  706.9854 1159.811
56      Beverton-Holt  417.4591  738.9918 1228.542
57      Beverton-Holt  455.5153  778.7494 1259.327
58      Beverton-Holt  534.0766  855.9918 1426.146
59      Beverton-Holt  574.1156  971.1383 1696.300
60      Beverton-Holt  649.8397 1132.6827 2023.041
61      Beverton-Holt  688.0504 1224.3575 2144.011
62      Beverton-Holt  764.5226 1325.1492 2247.118
63      Beverton-Holt  790.9285 1412.4342 2571.099
64      Beverton-Holt  731.7072 1474.0075 2910.197
65      Beverton-Holt  759.4956 1610.9460 3347.026
66      Beverton-Holt  525.0510 1509.5393 4610.714
67 Simplex projection  133.9769  544.8140 1944.087
68 Simplex projection  820.6000 2256.6810 6223.090
69 Simplex projection  512.9181 1346.5669 3446.620
70 Simplex projection  609.4024 1224.6345 2685.908
71 Simplex projection  243.5433  493.7985 1039.710
72 Simplex projection  276.9568  524.7046 1033.576
73 Simplex projection  382.1015  784.3066 1572.457
74 Simplex projection  328.8741  615.0412 1232.010
75 Simplex projection  331.4210  666.0456 1443.350
76 Simplex projection  737.3549 1506.5517 3079.427
77 Simplex projection  863.3729 1906.4949 3975.355
78 Simplex projection  600.8009 1210.4712 2514.256
79 Simplex projection 1039.6164 2199.4423 4407.997
80 Simplex projection  988.1878 1988.6645 3966.083
81 Simplex projection  592.6925 1202.5691 2428.901
82 Simplex projection  843.5595 1778.9087 3878.348
83 Simplex projection  652.1809 1379.1018 2905.774
84 Simplex projection  625.6373 1263.9513 2600.008
85 Simplex projection  454.0079  917.1602 1957.183
86 Simplex projection  778.3963 1863.3706 4657.184
87 Simplex projection  206.0827  528.8690 1317.702
88 Simplex projection  411.8275 1340.6710 4604.352

$long_cov_prob
              method coverage_prob
1               mean     0.7727273
2              AR(1)     0.7727273
3      Beverton-Holt     0.6363636
4 simplex projection     0.8636364

$yr_trend
               method    low_ci    median     up_ci
1                Mean  999.3511 1513.7447 2590.1265
2                Mean 1021.2893 1477.2294 2278.2617
3                Mean 1044.9735 1441.5871 2033.0832
4                Mean 1041.8288 1419.7845 1927.6715
5                Mean 1003.9166 1396.2304 1888.6543
6                Mean  993.3608 1358.9292 1812.6980
7                Mean  967.8278 1320.5089 1849.4547
8                Mean  951.9117 1285.0432 1835.2991
9                Mean  920.5388 1263.1120 1845.8422
10               Mean  912.9994 1251.6170 1797.2739
11               Mean  910.0917 1267.5940 1754.5482
12               Mean  909.9937 1265.3831 1741.3798
13               Mean  927.4525 1266.9254 1747.6085
14               Mean  931.7855 1270.8128 1761.9486
15               Mean  958.5178 1291.0638 1829.1882
16               Mean  930.2979 1303.1639 1868.8968
17               Mean  951.2096 1341.5062 1993.9312
18               Mean  922.3828 1384.5854 2229.0204
19              AR(1)  882.8611 1299.6797 1920.6486
20              AR(1)  999.8097 1356.3899 1924.8965
21              AR(1)  960.0244 1291.3432 1762.2448
22              AR(1)  945.2452 1258.0001 1704.5901
23              AR(1)  914.4690 1192.9113 1622.3941
24              AR(1)  879.5507 1148.5546 1560.2807
25              AR(1)  838.0795 1138.2978 1545.8162
26              AR(1)  856.4404 1150.1281 1545.6497
27              AR(1)  903.4169 1190.9361 1628.8630
28              AR(1)  939.6865 1246.1977 1687.1628
29              AR(1) 1001.4965 1295.2774 1734.6698
30              AR(1) 1054.1254 1341.1357 1772.9580
31              AR(1) 1046.2835 1372.2048 1815.9063
32              AR(1) 1043.5248 1359.7523 1761.9650
33              AR(1) 1040.2629 1359.0899 1793.9250
34              AR(1) 1026.4881 1348.9697 1821.6845
35              AR(1) 1001.0671 1343.3267 1848.4698
36              AR(1)  966.9547 1333.1405 1949.4221
37      Beverton-Holt  545.9287  743.6861 1047.9237
38      Beverton-Holt  565.1839  739.4316  958.5073
39      Beverton-Holt  576.5063  735.2979  920.9178
40      Beverton-Holt  591.8951  738.8740  919.3043
41      Beverton-Holt  593.4569  735.0609  926.7372
42      Beverton-Holt  603.1692  733.2332  924.1100
43      Beverton-Holt  585.1031  731.3906  925.9948
44      Beverton-Holt  597.3874  736.3243  929.0147
45      Beverton-Holt  601.9824  749.9954  935.6769
46      Beverton-Holt  629.6274  777.4711  972.4468
47      Beverton-Holt  655.4425  832.7440 1044.5989
48      Beverton-Holt  720.4559  911.9520 1170.2981
49      Beverton-Holt  811.5550 1012.5464 1324.1535
50      Beverton-Holt  893.9577 1124.9491 1463.4103
51      Beverton-Holt  962.7261 1236.0929 1632.3774
52      Beverton-Holt 1055.9333 1361.8786 1829.4202
53      Beverton-Holt 1103.4688 1466.5729 2024.1880
54      Beverton-Holt 1125.3577 1548.4520 2280.2613
55 Simplex projection  795.1959 1265.4936 2125.9873
56 Simplex projection  807.2606 1246.3051 2125.2713
57 Simplex projection  623.4633  931.2239 1463.9277
58 Simplex projection  551.3491  768.6752 1123.4853
59 Simplex projection  467.7729  647.9059  900.7450
60 Simplex projection  622.8027  864.2098 1210.3997
61 Simplex projection  822.1129 1146.8836 1675.8382
62 Simplex projection  895.5976 1242.2753 1807.8087
63 Simplex projection 1126.2236 1558.1360 2240.8767
64 Simplex projection 1304.4336 1844.0738 2623.9599
65 Simplex projection 1287.7085 1789.4780 2445.4201
66 Simplex projection 1271.2083 1755.3422 2434.6467
67 Simplex projection 1302.1458 1798.0398 2452.7894
68 Simplex projection 1156.8769 1613.3208 2234.5892
69 Simplex projection  994.1277 1395.5550 1900.6465
70 Simplex projection 1053.1717 1539.8998 2208.1866
71 Simplex projection  878.3277 1265.9692 1938.4830
72 Simplex projection  850.5538 1290.0170 2174.7771

