$short_forecast_quants
                method    low_ci    median    up_ci
1                 Mean  6235.159 15907.193 35508.21
2                 Mean  6928.399 15397.168 37522.21
3                 Mean  6766.121 15031.350 35805.98
4                 Mean  6645.434 15354.902 34434.71
5                 Mean  6793.203 15307.677 35954.95
6                 Mean  6762.321 14941.776 34405.02
7                 Mean  6567.286 14814.972 33974.71
8                 Mean  6776.573 15266.261 33457.64
9                 Mean  7061.615 14472.693 31752.32
10                Mean  6402.950 14501.925 31298.03
11                Mean  6608.101 14348.442 30857.11
12                Mean  6472.387 14283.707 32030.28
13                Mean  6258.931 14567.272 30812.75
14                Mean  6710.004 14482.412 32773.66
15                Mean  6447.021 14745.670 32986.43
16                Mean  6941.669 14518.442 30044.81
17                Mean  6578.111 14512.109 31469.24
18                Mean  6384.146 14529.256 33183.64
19                Mean  6540.737 14129.240 31278.89
20                Mean  6573.306 14178.799 30662.39
21                Mean  6384.335 14210.939 31005.44
22                Mean  6720.863 14579.288 33045.21
23                Mean  6751.261 14582.107 29776.51
24                Mean  6700.243 14082.734 30286.95
25                Mean  6542.541 14043.264 30290.18
26                Mean  6794.595 14460.648 31174.79
27                Mean  6269.755 13695.777 30514.69
28                Mean  6393.848 13809.453 30503.78
29                Mean  6426.742 14363.859 30429.90
30                Mean  5854.255 13806.206 29545.16
31                Mean  6387.757 13806.668 30897.60
32                Mean  6165.302 13774.336 28379.51
33               AR(1)  5461.201 11157.845 22469.01
34               AR(1)  5669.236 11649.721 24552.60
35               AR(1)  7285.815 14098.159 27741.75
36               AR(1)  6953.045 13370.242 26997.20
37               AR(1)  5828.187 11392.239 22270.76
38               AR(1)  6141.804 12126.130 24048.54
39               AR(1)  7037.668 14009.692 27327.16
40               AR(1)  7903.692 15247.183 28550.44
41               AR(1)  6156.585 11764.600 22074.77
42               AR(1)  6225.295 11536.034 22966.26
43               AR(1)  6082.479 11694.072 22718.59
44               AR(1)  9249.799 17810.387 32616.44
45               AR(1)  8870.801 17316.455 32242.97
46               AR(1)  8585.601 15788.566 29472.40
47               AR(1)  7114.862 13238.004 24278.10
48               AR(1)  6086.094 12085.730 22274.66
49               AR(1)  7332.083 13489.757 25052.77
50               AR(1)  4671.182  8711.158 16722.78
51               AR(1)  6974.290 13791.172 26606.43
52               AR(1)  6230.763 11954.766 23136.99
53               AR(1) 10354.548 20749.583 41496.69
54               AR(1)  7832.981 14844.413 29532.30
55               AR(1)  7605.430 15033.934 29790.98
56               AR(1)  6416.783 12416.901 23592.05
57               AR(1)  6309.079 12399.171 24521.33
58               AR(1)  9043.859 17422.753 34247.32
59               AR(1)  5278.651 11130.145 22405.11
60               AR(1)  5842.195 12284.550 24368.89
61               AR(1)  6665.780 13408.893 28980.81
62               AR(1)  5707.917 11986.921 24131.41
63               AR(1)  7844.525 15631.255 32850.51
64               AR(1)  5268.489 11229.895 24209.21
65       Beverton-Holt  5500.505 12206.584 26166.30
66       Beverton-Holt  4821.857 10837.227 24070.82
67       Beverton-Holt  4666.096 10349.327 23159.42
68       Beverton-Holt  4508.284  9439.579 19398.26
69       Beverton-Holt  4879.702  9926.132 20370.37
70       Beverton-Holt  4763.679 10177.416 21939.56
71       Beverton-Holt  5370.260 10889.706 23917.96
72       Beverton-Holt  5508.897 11394.959 24051.72
73       Beverton-Holt  5703.783 11765.967 23899.63
74       Beverton-Holt  5944.111 12371.047 24812.30
75       Beverton-Holt  6149.766 12285.643 25788.14
76       Beverton-Holt  6075.059 12695.963 25889.93
77       Beverton-Holt  6531.093 13382.669 26725.37
78       Beverton-Holt  7197.263 13779.595 30205.12
79       Beverton-Holt  7278.019 14074.446 29177.63
80       Beverton-Holt  7415.852 14963.330 29323.78
81       Beverton-Holt  7548.280 15698.440 31136.36
82       Beverton-Holt  6979.652 15062.826 30570.83
83       Beverton-Holt  7125.661 14756.469 29874.23
84       Beverton-Holt  7262.562 14566.942 29967.12
85       Beverton-Holt  6896.292 14335.250 29014.61
86       Beverton-Holt  7204.922 14208.917 30638.50
87       Beverton-Holt  6808.207 14510.092 31265.54
88       Beverton-Holt  7582.276 15525.436 31901.71
89       Beverton-Holt  7478.491 15222.891 30122.49
90       Beverton-Holt  7393.205 15864.267 32925.93
91       Beverton-Holt  7275.112 15429.894 32535.55
92       Beverton-Holt  7170.839 15048.404 32264.81
93       Beverton-Holt  6966.053 15446.990 31799.58
94       Beverton-Holt  6757.572 14460.622 29540.55
95       Beverton-Holt  7012.011 14527.691 29805.23
96       Beverton-Holt  6769.696 14504.424 31073.44
97  Simplex projection  6051.881 14348.594 31026.74
98  Simplex projection  4813.195 11430.274 26706.06
99  Simplex projection  4055.683  9751.128 22524.40
100 Simplex projection  6383.226 15330.628 35093.75
101 Simplex projection  4571.006 10239.526 22496.99
102 Simplex projection  5135.362 12025.022 29104.84
103 Simplex projection  3923.301  9061.796 20619.87
104 Simplex projection 10610.530 24454.388 54269.89
105 Simplex projection  4487.839  9563.712 21632.79
106 Simplex projection  6408.423 13932.778 29195.74
107 Simplex projection  5069.124 10798.932 24414.25
108 Simplex projection  7562.062 16028.430 34982.51
109 Simplex projection  7268.090 16996.820 37509.26
110 Simplex projection  7459.044 15642.529 33811.27
111 Simplex projection  6683.634 14327.147 28988.52
112 Simplex projection  4647.288 10546.400 25199.88
113 Simplex projection  5964.680 12476.186 27340.31
114 Simplex projection  3775.761  8210.559 19268.22
115 Simplex projection  5662.797 11779.995 25669.71
116 Simplex projection  6485.534 13642.053 28830.63
117 Simplex projection 11958.790 26007.186 56918.66
118 Simplex projection  6066.316 13095.745 28390.59
119 Simplex projection  6770.976 14704.523 32037.66
120 Simplex projection  6011.532 12445.940 28226.56
121 Simplex projection  7360.567 15443.960 34009.26
122 Simplex projection  9002.524 18615.224 41265.27
123 Simplex projection  5328.831 11442.529 25718.94
124 Simplex projection  5212.720 11587.692 26539.96
125 Simplex projection  4317.234  9794.959 21234.30
126 Simplex projection  5818.191 12263.939 26887.02
127 Simplex projection  5401.349 11923.597 25411.15
128 Simplex projection  5522.259 11043.558 25351.44

$short_cov_prob
              method coverage_prob
1               mean       0.96875
2              AR(1)       0.87500
3      Beverton-Holt       0.96875
4 simplex projection       0.90625

$mrae
    year             method      mrae
1      1               mean 1.5026401
2      2               mean 1.1270271
3      3               mean 1.1271049
4      4               mean 1.4474043
5      5               mean 1.4131245
6      6               mean 1.1186067
7      7               mean 1.0796344
8      8               mean 1.4297973
9      9               mean 1.2543662
10    10               mean 1.2654867
11    11               mean 1.3813836
12    12               mean 1.3595870
13    13               mean 1.1378881
14    14               mean 1.1390463
15    15               mean 1.4447000
16    16               mean 1.0703272
17    17               mean 2.1174752
18    18               mean 1.1377541
19    19               mean 1.2606772
20    20               mean 3.2315929
21    21               mean 1.0312577
22    22               mean 0.9742511
23    23               mean 1.1652559
24    24               mean 1.1257255
25    25               mean 1.5979899
26    26               mean 1.5910791
27    27               mean 1.1555110
28    28               mean 0.9274645
29    29               mean 1.1721339
30    30               mean 1.2012435
31    31               mean 1.4171632
32    32               mean 0.9153328
33     1              AR(1) 0.6329396
34     2              AR(1) 0.7130901
35     3              AR(1) 0.8583533
36     4              AR(1) 0.9835424
37     5              AR(1) 0.6549800
38     6              AR(1) 0.7240868
39     7              AR(1) 0.8375032
40     8              AR(1) 1.3029148
41     9              AR(1) 0.6970392
42    10              AR(1) 0.7017631
43    11              AR(1) 1.5962248
44    12              AR(1) 1.0298225
45    13              AR(1) 1.0144385
46    14              AR(1) 1.1294932
47    15              AR(1) 0.9808492
48    16              AR(1) 0.7091348
49    17              AR(1) 1.7605620
50    18              AR(1) 1.0580637
51    19              AR(1) 1.0437662
52    20              AR(1) 3.8022168
53    21              AR(1) 1.6236936
54    22              AR(1) 0.8420765
55    23              AR(1) 1.1766823
56    24              AR(1) 0.7708603
57    25              AR(1) 1.8431800
58    26              AR(1) 2.1995183
59    27              AR(1) 0.6792132
60    28              AR(1) 0.7511991
61    29              AR(1) 0.9999272
62    30              AR(1) 1.3525405
63    31              AR(1) 1.7932675
64    32              AR(1) 1.0424275
65     1      Beverton-Holt 0.8407896
66     2      Beverton-Holt 0.7709021
67     3      Beverton-Holt 0.7069155
68     4      Beverton-Holt 0.5951222
69     5      Beverton-Holt 0.6052633
70     6      Beverton-Holt 0.8266291
71     7      Beverton-Holt 1.0532703
72     8      Beverton-Holt 0.8113383
73     9      Beverton-Holt 0.7700427
74    10      Beverton-Holt 0.8633239
75    11      Beverton-Holt 1.5047498
76    12      Beverton-Holt 1.4706147
77    13      Beverton-Holt 1.0271669
78    14      Beverton-Holt 0.9888873
79    15      Beverton-Holt 1.2619495
80    16      Beverton-Holt 1.0515816
81    17      Beverton-Holt 2.2642812
82    18      Beverton-Holt 1.1264368
83    19      Beverton-Holt 1.2952624
84    20      Beverton-Holt 3.1630312
85    21      Beverton-Holt 0.9177736
86    22      Beverton-Holt 0.8933009
87    23      Beverton-Holt 1.1817319
88    24      Beverton-Holt 1.2527410
89    25      Beverton-Holt 1.4403386
90    26      Beverton-Holt 1.8644600
91    27      Beverton-Holt 1.3632577
92    28      Beverton-Holt 0.9937172
93    29      Beverton-Holt 1.3698994
94    30      Beverton-Holt 1.1345990
95    31      Beverton-Holt 1.5444865
96    32      Beverton-Holt 0.9839815
97     1 simplex projection 1.1530815
98     2 simplex projection 0.8071500
99     3 simplex projection 0.7554570
100    4 simplex projection 1.4403941
101    5 simplex projection 0.7030729
102    6 simplex projection 0.9184143
103    7 simplex projection 1.3076239
104    8 simplex projection 3.3702048
105    9 simplex projection 0.6851188
106   10 simplex projection 1.1433668
107   11 simplex projection 1.7556496
108   12 simplex projection 1.2986325
109   13 simplex projection 1.2802797
110   14 simplex projection 1.2803342
111   15 simplex projection 1.3142165
112   16 simplex projection 0.9260997
113   17 simplex projection 1.6218165
114   18 simplex projection 1.1658883
115   19 simplex projection 0.8905311
116   20 simplex projection 3.3866482
117   21 simplex projection 2.7450973
118   22 simplex projection 0.9786262
119   23 simplex projection 1.2163048
120   24 simplex projection 0.8897468
121   25 simplex projection 1.5001112
122   26 simplex projection 2.5232315
123   27 simplex projection 0.8006807
124   28 simplex projection 0.8370728
125   29 simplex projection 0.6398748
126   30 simplex projection 1.3295719
127   31 simplex projection 1.0567823
128   32 simplex projection 1.0884394

$long_forecast_quants
                method    low_ci    median    up_ci
1                 Mean  6614.170 15152.528 37391.83
2                 Mean  8983.690 16537.863 30110.51
3                 Mean  8890.798 15531.940 26807.10
4                 Mean  9964.072 15650.621 25386.18
5                 Mean  9822.133 15319.186 24147.08
6                 Mean  9525.855 14832.158 23417.87
7                 Mean  9884.969 15100.253 23593.32
8                 Mean  9505.603 14969.286 22342.58
9                 Mean  9717.585 14815.347 23282.82
10                Mean  9481.571 14899.628 22148.31
11                Mean  9250.184 14996.477 22682.73
12                Mean  9515.617 14662.447 23000.03
13                Mean  9610.128 14822.467 22332.57
14                Mean  9722.810 14662.352 22488.87
15                Mean  9612.911 14589.747 21730.45
16                Mean  9663.448 14646.872 22414.43
17                Mean  9466.259 14402.613 22159.58
18                Mean  9559.353 14385.726 21787.45
19                Mean  9445.281 14323.227 22039.99
20                Mean  9367.176 14194.956 21004.36
21                Mean  9339.534 14159.108 21071.58
22                Mean  9300.997 14085.433 20993.22
23                Mean  9078.612 14095.267 21717.28
24                Mean  9585.833 14246.886 21263.45
25                Mean  9401.673 14033.957 22253.42
26                Mean  9594.218 14395.404 22090.16
27                Mean  9476.488 14276.349 21947.14
28                Mean  9412.633 14241.453 21969.80
29                Mean  9347.195 14338.527 22094.11
30                Mean  8039.444 13902.624 23557.77
31                Mean  8328.319 14774.781 26187.58
32                Mean  6219.763 14287.697 29911.65
33               AR(1)  5102.361 10912.010 22509.86
34               AR(1)  7413.286 12324.787 19913.59
35               AR(1)  8279.125 13518.949 22042.91
36               AR(1)  9529.548 14126.042 20967.75
37               AR(1)  9807.779 14044.170 20729.33
38               AR(1)  9531.233 13650.684 19824.87
39               AR(1) 10000.836 14081.869 19772.00
40               AR(1)  9749.358 14376.863 20608.69
41               AR(1)  9742.889 13814.806 20202.32
42               AR(1)  9535.440 13675.048 19131.40
43               AR(1)  9565.468 13365.188 19512.17
44               AR(1) 10350.828 14456.162 20006.44
45               AR(1) 10290.512 14853.807 21400.41
46               AR(1) 10541.036 15072.985 20957.12
47               AR(1) 10493.006 14741.582 20362.08
48               AR(1) 10158.559 14187.403 20440.41
49               AR(1) 10190.033 13922.611 19399.28
50               AR(1)  9012.904 12998.158 18072.12
51               AR(1)  9508.022 13399.840 19139.43
52               AR(1)  9140.754 13226.749 18736.59
53               AR(1) 10361.006 14591.028 20790.20
54               AR(1) 10089.784 14548.128 21061.29
55               AR(1) 10006.695 14551.566 21702.93
56               AR(1)  9390.102 14038.542 20841.38
57               AR(1)  9728.274 13794.952 19836.02
58               AR(1) 10053.933 14497.296 20852.10
59               AR(1)  9495.963 13664.427 20236.56
60               AR(1)  9142.143 13482.342 19740.02
61               AR(1)  9682.421 13920.926 20269.47
62               AR(1)  8865.366 14031.139 22919.24
63               AR(1)  8704.576 14387.856 23498.98
64               AR(1)  6880.541 14200.541 28773.53
65       Beverton-Holt  5165.790 12159.752 25856.90
66       Beverton-Holt  6496.118 11229.550 18943.92
67       Beverton-Holt  5932.646 10000.228 17087.01
68       Beverton-Holt  6198.325  9451.607 13871.85
69       Beverton-Holt  6278.340  9390.163 14366.47
70       Beverton-Holt  6401.746  9852.066 14660.24
71       Beverton-Holt  7026.962 10497.363 15912.53
72       Beverton-Holt  7493.702 11196.059 16845.18
73       Beverton-Holt  7741.339 11541.436 17208.82
74       Beverton-Holt  8390.316 12174.552 17886.44
75       Beverton-Holt  8652.946 12889.648 19080.86
76       Beverton-Holt  8782.217 12708.261 18794.38
77       Beverton-Holt  8288.132 13101.334 19416.80
78       Beverton-Holt  9176.450 13558.633 19684.83
79       Beverton-Holt  9585.472 14288.132 20695.06
80       Beverton-Holt 10479.316 14927.348 22117.25
81       Beverton-Holt 10724.497 15321.615 21921.71
82       Beverton-Holt 10305.279 15082.154 21865.89
83       Beverton-Holt 10143.990 14849.166 22152.27
84       Beverton-Holt 10183.290 14783.114 22121.34
85       Beverton-Holt  9864.225 14432.624 20840.58
86       Beverton-Holt  9585.230 14157.993 20632.80
87       Beverton-Holt  9818.345 14647.861 21681.72
88       Beverton-Holt 10171.095 15378.735 23367.55
89       Beverton-Holt 10882.765 15803.771 23054.51
90       Beverton-Holt 10753.807 15643.109 22782.44
91       Beverton-Holt 10456.391 15552.071 22095.91
92       Beverton-Holt  9930.524 15003.411 21976.77
93       Beverton-Holt 10436.123 15259.550 22751.49
94       Beverton-Holt  9293.046 14931.454 25280.94
95       Beverton-Holt  8697.473 14750.104 26476.59
96       Beverton-Holt  6376.995 14285.031 29283.16
97  Simplex projection  6379.624 14312.906 33285.79
98  Simplex projection  6943.345 12484.440 23480.74
99  Simplex projection  5193.281  9468.355 16393.19
100 Simplex projection  9662.865 15308.147 24555.35
101 Simplex projection  6513.551 10041.889 15521.86
102 Simplex projection  7211.119 11136.479 17695.59
103 Simplex projection  5938.724  8977.699 14364.68
104 Simplex projection 15418.217 23962.841 38006.41
105 Simplex projection  6149.827  9704.744 15038.46
106 Simplex projection  8229.683 13017.845 19830.64
107 Simplex projection  8001.821 12332.296 19128.88
108 Simplex projection 10425.169 15699.197 24618.90
109 Simplex projection 10921.019 17059.464 25593.91
110 Simplex projection  9950.944 15236.364 22710.89
111 Simplex projection  8977.379 14008.581 21454.84
112 Simplex projection  6833.818 10584.313 15330.21
113 Simplex projection  8365.363 12502.055 19508.99
114 Simplex projection  5689.513  8454.682 12360.45
115 Simplex projection  7934.349 11679.911 17452.32
116 Simplex projection  8888.193 13520.963 20568.72
117 Simplex projection 17193.008 25863.749 37806.06
118 Simplex projection  8511.709 12975.943 19974.33
119 Simplex projection  9735.411 14708.043 22494.21
120 Simplex projection  7974.196 12050.404 18426.41
121 Simplex projection 10287.689 15638.016 22993.39
122 Simplex projection 12050.667 18503.315 28267.21
123 Simplex projection  5800.085  9083.782 13908.90
124 Simplex projection  7852.239 11915.965 17661.93
125 Simplex projection  6980.516 10959.456 16763.89
126 Simplex projection 10014.877 17103.136 28522.23
127 Simplex projection  7779.264 14509.909 26219.44
128 Simplex projection  4264.465  9264.534 20785.62

$long_cov_prob
              method coverage_prob
1               mean       0.84375
2              AR(1)       0.81250
3      Beverton-Holt       0.75000
4 simplex projection       0.71875

$yr_trend
                method    low_ci   median    up_ci
1                 Mean 12433.084 16362.31 21677.26
2                 Mean 12850.220 16045.90 20205.33
3                 Mean 12614.968 15635.04 19501.41
4                 Mean 12669.286 15520.81 18657.79
5                 Mean 12569.435 15339.77 18694.67
6                 Mean 12549.468 15197.06 18433.71
7                 Mean 12484.013 15202.16 18432.31
8                 Mean 12290.078 15170.53 18297.98
9                 Mean 12295.411 15066.22 18406.82
10                Mean 12180.341 15054.89 18124.82
11                Mean 12346.901 15008.46 18017.72
12                Mean 12320.963 14921.56 17876.90
13                Mean 12304.756 14870.96 17865.79
14                Mean 12279.391 14818.34 17857.46
15                Mean 12160.443 14796.19 18148.61
16                Mean 12166.833 14644.07 17708.79
17                Mean 12085.080 14559.75 17631.90
18                Mean 12047.328 14442.20 17505.08
19                Mean 11978.796 14483.95 17585.85
20                Mean 11901.448 14371.17 17470.78
21                Mean 11899.538 14374.94 17554.11
22                Mean 12047.816 14492.44 17335.41
23                Mean 12089.954 14518.96 17510.29
24                Mean 12068.455 14544.99 17696.62
25                Mean 12090.429 14565.59 17613.30
26                Mean 11840.606 14611.49 17835.13
27                Mean 11980.027 14738.91 18177.19
28                Mean 11605.971 14765.17 19056.16
29               AR(1) 10697.065 13367.64 16630.21
30               AR(1) 11357.552 13874.30 16610.23
31               AR(1) 11839.629 14219.14 16837.56
32               AR(1) 12152.842 14316.01 16706.15
33               AR(1) 12113.460 14230.44 16766.74
34               AR(1) 12018.026 14103.48 16549.66
35               AR(1) 12128.418 14068.16 16377.47
36               AR(1) 12109.868 14155.22 16713.29
37               AR(1) 12069.376 14253.97 16657.24
38               AR(1) 12154.814 14530.12 16807.32
39               AR(1) 12449.315 14693.90 17198.36
40               AR(1) 12726.000 14807.41 17205.88
41               AR(1) 12680.515 14719.89 17193.23
42               AR(1) 12372.946 14328.07 16590.00
43               AR(1) 12057.664 14027.89 16376.62
44               AR(1) 11839.158 13731.32 15903.12
45               AR(1) 11899.423 13739.50 16215.88
46               AR(1) 11883.656 13924.98 16249.85
47               AR(1) 12235.096 14259.25 16747.30
48               AR(1) 12366.507 14375.08 17275.57
49               AR(1) 12393.447 14484.04 17411.58
50               AR(1) 12398.856 14498.67 17127.73
51               AR(1) 12242.385 14355.98 17083.18
52               AR(1) 12001.549 14100.58 16726.02
53               AR(1) 11939.843 14116.94 16630.96
54               AR(1) 11933.531 14113.32 17046.28
55               AR(1) 11891.225 14151.20 17345.75
56               AR(1) 11552.278 14291.14 18514.95
57       Beverton-Holt  8327.629 10755.23 13967.66
58       Beverton-Holt  8244.722 10249.78 12690.86
59       Beverton-Holt  8337.064 10043.42 12304.65
60       Beverton-Holt  8467.806 10304.65 12418.72
61       Beverton-Holt  8778.630 10760.87 12957.66
62       Beverton-Holt  9326.996 11277.48 13633.11
63       Beverton-Holt  9948.518 11874.61 14191.14
64       Beverton-Holt 10290.663 12275.78 14861.96
65       Beverton-Holt 10680.696 12606.42 15116.62
66       Beverton-Holt 10996.138 13018.56 15676.50
67       Beverton-Holt 11304.142 13498.24 15845.72
68       Beverton-Holt 11694.822 13907.45 16361.06
69       Beverton-Holt 12090.320 14489.22 17018.85
70       Beverton-Holt 12714.953 14950.61 17386.32
71       Beverton-Holt 12907.549 15210.41 18054.72
72       Beverton-Holt 13041.900 15329.87 18184.10
73       Beverton-Holt 12777.227 15161.81 18029.15
74       Beverton-Holt 12587.399 14906.37 17847.95
75       Beverton-Holt 12529.759 14830.56 17667.30
76       Beverton-Holt 12474.373 14934.79 17681.24
77       Beverton-Holt 12666.143 15118.25 17923.00
78       Beverton-Holt 12855.354 15414.59 18403.89
79       Beverton-Holt 13080.250 15624.77 18593.99
80       Beverton-Holt 13217.808 15607.59 18752.15
81       Beverton-Holt 13125.930 15674.81 18668.75
82       Beverton-Holt 12932.944 15532.81 18722.79
83       Beverton-Holt 12607.014 15473.65 18999.91
84       Beverton-Holt 12111.191 15291.70 19741.04
85  Simplex projection  9839.446 12705.09 17826.02
86  Simplex projection  9663.149 11965.34 15233.41
87  Simplex projection  9173.067 11257.57 13863.57
88  Simplex projection 11387.622 14139.74 17837.13
89  Simplex projection 10619.808 13025.70 16341.54
90  Simplex projection 11039.746 13602.94 16853.60
91  Simplex projection 11267.955 13837.79 17227.60
92  Simplex projection 12533.147 15301.92 18643.29
93  Simplex projection 11399.873 13795.68 16921.30
94  Simplex projection 12456.683 14949.09 18143.82
95  Simplex projection 12583.849 15171.83 18205.79
96  Simplex projection 12118.900 14780.60 17733.99
97  Simplex projection 11680.975 14119.61 16983.47
98  Simplex projection 10326.637 12322.25 14950.78
99  Simplex projection  9726.510 11694.87 13785.28
100 Simplex projection  9626.181 11577.58 13781.02
101 Simplex projection 11945.675 14678.82 17821.45
102 Simplex projection 12037.605 14730.42 17864.64
103 Simplex projection 13058.663 16046.11 19379.10
104 Simplex projection 13255.653 16095.58 19284.60
105 Simplex projection 13620.501 16518.64 19744.69
106 Simplex projection 12469.538 14984.66 18141.98
107 Simplex projection 11733.174 14254.80 17256.36
108 Simplex projection 11305.351 13660.79 16595.40
109 Simplex projection 11092.096 13410.31 16207.64
110 Simplex projection 11027.846 13818.12 16928.44
111 Simplex projection 10445.159 12930.69 16604.45
112 Simplex projection 10329.692 13139.34 17036.86

