$short_forecast_quants
                method    low_ci    median    up_ci
1                 Mean 11637.359 17384.543 25321.36
2                 Mean 11496.761 17149.781 24171.97
3                 Mean 11184.472 16950.426 25229.78
4                 Mean 10854.169 16728.617 24916.05
5                 Mean 10691.538 16609.256 25168.11
6                 Mean 10633.319 16397.192 24979.08
7                 Mean 10889.026 16484.816 25869.31
8                 Mean 10608.500 16047.552 24870.06
9                 Mean  9153.292 15710.876 26408.47
10                Mean  8873.433 15523.964 26510.34
11                Mean  9149.996 15319.918 26348.71
12                Mean  9116.205 15676.268 26262.40
13                Mean  9155.337 15747.331 26409.71
14                Mean  9509.710 15089.077 25704.81
15                Mean  8401.634 14950.387 27809.86
16                Mean  8158.010 15282.906 27612.67
17                Mean  8092.822 14883.658 25604.06
18                Mean  7972.736 14810.275 26290.02
19                Mean  7931.471 14492.134 26349.86
20                Mean  7963.413 14713.991 26604.91
21                Mean  8093.757 14667.071 25756.19
22                Mean  7973.780 14766.973 27422.94
23                Mean  8279.217 14816.396 27139.95
24                Mean  7871.090 14662.088 26539.11
25                Mean  8021.845 14569.283 25862.14
26                Mean  7581.693 14729.498 25973.43
27                Mean  7629.301 14053.409 25704.52
28                Mean  7685.381 14367.045 25785.45
29                Mean  8037.201 14209.703 25719.23
30                Mean  7617.249 14458.491 27772.98
31                Mean  7231.757 14844.136 31255.94
32                Mean  7665.959 14731.827 29343.94
33                Mean  7707.497 15082.851 29064.04
34                Mean  7691.464 14749.648 27996.41
35                Mean  7690.810 15263.914 28017.75
36                Mean  7866.934 14873.591 29706.94
37                Mean  7816.382 14767.787 30197.76
38                Mean  8008.121 14739.849 29371.68
39                Mean  8054.943 14933.143 29480.45
40                Mean  7864.853 14940.422 28669.89
41               AR(1) 11734.268 17367.673 25116.07
42               AR(1) 11323.030 16964.514 25364.30
43               AR(1) 11186.942 16683.448 25627.26
44               AR(1) 10467.990 16077.912 24162.96
45               AR(1)  9865.773 15072.829 23319.98
46               AR(1) 10079.240 15153.268 23580.73
47               AR(1) 11027.674 16832.798 25151.12
48               AR(1)  9412.867 14779.987 22376.37
49               AR(1)  7112.076 11488.212 18692.00
50               AR(1)  7230.471 11627.006 18688.25
51               AR(1)  8708.633 14059.240 22027.28
52               AR(1) 10082.685 16432.080 26132.12
53               AR(1) 10000.814 15931.883 25453.62
54               AR(1)  7546.078 12765.210 20395.21
55               AR(1)  5609.889  9291.033 15513.09
56               AR(1)  7820.107 13051.547 21974.85
57               AR(1)  8547.473 14475.258 24039.84
58               AR(1)  6751.528 11274.854 19267.59
59               AR(1)  7280.990 12243.318 19806.77
60               AR(1)  7396.901 12290.086 21887.45
61               AR(1) 11104.853 18856.744 32738.69
62               AR(1)  8849.228 15394.492 27918.59
63               AR(1)  7547.797 13005.419 22299.33
64               AR(1)  7403.651 12748.869 21055.98
65               AR(1)  7816.920 13394.850 23189.09
66               AR(1)  6619.985 11898.407 20682.42
67               AR(1)  7792.607 13289.268 22515.15
68               AR(1)  8302.146 14078.414 25097.58
69               AR(1) 10125.238 18745.867 31386.78
70               AR(1) 12106.036 21354.341 36590.87
71               AR(1) 15345.274 26613.941 48709.12
72               AR(1)  8645.992 15218.948 26809.54
73               AR(1)  8194.683 13634.292 23769.94
74               AR(1)  8743.574 15162.924 26996.30
75               AR(1) 10282.431 18720.910 33217.69
76               AR(1)  8019.112 14418.053 25635.86
77               AR(1)  8145.692 14143.734 24742.25
78               AR(1)  7851.033 13843.536 24644.42
79               AR(1)  8539.998 15597.478 27663.94
80               AR(1)  8906.608 15974.357 29228.53
81       Beverton-Holt 11853.583 17346.273 25750.23
82       Beverton-Holt 11579.187 16852.880 25053.22
83       Beverton-Holt 10340.392 15148.586 21506.43
84       Beverton-Holt  9585.022 13630.450 20349.34
85       Beverton-Holt  8844.429 12947.949 19064.86
86       Beverton-Holt  8793.185 12783.362 18712.19
87       Beverton-Holt  9275.085 13586.417 19855.09
88       Beverton-Holt  8905.228 13219.140 18878.86
89       Beverton-Holt  8021.625 12333.822 18411.75
90       Beverton-Holt  7296.343 11135.906 16865.75
91       Beverton-Holt  7095.049 10919.387 17757.67
92       Beverton-Holt  7316.694 11374.532 17473.22
93       Beverton-Holt  7566.068 11508.574 18157.36
94       Beverton-Holt  6939.440 10437.914 16160.12
95       Beverton-Holt  5931.673  9684.079 14968.82
96       Beverton-Holt  6509.111 10484.235 17015.30
97       Beverton-Holt  7847.440 11972.124 18515.51
98       Beverton-Holt  7824.802 12446.262 19410.21
99       Beverton-Holt  7869.937 12235.492 19351.00
100      Beverton-Holt  7650.602 11997.035 19312.72
101      Beverton-Holt  7790.330 12513.328 21208.40
102      Beverton-Holt  8186.520 13099.986 21423.88
103      Beverton-Holt  7680.326 13090.711 21416.31
104      Beverton-Holt  8051.791 13195.885 21384.88
105      Beverton-Holt  8577.410 13529.509 22215.85
106      Beverton-Holt  8473.603 13996.143 22160.11
107      Beverton-Holt  8677.241 14483.761 23722.73
108      Beverton-Holt  9028.032 14369.954 23283.93
109      Beverton-Holt  8621.556 14003.654 23196.28
110      Beverton-Holt  8356.405 14394.597 24551.50
111      Beverton-Holt  8179.719 14569.052 25895.12
112      Beverton-Holt  8019.755 14471.335 25616.66
113      Beverton-Holt  8644.103 15724.018 28781.80
114      Beverton-Holt  9768.560 16874.913 30267.13
115      Beverton-Holt 10021.832 17726.657 31178.43
116      Beverton-Holt 10489.015 17773.392 31032.19
117      Beverton-Holt 10170.815 18270.975 31162.52
118      Beverton-Holt 10232.338 17836.203 31537.23
119      Beverton-Holt 10329.116 18120.762 32369.80
120      Beverton-Holt 10239.905 17970.398 31812.14
121 Simplex projection 11922.695 17326.339 26002.12
122 Simplex projection 10336.319 15618.295 22848.63
123 Simplex projection 10429.879 15435.838 23078.47
124 Simplex projection 10721.633 15964.247 24423.65
125 Simplex projection  7258.492 11215.019 17209.69
126 Simplex projection 11519.783 17532.978 27143.07
127 Simplex projection 11090.241 17550.973 26421.59
128 Simplex projection  7820.595 12292.850 19334.65
129 Simplex projection  8074.571 13122.524 21805.20
130 Simplex projection  6862.001 11686.999 20656.97
131 Simplex projection  8893.600 14512.869 23829.83
132 Simplex projection  8115.227 13578.992 22398.09
133 Simplex projection  9006.614 14789.618 25527.23
134 Simplex projection  5560.267  9132.549 15406.36
135 Simplex projection  5198.084  9509.015 16407.58
136 Simplex projection  7656.637 14271.276 25199.74
137 Simplex projection  8275.742 14539.602 27046.09
138 Simplex projection  5321.933  9879.467 17835.56
139 Simplex projection  5324.262  9519.309 18820.16
140 Simplex projection  5330.439  9738.306 17044.68
141 Simplex projection  8352.221 15406.650 28000.49
142 Simplex projection  7095.106 13492.080 24648.08
143 Simplex projection  7349.584 13758.625 25438.21
144 Simplex projection  7410.736 14046.946 25087.98
145 Simplex projection  6190.716 11313.121 21191.65
146 Simplex projection  4515.911  7968.012 14335.11
147 Simplex projection  9307.176 17569.978 31392.39
148 Simplex projection  6800.454 12633.161 22754.25
149 Simplex projection  9958.960 17826.093 32869.56
150 Simplex projection  7918.004 15101.807 27812.31
151 Simplex projection 10782.264 20982.273 42174.80
152 Simplex projection  6411.932 12568.410 26043.34
153 Simplex projection  8436.420 16880.368 31679.43
154 Simplex projection 16991.660 33915.953 67023.69
155 Simplex projection  8669.399 16848.210 30964.09
156 Simplex projection  8766.334 16463.013 30421.17
157 Simplex projection  7659.469 14883.922 29265.55
158 Simplex projection  8255.252 14979.166 29404.11
159 Simplex projection  8027.456 15668.386 29891.39
160 Simplex projection  6655.898 12216.684 23612.51

$short_cov_prob
              method coverage_prob
1               mean         0.875
2              AR(1)         0.875
3      Beverton-Holt         0.850
4 simplex projection         0.875

$mrae
    year             method      mrae
1      1               mean 1.3290631
2      2               mean 1.2405667
3      3               mean 1.8220162
4      4               mean 1.8549189
5      5               mean 1.4755996
6      6               mean 0.9676590
7      7               mean 1.9000799
8      8               mean 2.8480917
9      9               mean 2.4127883
10    10               mean 1.2999166
11    11               mean 1.1191112
12    12               mean 1.0779035
13    13               mean 1.8810144
14    14               mean 2.9214792
15    15               mean 1.4838261
16    16               mean 1.1388031
17    17               mean 2.0210415
18    18               mean 1.5864573
19    19               mean 1.5327189
20    20               mean 3.0024257
21    21               mean 1.1082683
22    22               mean 1.3109656
23    23               mean 1.4487865
24    24               mean 1.2722175
25    25               mean 1.7374777
26    26               mean 1.2131043
27    27               mean 1.0423266
28    28               mean 2.9130203
29    29               mean 4.3038282
30    30               mean 6.7481036
31    31               mean 1.1829353
32    32               mean 1.0942790
33    33               mean 1.0198340
34    34               mean 2.0023453
35    35               mean 1.0477098
36    36               mean 1.0442548
37    37               mean 1.1340730
38    38               mean 1.0645868
39    39               mean 1.0438164
40    40               mean 1.3223399
41     1              AR(1) 1.3237737
42     2              AR(1) 1.2400913
43     3              AR(1) 1.7823829
44     4              AR(1) 1.6606246
45     5              AR(1) 1.1299052
46     6              AR(1) 1.0287002
47     7              AR(1) 1.9553482
48     8              AR(1) 2.4001275
49     9              AR(1) 1.1349753
50    10              AR(1) 0.7743828
51    11              AR(1) 1.0925514
52    12              AR(1) 0.9944703
53    13              AR(1) 1.9659152
54    14              AR(1) 2.0746626
55    15              AR(1) 0.8145278
56    16              AR(1) 0.8857360
57    17              AR(1) 1.8806174
58    18              AR(1) 0.7372948
59    19              AR(1) 0.9159468
60    20              AR(1) 3.6944549
61    21              AR(1) 1.3643466
62    22              AR(1) 1.3946474
63    23              AR(1) 0.9817423
64    24              AR(1) 0.8451029
65    25              AR(1) 1.2897898
66    26              AR(1) 0.7829463
67    27              AR(1) 0.8607088
68    28              AR(1) 3.0014771
69    29              AR(1) 3.1725734
70    30              AR(1) 4.8928769
71    31              AR(1) 3.1598809
72    32              AR(1) 1.0668682
73    33              AR(1) 0.8716027
74    34              AR(1) 1.8659129
75    35              AR(1) 1.6005239
76    36              AR(1) 0.8343849
77    37              AR(1) 0.8480848
78    38              AR(1) 0.9605443
79    39              AR(1) 0.9520283
80    40              AR(1) 1.1263250
81     1      Beverton-Holt 1.3437086
82     2      Beverton-Holt 1.1884486
83     3      Beverton-Holt 1.2931711
84     4      Beverton-Holt 0.9914533
85     5      Beverton-Holt 0.6501969
86     6      Beverton-Holt 1.4790364
87     7      Beverton-Holt 0.9900486
88     8      Beverton-Holt 1.8649146
89     9      Beverton-Holt 1.2879430
90    10      Beverton-Holt 0.7107886
91    11      Beverton-Holt 1.7694821
92    12      Beverton-Holt 1.4213761
93    13      Beverton-Holt 0.7600282
94    14      Beverton-Holt 1.3745005
95    15      Beverton-Holt 0.7098883
96    16      Beverton-Holt 1.1721276
97    17      Beverton-Holt 1.0998449
98    18      Beverton-Holt 0.8432081
99    19      Beverton-Holt 0.8013632
100   20      Beverton-Holt 3.8455382
101   21      Beverton-Holt 1.1738739
102   22      Beverton-Holt 0.8041232
103   23      Beverton-Holt 0.9329098
104   24      Beverton-Holt 0.8239657
105   25      Beverton-Holt 1.2993108
106   26      Beverton-Holt 0.9101678
107   27      Beverton-Holt 0.8511639
108   28      Beverton-Holt 2.8882527
109   29      Beverton-Holt 4.3857412
110   30      Beverton-Holt 6.8857126
111   31      Beverton-Holt 1.0685726
112   32      Beverton-Holt 0.9233419
113   33      Beverton-Holt 0.9617811
114   34      Beverton-Holt 1.6156608
115   35      Beverton-Holt 1.3747780
116   36      Beverton-Holt 1.3540859
117   37      Beverton-Holt 1.5538306
118   38      Beverton-Holt 1.0651657
119   39      Beverton-Holt 1.1062143
120   40      Beverton-Holt 1.1042454
121    1 simplex projection 1.3831445
122    2 simplex projection 0.9059197
123    3 simplex projection 1.3877359
124    4 simplex projection 1.6628038
125    5 simplex projection 0.6685207
126    6 simplex projection 1.0130647
127    7 simplex projection 2.1668865
128    8 simplex projection 1.6661868
129    9 simplex projection 1.6161541
130   10 simplex projection 0.8537751
131   11 simplex projection 1.0918219
132   12 simplex projection 1.0846027
133   13 simplex projection 1.7203636
134   14 simplex projection 1.0113247
135   15 simplex projection 0.8325593
136   16 simplex projection 1.0331687
137   17 simplex projection 2.0326145
138   18 simplex projection 0.7271330
139   19 simplex projection 0.7897728
140   20 simplex projection 4.5161909
141   21 simplex projection 1.1187236
142   22 simplex projection 1.0115366
143   23 simplex projection 1.2140776
144   24 simplex projection 1.1442059
145   25 simplex projection 0.9511451
146   26 simplex projection 1.2259596
147   27 simplex projection 1.5670788
148   28 simplex projection 3.3822884
149   29 simplex projection 3.3636400
150   30 simplex projection 6.6446799
151   31 simplex projection 1.9921124
152   32 simplex projection 0.8973526
153   33 simplex projection 1.2091696
154   34 simplex projection 3.4228856
155   35 simplex projection 1.2956761
156   36 simplex projection 1.2312070
157   37 simplex projection 1.0856188
158   38 simplex projection 1.0916864
159   39 simplex projection 1.0664201
160   40 simplex projection 1.6871855

$long_forecast_quants
                method    low_ci    median    up_ci
1                 Mean 11449.203 17231.260 25253.90
2                 Mean 13310.164 17335.307 22793.64
3                 Mean 13441.450 17029.244 22132.16
4                 Mean 13647.077 16971.366 21095.13
5                 Mean 13745.916 16884.611 20784.90
6                 Mean 13572.033 16678.767 20619.87
7                 Mean 13481.654 16584.555 20395.98
8                 Mean 13183.188 16576.181 20369.88
9                 Mean 12844.278 16287.579 20599.41
10                Mean 12561.103 16109.328 20503.90
11                Mean 12272.559 15881.461 20703.48
12                Mean 12134.012 15796.397 20689.78
13                Mean 11767.911 15695.831 21434.01
14                Mean 11743.621 15599.467 20418.36
15                Mean 11458.562 15437.162 20528.16
16                Mean 11242.480 15389.624 20167.34
17                Mean 11205.336 15271.593 19974.95
18                Mean 10901.021 15066.195 20725.14
19                Mean 10719.409 14872.319 20623.03
20                Mean 10962.511 14936.386 20437.53
21                Mean 10605.868 14808.853 19849.73
22                Mean 10430.060 14622.908 20436.40
23                Mean 10597.239 14608.525 20237.86
24                Mean 10697.692 14604.090 20450.04
25                Mean 10726.451 14786.334 20246.26
26                Mean 10485.296 14628.814 20103.76
27                Mean 10715.074 14575.169 20158.88
28                Mean 10661.179 14358.379 19577.16
29                Mean 10414.757 14523.767 19872.47
30                Mean 10318.339 14580.298 19932.09
31                Mean 10433.350 14635.289 20638.63
32                Mean 10405.296 14794.427 20607.39
33                Mean 10418.789 14982.391 21228.60
34                Mean 10544.319 14918.395 21331.02
35                Mean 10552.850 14883.890 21530.86
36                Mean 10395.917 14967.141 21177.59
37                Mean 10306.092 15244.239 22479.57
38                Mean  9358.895 14836.031 23833.80
39                Mean  9236.120 15617.746 24928.63
40                Mean  8111.899 15124.797 28775.25
41               AR(1) 11770.705 17155.689 25784.88
42               AR(1) 13185.230 17155.858 22844.53
43               AR(1) 13309.282 17037.744 21976.01
44               AR(1) 13711.766 16866.815 21028.49
45               AR(1) 13595.729 16513.755 20537.38
46               AR(1) 13032.727 16372.807 20149.24
47               AR(1) 13482.829 16579.411 20560.75
48               AR(1) 12768.134 15960.381 20186.42
49               AR(1) 12447.306 15562.480 19631.62
50               AR(1) 11620.935 15128.672 19668.29
51               AR(1) 11975.020 15092.986 19182.50
52               AR(1) 12085.978 15408.944 19759.20
53               AR(1) 11926.669 15449.724 19834.82
54               AR(1) 11360.399 14913.330 19581.90
55               AR(1) 10577.743 14364.698 18987.01
56               AR(1) 10655.992 14211.857 18663.71
57               AR(1) 11102.029 14440.343 18860.43
58               AR(1) 10697.075 14004.839 18438.68
59               AR(1) 10420.322 13787.656 18428.61
60               AR(1) 10564.411 13923.393 18485.83
61               AR(1) 11338.293 14859.452 20129.26
62               AR(1) 11336.927 15000.135 20193.27
63               AR(1) 11010.381 14553.435 19138.93
64               AR(1) 10487.751 14199.687 19291.81
65               AR(1) 10579.201 14208.026 19421.25
66               AR(1) 10354.578 13932.500 18518.30
67               AR(1) 10647.400 14107.757 18582.41
68               AR(1) 10850.659 14190.602 18683.27
69               AR(1) 11165.275 15016.603 19696.51
70               AR(1) 11793.193 15706.230 21224.41
71               AR(1) 12201.049 16923.283 23260.47
72               AR(1) 12010.649 16148.569 22209.21
73               AR(1) 11331.542 15484.560 21236.68
74               AR(1) 11408.085 15477.185 21436.22
75               AR(1) 11517.312 15898.904 21526.74
76               AR(1) 11043.244 15242.852 20483.93
77               AR(1) 11204.384 15249.614 20569.72
78               AR(1) 10265.989 15164.799 21951.83
79               AR(1) 10277.952 15550.227 23492.69
80               AR(1)  8644.550 15259.514 26614.44
81       Beverton-Holt 11869.567 17152.850 25043.45
82       Beverton-Holt 13141.783 17307.748 22356.75
83       Beverton-Holt 12638.881 16427.902 20995.51
84       Beverton-Holt 12684.918 15779.750 19511.46
85       Beverton-Holt 12084.377 14985.769 18365.40
86       Beverton-Holt 11560.597 14041.587 17264.80
87       Beverton-Holt 11150.749 13493.674 16788.50
88       Beverton-Holt 10983.029 13511.107 16556.76
89       Beverton-Holt 10346.562 12920.865 15982.21
90       Beverton-Holt  9812.874 12260.372 15238.63
91       Beverton-Holt  9281.530 11702.520 14670.87
92       Beverton-Holt  8961.850 11243.194 14174.41
93       Beverton-Holt  8510.461 10936.782 13807.48
94       Beverton-Holt  8134.451 10221.320 12901.13
95       Beverton-Holt  7988.932 10013.877 12882.34
96       Beverton-Holt  8458.761 10685.619 13432.09
97       Beverton-Holt  9306.363 11740.927 15128.26
98       Beverton-Holt  9735.356 12415.934 15907.46
99       Beverton-Holt  9729.553 12435.064 15738.24
100      Beverton-Holt  9733.073 12311.673 15602.83
101      Beverton-Holt  9961.820 12423.372 16192.49
102      Beverton-Holt  9813.346 12853.530 16442.60
103      Beverton-Holt 10021.882 12841.194 16314.96
104      Beverton-Holt  9881.305 12897.001 16634.63
105      Beverton-Holt 10265.511 13570.445 17647.70
106      Beverton-Holt 10888.492 14166.117 18636.79
107      Beverton-Holt 11176.428 14603.115 18907.31
108      Beverton-Holt 11237.572 14359.973 18536.10
109      Beverton-Holt 11114.033 14418.082 18666.28
110      Beverton-Holt 10800.943 14073.441 18245.58
111      Beverton-Holt 10674.648 14259.150 18424.01
112      Beverton-Holt 10644.080 14185.116 19163.35
113      Beverton-Holt 11603.393 15257.365 20517.46
114      Beverton-Holt 12118.654 16555.720 22128.78
115      Beverton-Holt 12695.602 17610.118 23940.18
116      Beverton-Holt 13522.606 17977.082 24515.39
117      Beverton-Holt 13663.182 18471.728 25401.18
118      Beverton-Holt 12925.291 18876.430 27030.95
119      Beverton-Holt 12596.481 19223.825 29099.58
120      Beverton-Holt 10453.240 18278.105 32084.82
121 Simplex projection 11974.185 17615.707 26452.22
122 Simplex projection 13007.375 16626.470 21734.67
123 Simplex projection 12570.399 16610.283 21573.85
124 Simplex projection 13527.697 16809.043 21006.19
125 Simplex projection 12427.996 15820.270 19914.97
126 Simplex projection 13817.197 17187.411 21292.50
127 Simplex projection 14033.582 17739.611 22369.24
128 Simplex projection  9828.945 12360.928 15560.93
129 Simplex projection  9525.034 12240.855 15474.91
130 Simplex projection  9328.733 11927.192 15550.40
131 Simplex projection 12181.146 15802.526 20592.67
132 Simplex projection 10078.026 13325.464 17288.95
133 Simplex projection 11552.906 15262.356 20451.50
134 Simplex projection  7406.294  9792.825 13025.44
135 Simplex projection  7264.151  9887.896 13054.55
136 Simplex projection 10564.695 14210.903 18791.11
137 Simplex projection 10749.065 14482.424 19718.72
138 Simplex projection  6790.245  9630.626 13079.95
139 Simplex projection  8150.584 11253.887 15650.17
140 Simplex projection  9575.201 13556.468 19143.12
141 Simplex projection 10858.811 15133.021 20586.24
142 Simplex projection  8691.158 11990.222 16932.40
143 Simplex projection  9253.239 12650.454 17717.60
144 Simplex projection  9287.874 12747.607 18214.81
145 Simplex projection  9035.641 12683.223 17500.80
146 Simplex projection  5756.796  7960.324 10874.50
147 Simplex projection 12909.330 17559.069 24500.42
148 Simplex projection  8908.441 12599.800 17221.86
149 Simplex projection 11778.524 16518.212 22525.34
150 Simplex projection 10900.026 15219.693 20913.80
151 Simplex projection 11184.574 15795.563 22442.18
152 Simplex projection  9170.187 12751.131 17817.42
153 Simplex projection 11047.978 15846.518 22159.12
154 Simplex projection 23523.844 33053.905 47921.85
155 Simplex projection 11561.134 16255.373 23355.15
156 Simplex projection  8936.714 13315.193 19048.01
157 Simplex projection  9954.873 14006.186 20462.56
158 Simplex projection 10740.439 16778.765 26985.07
159 Simplex projection 11172.292 18490.548 29947.23
160 Simplex projection  9943.937 18837.877 37443.92

$long_cov_prob
              method coverage_prob
1               mean         0.575
2              AR(1)         0.575
3      Beverton-Holt         0.525
4 simplex projection         0.625

$yr_trend
                method    low_ci   median    up_ci
1                 Mean 15239.576 17253.31 19695.30
2                 Mean 15448.182 17118.50 18930.18
3                 Mean 15461.018 16917.00 18709.25
4                 Mean 15367.352 16796.20 18364.43
5                 Mean 15211.272 16681.72 18330.21
6                 Mean 14995.410 16549.12 18264.66
7                 Mean 14748.549 16411.65 18073.08
8                 Mean 14502.398 16225.01 18210.22
9                 Mean 14310.279 16073.77 18093.49
10                Mean 14219.399 15869.87 18113.02
11                Mean 14112.429 15769.41 17951.53
12                Mean 13779.713 15708.73 17846.14
13                Mean 13632.198 15611.00 17810.51
14                Mean 13590.715 15441.34 17563.99
15                Mean 13349.614 15328.01 17648.20
16                Mean 13255.389 15229.55 17341.91
17                Mean 13098.736 15099.45 17422.03
18                Mean 12993.313 15018.13 17381.87
19                Mean 12986.744 14891.59 17170.62
20                Mean 12779.348 14882.54 17203.88
21                Mean 12836.537 14903.67 17111.10
22                Mean 12764.028 14872.66 17061.84
23                Mean 12803.683 14804.21 17063.41
24                Mean 12725.474 14740.91 17156.59
25                Mean 12732.814 14698.07 17042.51
26                Mean 12767.123 14668.84 17021.88
27                Mean 12803.564 14608.34 17045.43
28                Mean 12873.051 14672.40 17027.06
29                Mean 12779.418 14816.85 17147.06
30                Mean 12863.722 14908.88 17375.90
31                Mean 12992.843 15009.16 17667.45
32                Mean 13013.402 15074.18 17696.52
33                Mean 12967.502 15142.42 17777.43
34                Mean 12798.173 15183.71 17919.07
35                Mean 12849.119 15333.82 18439.73
36                Mean 12705.250 15295.74 19084.11
37               AR(1) 15181.911 17052.72 19539.92
38               AR(1) 15187.442 16889.12 18710.47
39               AR(1) 15224.998 16708.99 18601.48
40               AR(1) 15062.218 16502.07 18162.68
41               AR(1) 14741.508 16290.14 17986.34
42               AR(1) 14508.197 15950.12 17700.54
43               AR(1) 14149.203 15741.96 17574.36
44               AR(1) 13964.501 15498.28 17452.67
45               AR(1) 13840.970 15386.14 17323.79
46               AR(1) 13634.076 15319.32 17186.28
47               AR(1) 13406.578 15133.73 17109.10
48               AR(1) 13337.818 14952.89 16943.30
49               AR(1) 13166.213 14747.44 16748.49
50               AR(1) 12863.648 14519.45 16363.19
51               AR(1) 12653.102 14287.04 16157.52
52               AR(1) 12588.661 14216.02 16015.09
53               AR(1) 12714.267 14368.83 16206.51
54               AR(1) 12832.941 14449.36 16445.75
55               AR(1) 12890.948 14541.16 16577.19
56               AR(1) 12946.375 14623.46 16711.27
57               AR(1) 13009.251 14717.71 16830.03
58               AR(1) 12821.327 14492.66 16569.05
59               AR(1) 12636.407 14300.26 16270.82
60               AR(1) 12542.668 14196.30 16263.68
61               AR(1) 12692.810 14377.55 16491.82
62               AR(1) 13025.317 14664.42 16748.58
63               AR(1) 13470.914 15259.64 17443.01
64               AR(1) 13878.565 15700.48 18197.07
65               AR(1) 13988.704 15996.66 18438.38
66               AR(1) 14104.348 16081.02 18547.55
67               AR(1) 14107.819 16161.33 18462.63
68               AR(1) 13787.154 15806.91 18227.91
69               AR(1) 13582.763 15649.94 17823.67
70               AR(1) 13377.002 15637.79 17981.89
71               AR(1) 13224.891 15597.96 18192.68
72               AR(1) 12826.203 15522.01 18705.34
73       Beverton-Holt 14679.679 16420.68 18623.54
74       Beverton-Holt 14150.841 15783.09 17565.18
75       Beverton-Holt 13630.825 15011.81 16651.39
76       Beverton-Holt 13135.937 14401.30 15889.89
77       Beverton-Holt 12617.207 13828.45 15396.68
78       Beverton-Holt 12095.347 13278.80 14647.56
79       Beverton-Holt 11684.139 12812.94 14195.33
80       Beverton-Holt 11218.659 12376.02 13705.82
81       Beverton-Holt 10758.768 11829.10 13110.24
82       Beverton-Holt 10279.108 11293.62 12535.54
83       Beverton-Holt  9830.468 10873.48 12055.96
84       Beverton-Holt  9675.738 10656.58 11802.94
85       Beverton-Holt  9698.435 10786.26 12012.98
86       Beverton-Holt 10029.289 11079.62 12407.61
87       Beverton-Holt 10362.793 11579.86 12846.50
88       Beverton-Holt 10816.136 11986.65 13438.45
89       Beverton-Holt 11130.036 12407.64 13823.39
90       Beverton-Holt 11335.853 12605.10 14060.38
91       Beverton-Holt 11301.577 12691.60 14164.48
92       Beverton-Holt 11413.896 12781.67 14312.82
93       Beverton-Holt 11580.912 13003.83 14632.51
94       Beverton-Holt 11932.428 13350.08 15083.44
95       Beverton-Holt 12277.048 13693.39 15469.89
96       Beverton-Holt 12532.200 14028.94 15701.17
97       Beverton-Holt 12870.441 14336.31 16261.77
98       Beverton-Holt 13012.145 14438.76 16195.15
99       Beverton-Holt 12965.727 14475.95 16170.83
100      Beverton-Holt 12794.705 14379.29 16280.27
101      Beverton-Holt 12930.565 14568.69 16536.47
102      Beverton-Holt 13216.778 14976.69 17228.03
103      Beverton-Holt 13762.576 15717.41 18003.40
104      Beverton-Holt 14466.420 16482.39 18923.28
105      Beverton-Holt 15054.289 17332.53 19942.77
106      Beverton-Holt 15697.688 18021.08 20987.79
107      Beverton-Holt 16023.261 18608.73 21860.25
108      Beverton-Holt 15734.160 18736.77 22770.15
109 Simplex projection 14900.973 16835.15 19418.38
110 Simplex projection 15062.730 16746.04 18656.36
111 Simplex projection 15310.415 16925.69 18756.50
112 Simplex projection 14495.612 16075.88 17783.13
113 Simplex projection 13686.185 15158.33 16895.88
114 Simplex projection 12893.638 14354.62 15961.32
115 Simplex projection 12548.517 14081.91 15685.54
116 Simplex projection 11824.603 13202.11 14759.38
117 Simplex projection 12287.803 13832.33 15486.12
118 Simplex projection 11809.235 13333.03 14912.36
119 Simplex projection 11454.184 12959.64 14625.61
120 Simplex projection 11235.710 12589.26 14210.31
121 Simplex projection 11356.706 12864.84 14777.69
122 Simplex projection 10333.530 11664.88 13447.94
123 Simplex projection 10511.786 12036.02 13742.81
124 Simplex projection 11137.376 12766.61 14596.31
125 Simplex projection 11324.658 12917.19 15031.48
126 Simplex projection 10806.898 12473.10 14466.27
127 Simplex projection 11324.314 13097.56 15149.23
128 Simplex projection 11489.325 13384.23 15574.22
129 Simplex projection 11371.235 13215.51 15345.46
130 Simplex projection 10262.545 11750.12 13708.70
131 Simplex projection 11191.962 12872.24 14835.66
132 Simplex projection 11143.066 12851.75 14977.13
133 Simplex projection 11777.104 13625.99 15876.72
134 Simplex projection 12104.487 14112.81 16319.67
135 Simplex projection 13479.765 15763.27 18258.16
136 Simplex projection 12747.365 14770.18 17097.90
137 Simplex projection 13191.190 15380.71 18134.80
138 Simplex projection 16018.505 18815.43 22129.67
139 Simplex projection 16183.457 19095.11 22576.39
140 Simplex projection 15750.542 18571.94 22108.01
141 Simplex projection 15922.252 18771.46 22404.33
142 Simplex projection 15663.827 18939.41 22866.56
143 Simplex projection 13339.337 16005.82 19512.81
144 Simplex projection 13572.558 16642.07 21089.35

