$short_forecast_quants
                method     low_ci     median      up_ci
1                 Mean 3969.64560 15645.4391  69346.326
2                 Mean 3930.14941 16057.4769  67967.161
3                 Mean 4052.21217 17354.9084  75698.894
4                 Mean 3341.08041 15534.4976  73285.285
5                 Mean 2756.17175 15095.7676  78201.848
6                 Mean 2829.91597 14578.9065  79893.972
7                 Mean 2637.07858 14160.4516  77743.642
8                 Mean 2675.46296 14127.0459  66143.896
9                 Mean 1746.94834 12827.1083  87319.929
10                Mean 1507.59263 11254.1444 105668.148
11                Mean 1481.43482 11943.7791  96051.724
12                Mean 1360.16757 11628.6959  90091.019
13                Mean 1710.96749 11995.8748 118999.408
14                Mean 1548.81592 12821.6623  98285.583
15                Mean 1630.95923 12134.3697  90726.398
16                Mean 1783.30632 12500.4303  85867.758
17                Mean 1693.03826 12310.6852  97037.401
18                Mean 1126.84225 11503.6818 115403.017
19                Mean 1250.51300 11484.9941 134735.807
20                Mean 1056.26112 10657.1777 123650.456
21                Mean  941.28142 11118.6903 123204.298
22                Mean  870.81290 10203.9306 110865.137
23                Mean  947.47119 10090.8099 112946.026
24                Mean 1068.80696 10430.3469 103062.945
25                Mean  853.91860  9415.2258 109009.828
26                Mean 1057.88338  9844.3670 109660.169
27                Mean  747.95665 10138.6639 121763.850
28                Mean 1126.06438 10643.6871 113959.553
29                Mean 1161.34484 10731.9194 112615.756
30                Mean  797.54731 10804.4969 104534.185
31                Mean 1054.57325 10983.3090 117062.504
32                Mean 1251.44697  9771.1397  98056.629
33               AR(1) 3750.12942 16596.2556  64715.444
34               AR(1) 4299.07869 16354.5931  66136.900
35               AR(1) 3490.61773 14688.6753  56483.332
36               AR(1) 6390.57573 31291.4864 168080.631
37               AR(1) 3342.17659 15412.7187  75656.894
38               AR(1) 3336.94955 15110.0072  72279.188
39               AR(1) 2810.41992 13830.8420  79176.647
40               AR(1) 2611.34906 13937.1900  83103.468
41               AR(1) 2525.15174 20114.1242 117381.285
42               AR(1)  920.97654  7309.8745  52189.404
43               AR(1) 1257.46878 10659.4997  82433.895
44               AR(1) 1725.53601 13829.9665 101196.250
45               AR(1) 2480.91406 17570.7158 161625.892
46               AR(1) 1544.96396 13103.0823 109828.102
47               AR(1) 1595.01174 11849.9535  99006.477
48               AR(1) 1111.08614  9005.2246  70998.187
49               AR(1) 1596.93833 11007.6975  90716.073
50               AR(1)  624.84303  5163.8326  42361.934
51               AR(1)  808.49919  7177.0237  65866.233
52               AR(1)  488.45625  4578.4530  44361.366
53               AR(1) 1434.41496 14620.4229 145630.383
54               AR(1)  735.60412  7395.9719  72299.057
55               AR(1)  965.03449 12125.7630 116737.610
56               AR(1)  722.43212  9705.2683 110391.674
57               AR(1)  685.98113  7956.0614  86987.258
58               AR(1) 1213.74162 12218.7752 111063.408
59               AR(1) 1078.56394  9379.8714  95256.696
60               AR(1) 1111.00657 11294.9303 113218.681
61               AR(1) 1384.62060 14111.4026 138368.171
62               AR(1) 1123.32192 10306.8279  99989.138
63               AR(1) 1062.13462 10568.0324  93335.812
64               AR(1) 1069.29398  9919.3107  97610.163
65       Beverton-Holt 3864.47984 16545.6344  61679.994
66       Beverton-Holt 3935.77274 15942.4200  67676.314
67       Beverton-Holt 4531.78587 16456.3949  64659.165
68       Beverton-Holt 2885.73791 14635.9886  80004.694
69       Beverton-Holt 3011.05856 14943.2874  89298.088
70       Beverton-Holt 2606.99226 13788.5146  86224.311
71       Beverton-Holt 2783.74379 14168.8002  72125.762
72       Beverton-Holt 2517.92876 14228.4192  69668.257
73       Beverton-Holt 2102.54805 13422.6632  91407.945
74       Beverton-Holt 1253.51584 11994.3495 113149.436
75       Beverton-Holt 1485.70603 11961.6444 102492.190
76       Beverton-Holt 1654.19368 11989.8150 100672.307
77       Beverton-Holt 1610.96280 12570.9637 107810.531
78       Beverton-Holt 1644.58564 12535.6716  98796.601
79       Beverton-Holt 1674.32417 11776.1921  89806.726
80       Beverton-Holt 1223.78855  9444.4905  85168.448
81       Beverton-Holt 1364.04835 11756.6416 100194.130
82       Beverton-Holt 1066.70935 11137.3914 109967.554
83       Beverton-Holt 1230.49014 11648.0537  98529.522
84       Beverton-Holt  957.23893 10524.2607 114895.026
85       Beverton-Holt 1069.70010 10807.5888 108558.691
86       Beverton-Holt  889.33757 10853.0235 135643.941
87       Beverton-Holt  915.38209 10707.9956 134403.759
88       Beverton-Holt 1099.97662  9589.6492 104111.943
89       Beverton-Holt  692.45520  6962.4808  75728.509
90       Beverton-Holt  693.23401  7480.2516  76912.858
91       Beverton-Holt  754.32046  7759.6812  86149.666
92       Beverton-Holt  762.92510  7164.0661  76395.294
93       Beverton-Holt 1180.32252 10773.4732 121198.392
94       Beverton-Holt  874.95729  8335.0240  91973.255
95       Beverton-Holt 1150.48937 11519.5684  97720.567
96       Beverton-Holt 1038.11058  9058.0278 101639.921
97  Simplex projection 3511.14729 15966.9421  61233.190
98  Simplex projection 4050.82286 14765.5114  63066.681
99  Simplex projection 4522.56796 18214.8399  70941.122
100 Simplex projection 3722.65572 18617.1802 101621.039
101 Simplex projection 3323.97453 14970.6787  75595.655
102 Simplex projection 3970.39438 22050.4096 114739.476
103 Simplex projection 2804.88079 15893.5928  78527.792
104 Simplex projection 3775.82923 18939.7148 105296.075
105 Simplex projection 1441.29236  8810.7099  49300.910
106 Simplex projection   89.76984   630.9089   5784.001
107 Simplex projection 1120.28579  8536.8785  63835.548
108 Simplex projection 1499.27657 12909.6282 117197.125
109 Simplex projection  828.45952  7199.1213  54351.933
110 Simplex projection 1214.71614 11438.7541  80370.549
111 Simplex projection 1894.26733 15274.5937 119625.577
112 Simplex projection 2381.39371 18582.5298 166144.963
113 Simplex projection 1699.57394 13733.6152 119812.058
114 Simplex projection  463.30534  3638.0295  33502.848
115 Simplex projection  344.91664  3591.5295  38178.621
116 Simplex projection  260.55210  3408.2913  36505.199
117 Simplex projection  695.92113  6387.2511  72220.047
118 Simplex projection  832.41157  8777.1771  91919.120
119 Simplex projection  529.52780  5147.4706  52857.634
120 Simplex projection  944.43730 12193.5958 149761.132
121 Simplex projection 1116.97543 11431.5144 106116.611
122 Simplex projection 1015.22388 10192.3320 110126.494
123 Simplex projection  862.43400 11418.1682 109306.882
124 Simplex projection 1395.96051 15016.7871 131625.359
125 Simplex projection 1761.84019 16957.5634 191614.680
126 Simplex projection 1426.66443 16650.8051 159966.322
127 Simplex projection 1108.07703 11759.0062 114118.847
128 Simplex projection  369.56802  3838.4934  35211.793

$short_cov_prob
              method coverage_prob
1               mean       0.84375
2              AR(1)       0.84375
3      Beverton-Holt       0.84375
4 simplex projection       0.81250

$mrae
    year             method      mrae
1      1               mean 0.4710118
2      2               mean 0.7471587
3      3               mean 0.8846007
4      4               mean 0.6117263
5      5               mean 0.7214738
6      6               mean 0.5892808
7      7               mean 0.6616355
8      8               mean 0.8371686
9      9               mean 0.8888210
10    10               mean 0.7822709
11    11               mean 0.8096779
12    12               mean 2.4977749
13    13               mean 0.8167323
14    14               mean 0.6951591
15    15               mean 0.8673390
16    16               mean 0.7132451
17    17               mean 1.0011959
18    18               mean 1.0046316
19    19               mean 1.1054017
20    20               mean 1.6232076
21    21               mean 0.9422048
22    22               mean 0.9657677
23    23               mean 0.7796375
24    24               mean 0.9009349
25    25               mean 1.2817694
26    26               mean 0.8165564
27    27               mean 0.9080608
28    28               mean 2.1484863
29    29               mean 0.7952700
30    30               mean 0.7161215
31    31               mean 0.8447266
32    32               mean 0.7351913
33     1              AR(1) 0.4817813
34     2              AR(1) 0.7421897
35     3              AR(1) 0.7208775
36     4              AR(1) 1.5017887
37     5              AR(1) 0.7316204
38     6              AR(1) 0.5714854
39     7              AR(1) 0.6827224
40     8              AR(1) 0.9073147
41     9              AR(1) 1.3690811
42    10              AR(1) 0.3918717
43    11              AR(1) 0.7640319
44    12              AR(1) 2.4426469
45    13              AR(1) 1.0157232
46    14              AR(1) 0.7395646
47    15              AR(1) 0.8407203
48    16              AR(1) 0.5008547
49    17              AR(1) 0.8842526
50    18              AR(1) 0.3736053
51    19              AR(1) 0.5969949
52    20              AR(1) 1.6890457
53    21              AR(1) 1.2962838
54    22              AR(1) 0.6628952
55    23              AR(1) 0.8995481
56    24              AR(1) 0.8320812
57    25              AR(1) 1.3053265
58    26              AR(1) 0.9560345
59    27              AR(1) 0.7686762
60    28              AR(1) 2.1073030
61    29              AR(1) 1.0534203
62    30              AR(1) 0.6830270
63    31              AR(1) 0.7071048
64    32              AR(1) 0.7158931
65     1      Beverton-Holt 0.4798847
66     2      Beverton-Holt 0.7571813
67     3      Beverton-Holt 0.8185328
68     4      Beverton-Holt 0.5985596
69     5      Beverton-Holt 0.7553154
70     6      Beverton-Holt 0.5880017
71     7      Beverton-Holt 0.6185545
72     8      Beverton-Holt 0.8656356
73     9      Beverton-Holt 0.9083384
74    10      Beverton-Holt 0.7960447
75    11      Beverton-Holt 0.7776411
76    12      Beverton-Holt 2.5397305
77    13      Beverton-Holt 0.7853296
78    14      Beverton-Holt 0.6605613
79    15      Beverton-Holt 0.8277103
80    16      Beverton-Holt 0.5606925
81    17      Beverton-Holt 0.9747602
82    18      Beverton-Holt 0.9165863
83    19      Beverton-Holt 0.9831516
84    20      Beverton-Holt 1.5719216
85    21      Beverton-Holt 0.9619652
86    22      Beverton-Holt 0.9714491
87    23      Beverton-Holt 0.9277379
88    24      Beverton-Holt 0.8289056
89    25      Beverton-Holt 1.3112860
90    26      Beverton-Holt 0.5477478
91    27      Beverton-Holt 0.7288591
92    28      Beverton-Holt 2.1535478
93    29      Beverton-Holt 0.8176326
94    30      Beverton-Holt 0.5962222
95    31      Beverton-Holt 0.7601122
96    32      Beverton-Holt 0.6652990
97     1 simplex projection 0.4823476
98     2 simplex projection 0.7770515
99     3 simplex projection 0.8985486
100    4 simplex projection 0.8269233
101    5 simplex projection 0.7194029
102    6 simplex projection 1.0013393
103    7 simplex projection 0.6541256
104    8 simplex projection 1.1760015
105    9 simplex projection 0.5697585
106   10 simplex projection 0.2231596
107   11 simplex projection 0.7037046
108   12 simplex projection 2.4937682
109   13 simplex projection 0.5673946
110   14 simplex projection 0.6044703
111   15 simplex projection 1.0936645
112   16 simplex projection 1.2396992
113   17 simplex projection 1.1674381
114   18 simplex projection 0.2408701
115   19 simplex projection 0.3467044
116   20 simplex projection 1.7487321
117   21 simplex projection 0.5797820
118   22 simplex projection 0.7178898
119   23 simplex projection 0.3786939
120   24 simplex projection 1.1268998
121   25 simplex projection 1.2394829
122   26 simplex projection 0.7991857
123   27 simplex projection 0.8910069
124   28 simplex projection 2.0186778
125   29 simplex projection 1.3709666
126   30 simplex projection 1.2906905
127   31 simplex projection 0.8969491
128   32 simplex projection 0.4554944

$long_forecast_quants
                method    low_ci    median     up_ci
1                 Mean 3979.0177 16115.526  61004.61
2                 Mean 6645.4516 17684.050  49983.75
3                 Mean 5522.9315 16345.455  39916.34
4                 Mean 7294.8029 16624.890  37763.67
5                 Mean 6916.2853 15513.219  33384.72
6                 Mean 6772.0278 16034.607  36483.15
7                 Mean 6336.5478 15190.759  34524.59
8                 Mean 5970.4826 14672.256  36677.91
9                 Mean 5684.2737 13893.764  36029.54
10                Mean 5347.5414 13783.478  36121.29
11                Mean 5118.1247 13708.700  36153.35
12                Mean 4445.6430 12744.652  37067.97
13                Mean 4215.6296 12041.213  38608.09
14                Mean 3924.7526 12946.901  38311.33
15                Mean 3804.7537 12740.517  40218.98
16                Mean 4143.0696 12347.592  37974.64
17                Mean 4116.8836 12901.420  41943.76
18                Mean 3824.7246 12756.941  38444.73
19                Mean 3942.4212 11866.442  38525.07
20                Mean 3683.5990 11068.557  37266.12
21                Mean 3274.3919 11178.801  39118.14
22                Mean 3132.7880 10670.406  38745.61
23                Mean 2890.0436 11017.252  36996.80
24                Mean 2857.4689 10169.945  34329.48
25                Mean 2989.0630 10557.312  36307.67
26                Mean 2688.3025 10154.369  36325.24
27                Mean 2948.4537  9961.361  34082.40
28                Mean 2751.5126 10039.120  31647.53
29                Mean 3150.5533 11694.291  40381.41
30                Mean 2018.0236 10200.723  48409.44
31                Mean 2261.8103 13284.528  82254.07
32                Mean  941.0378 10340.280  89202.82
33               AR(1) 3574.7266 16397.253  63654.19
34               AR(1) 6730.4897 18074.680  55145.31
35               AR(1) 6055.8094 14988.677  41902.54
36               AR(1) 8626.9687 19903.858  46361.67
37               AR(1) 7234.6379 15580.143  35653.56
38               AR(1) 6923.8705 16311.956  36272.40
39               AR(1) 6024.4717 15348.253  38037.30
40               AR(1) 6424.9577 14846.279  35986.87
41               AR(1) 6240.5538 15514.091  39226.13
42               AR(1) 4683.2218 12382.832  32685.78
43               AR(1) 4920.9635 12191.176  34107.90
44               AR(1) 4395.6784 13388.421  37627.61
45               AR(1) 4225.7112 12871.016  40795.39
46               AR(1) 4074.4621 12681.933  39979.13
47               AR(1) 3993.7786 12335.441  37204.08
48               AR(1) 3659.0498 11765.393  35570.65
49               AR(1) 3823.9718 12198.310  36038.85
50               AR(1) 3356.0215 10644.592  33942.14
51               AR(1) 3200.9241 10536.417  33516.47
52               AR(1) 2674.5974  9271.518  29623.04
53               AR(1) 3514.0201 11187.592  36197.57
54               AR(1) 2821.1282  9838.698  34229.33
55               AR(1) 2997.6209 10529.859  36468.89
56               AR(1) 2683.7057  9699.097  35851.23
57               AR(1) 2613.7705  9556.538  31864.96
58               AR(1) 2941.7261 10825.831  36021.34
59               AR(1) 2964.2102 10216.584  35488.52
60               AR(1) 2964.6380 10443.064  37948.03
61               AR(1) 3046.9961 11307.106  39456.22
62               AR(1) 2159.4999  9753.559  51927.82
63               AR(1) 2192.1186 12383.767  98207.52
64               AR(1) 1105.6098 10679.382 107493.16
65       Beverton-Holt 3542.3571 16468.307  72096.21
66       Beverton-Holt 6714.8055 18033.438  55974.85
67       Beverton-Holt 5989.0314 15653.922  39557.39
68       Beverton-Holt 7790.9215 16624.217  37573.34
69       Beverton-Holt 7215.5101 15597.312  34100.00
70       Beverton-Holt 6559.3849 15526.714  35530.37
71       Beverton-Holt 6517.0509 15100.935  34624.44
72       Beverton-Holt 6224.7883 14341.724  35138.61
73       Beverton-Holt 5929.3737 13995.159  34917.11
74       Beverton-Holt 5134.6607 13736.009  36391.36
75       Beverton-Holt 4854.0091 13411.333  33810.94
76       Beverton-Holt 4653.2978 12898.412  35398.90
77       Beverton-Holt 3880.5692 12506.957  35525.85
78       Beverton-Holt 3701.5169 12273.734  37094.31
79       Beverton-Holt 4063.0992 12383.515  35640.97
80       Beverton-Holt 4141.8033 12487.262  36700.02
81       Beverton-Holt 4180.9157 12050.492  34673.94
82       Beverton-Holt 3567.2106 11716.924  33990.48
83       Beverton-Holt 3860.6681 11807.482  36258.28
84       Beverton-Holt 3228.0106 11048.014  39042.43
85       Beverton-Holt 3266.2425 10409.623  34341.59
86       Beverton-Holt 3340.9278 11136.757  34380.12
87       Beverton-Holt 3028.6440 10410.477  36761.11
88       Beverton-Holt 3131.8017 10842.121  35059.22
89       Beverton-Holt 2901.5599  9588.277  31730.25
90       Beverton-Holt 2341.0863  8843.309  30520.21
91       Beverton-Holt 2318.9062  8043.511  29437.46
92       Beverton-Holt 2438.0328  8002.397  26865.65
93       Beverton-Holt 2435.3563  8038.798  30909.12
94       Beverton-Holt 1582.3231  7768.940  32791.97
95       Beverton-Holt 2097.8135  9994.077  63343.10
96       Beverton-Holt  759.3190  8531.505  96434.43
97  Simplex projection 3986.1307 15978.828  65698.78
98  Simplex projection 6567.4646 18114.059  56262.48
99  Simplex projection 6228.6322 16402.375  43097.87
100 Simplex projection 7486.0034 17139.542  40923.54
101 Simplex projection 6817.3683 16266.239  36506.35
102 Simplex projection 7595.2742 18657.284  44787.74
103 Simplex projection 6338.4244 15572.034  37174.33
104 Simplex projection 7778.5772 19105.553  43909.70
105 Simplex projection 3812.4492  9044.561  22730.48
106 Simplex projection 2346.3817  7585.806  20108.93
107 Simplex projection 2852.0707  8007.051  21490.08
108 Simplex projection 4199.0565 11942.953  33885.28
109 Simplex projection 3259.3047  9145.300  26843.91
110 Simplex projection 3936.2857 11084.137  35170.06
111 Simplex projection 4361.9583 14407.003  42449.87
112 Simplex projection 5881.8171 17370.512  55043.48
113 Simplex projection 4474.4480 13843.450  46639.77
114 Simplex projection 1349.6268  4215.157  12922.75
115 Simplex projection 2064.4512  6717.826  22583.28
116 Simplex projection 3498.0082 13300.149  45435.34
117 Simplex projection 4646.7544 17937.200  64964.13
118 Simplex projection 1589.7637  6374.980  22222.18
119 Simplex projection 1601.4938  5905.770  20871.13
120 Simplex projection 2414.8567  8408.641  32185.87
121 Simplex projection 2858.8597  9383.526  32115.59
122 Simplex projection 3290.5399 11481.164  37474.63
123 Simplex projection 3492.9410 12844.090  47654.56
124 Simplex projection 4992.2294 17936.709  65402.16
125 Simplex projection 4421.3186 16314.014  60988.52
126 Simplex projection 2566.6815 12730.070  65998.56
127 Simplex projection 3458.0325 16962.039 127195.15
128 Simplex projection 1708.8232 16569.433 188518.79

$long_cov_prob
              method coverage_prob
1               mean       0.59375
2              AR(1)       0.56250
3      Beverton-Holt       0.53125
4 simplex projection       0.62500

$yr_trend
                method    low_ci    median    up_ci
1                 Mean 11067.265 18198.571 29932.99
2                 Mean 11604.309 17604.188 27775.17
3                 Mean 11211.131 16766.344 25356.89
4                 Mean 11137.642 16488.876 24403.14
5                 Mean 10706.091 16092.006 24890.05
6                 Mean 10570.032 15853.758 24816.98
7                 Mean  9885.923 15517.424 24252.04
8                 Mean  9620.715 15281.295 23845.52
9                 Mean  9246.924 14701.088 23231.99
10                Mean  8634.941 14429.862 23781.47
11                Mean  8650.336 14361.061 24384.08
12                Mean  8392.292 14171.880 24996.30
13                Mean  8436.606 14202.420 24785.67
14                Mean  8520.518 14359.818 24621.16
15                Mean  8676.370 14249.031 24794.19
16                Mean  8502.760 13924.011 23756.67
17                Mean  8104.144 13663.090 23268.66
18                Mean  7935.942 13110.471 23369.15
19                Mean  7380.076 12906.321 23016.51
20                Mean  6839.921 12691.972 23665.09
21                Mean  6971.964 12258.602 23241.35
22                Mean  7001.342 12154.632 22451.24
23                Mean  6567.901 12091.126 21776.14
24                Mean  6581.496 11938.424 20498.22
25                Mean  6479.608 12161.231 21594.28
26                Mean  6365.731 12104.493 24082.24
27                Mean  6938.468 13120.320 32027.99
28                Mean  6618.638 14152.765 37928.87
29               AR(1) 11712.034 18597.017 33015.38
30               AR(1) 11797.748 18253.949 29462.85
31               AR(1) 11899.276 17663.085 26712.30
32               AR(1) 11981.780 17810.616 25724.35
33               AR(1) 11439.814 16877.718 25263.87
34               AR(1) 10811.376 16288.242 24842.01
35               AR(1) 10348.827 15408.671 24632.79
36               AR(1)  9744.765 14980.928 24147.21
37               AR(1)  9152.727 14608.014 24586.19
38               AR(1)  8695.325 14136.454 23504.69
39               AR(1)  8662.569 14368.836 24947.79
40               AR(1)  8539.468 14237.919 24470.15
41               AR(1)  8404.459 14200.564 23985.30
42               AR(1)  8148.887 13729.245 23469.34
43               AR(1)  7854.657 13115.000 22136.12
44               AR(1)  7347.270 12372.212 21058.47
45               AR(1)  7194.276 12370.110 21298.65
46               AR(1)  6747.041 11911.593 21027.70
47               AR(1)  6522.097 11943.457 21185.94
48               AR(1)  6540.253 11734.320 21568.98
49               AR(1)  6589.057 11962.059 21116.64
50               AR(1)  6606.707 11622.115 21706.57
51               AR(1)  6453.028 11802.207 21330.21
52               AR(1)  6520.041 11762.630 22383.27
53               AR(1)  6771.533 12279.505 23262.65
54               AR(1)  6665.219 12637.669 25821.09
55               AR(1)  6826.555 13560.074 33579.11
56               AR(1)  7040.314 14390.170 39596.06
57       Beverton-Holt 11843.924 18177.920 31569.65
58       Beverton-Holt 12237.290 17746.150 27100.18
59       Beverton-Holt 11442.697 16900.775 24939.83
60       Beverton-Holt 11702.211 16464.449 24415.35
61       Beverton-Holt 11111.613 15897.056 23326.39
62       Beverton-Holt 10814.362 15605.137 23778.00
63       Beverton-Holt 10341.354 15162.809 23025.22
64       Beverton-Holt  9857.353 14856.251 23434.60
65       Beverton-Holt  9537.353 14590.024 23316.19
66       Beverton-Holt  8971.489 14348.064 23547.39
67       Beverton-Holt  8706.184 14142.335 23402.14
68       Beverton-Holt  8564.043 13962.151 23555.87
69       Beverton-Holt  8122.914 13724.000 23079.04
70       Beverton-Holt  7980.193 13614.845 22822.63
71       Beverton-Holt  8386.165 13434.511 22755.89
72       Beverton-Holt  8064.236 13244.808 22642.67
73       Beverton-Holt  7878.498 12948.013 22419.90
74       Beverton-Holt  7539.296 12677.798 22096.29
75       Beverton-Holt  7566.295 12382.189 21796.16
76       Beverton-Holt  7153.247 12415.168 22287.30
77       Beverton-Holt  7050.493 12182.526 20914.81
78       Beverton-Holt  6837.560 11765.367 20388.77
79       Beverton-Holt  6169.864 11231.146 19530.28
80       Beverton-Holt  5863.782 10595.784 19050.72
81       Beverton-Holt  5544.191 10062.616 17383.14
82       Beverton-Holt  5404.987  9706.519 17651.90
83       Beverton-Holt  5515.537 10334.308 22006.37
84       Beverton-Holt  5044.936 10962.594 31874.53
85  Simplex projection 11862.148 18453.360 30974.45
86  Simplex projection 12218.268 18842.315 28919.45
87  Simplex projection 12228.620 18184.870 27773.25
88  Simplex projection 12716.629 18582.894 27713.32
89  Simplex projection 11527.372 17012.320 25237.86
90  Simplex projection 10023.358 15012.606 22808.20
91  Simplex projection  8500.852 12799.935 20161.44
92  Simplex projection  7760.382 12053.554 19568.73
93  Simplex projection  6276.532 10108.225 16369.15
94  Simplex projection  6444.565 10695.409 17997.31
95  Simplex projection  7388.246 12274.959 21081.64
96  Simplex projection  8998.536 14512.240 25141.28
97  Simplex projection  9100.156 15145.418 26217.99
98  Simplex projection  8109.880 13978.954 25147.73
99  Simplex projection  7164.283 12925.291 23572.97
100 Simplex projection  7034.017 12797.996 23524.33
101 Simplex projection  6788.699 12984.655 24750.49
102 Simplex projection  5932.190 11158.773 21556.70
103 Simplex projection  6198.390 11452.718 22237.16
104 Simplex projection  6335.705 12055.682 23608.24
105 Simplex projection  5816.995 11234.761 22141.56
106 Simplex projection  5357.140  9683.032 18554.11
107 Simplex projection  6501.201 11163.954 21511.62
108 Simplex projection  7772.477 14216.580 26761.05
109 Simplex projection  9012.762 16110.834 30107.36
110 Simplex projection  9295.329 17218.745 35903.33
111 Simplex projection  9625.966 18852.432 47555.50
112 Simplex projection  9643.871 21354.078 67293.75

