$short_forecast_quants
                method    low_ci    median     up_ci
1                 Mean 13892.801  44025.43 144398.90
2                 Mean 15395.277  47176.91 142325.52
3                 Mean 12802.050  43420.12 139290.30
4                 Mean 12093.643  42897.94 144811.94
5                 Mean 14064.938  42378.42 136753.72
6                 Mean 13835.114  41455.55 128596.97
7                 Mean 13693.599  44419.36 134702.71
8                 Mean 13986.111  43745.61 135317.15
9                 Mean 13163.330  42504.38 118564.17
10                Mean 12601.271  39964.67 118440.83
11                Mean 14270.524  40786.80 118737.40
12                Mean 12621.465  40803.73 134060.52
13                Mean 13253.796  37670.13 130440.45
14                Mean 12867.481  41156.47 127307.40
15                Mean 12119.717  39067.54 135118.15
16                Mean 11975.124  41465.03 141819.77
17                Mean 11147.807  40686.05 140202.42
18                Mean 12014.524  41126.06 129644.66
19                Mean 10859.643  39333.36 130721.20
20                Mean 10215.878  39474.41 149264.60
21                Mean 10086.043  40983.36 179678.18
22                Mean  8894.662  38382.85 179294.55
23                Mean  8252.949  42132.87 188108.54
24                Mean  9454.740  41537.42 179609.57
25                Mean 10060.454  42609.79 179115.96
26               AR(1) 14096.390  45216.21 144553.44
27               AR(1) 13872.767  42555.37 128377.06
28               AR(1) 11724.930  38520.10 120760.76
29               AR(1) 10199.066  33328.27 104191.99
30               AR(1) 11874.594  37079.42 124946.54
31               AR(1) 13397.086  42707.29 129459.73
32               AR(1) 13846.914  46720.61 163780.89
33               AR(1) 14321.137  44131.64 142144.72
34               AR(1) 11794.880  35291.47 106875.63
35               AR(1) 11233.081  35068.86  99845.95
36               AR(1) 11620.261  36546.38 101054.12
37               AR(1) 16516.416  49848.08 153437.38
38               AR(1) 11090.730  32773.83 102522.86
39               AR(1) 13046.259  42933.65 143470.70
40               AR(1) 10675.662  35565.27 113965.46
41               AR(1) 13400.658  45539.70 150668.72
42               AR(1) 11386.921  40266.27 142207.28
43               AR(1) 10592.268  39158.36 134573.92
44               AR(1) 12838.770  49964.28 185119.36
45               AR(1)  8181.686  33370.96 130993.94
46               AR(1)  7931.602  34509.02 148063.57
47               AR(1)  9360.386  41096.98 206472.74
48               AR(1) 10371.943  44080.62 193573.24
49               AR(1)  8701.750  41806.38 180124.51
50               AR(1)  8293.309  39890.88 172241.81
51       Beverton-Holt 12445.761  40884.70 137688.78
52       Beverton-Holt 12480.077  39353.96 123443.85
53       Beverton-Holt 11413.261  37672.16 110607.59
54       Beverton-Holt 10313.606  33045.98 101047.84
55       Beverton-Holt 10023.152  31146.29  95103.04
56       Beverton-Holt 11727.831  32926.38 101624.25
57       Beverton-Holt 10883.242  32999.75 103259.07
58       Beverton-Holt 11863.978  34145.32 103030.69
59       Beverton-Holt 10560.783  33374.50 103597.22
60       Beverton-Holt 12284.402  34737.76 102480.67
61       Beverton-Holt 12650.460  35014.77 101787.37
62       Beverton-Holt 12322.060  37285.57 103600.76
63       Beverton-Holt 12083.192  37538.80 112674.01
64       Beverton-Holt 12294.796  40178.22 117846.29
65       Beverton-Holt 12545.772  39671.78 140491.08
66       Beverton-Holt 11333.301  41075.36 131309.93
67       Beverton-Holt 12820.163  40899.59 129680.49
68       Beverton-Holt 14017.266  42500.19 133358.77
69       Beverton-Holt 10980.729  42540.93 137924.20
70       Beverton-Holt 10127.871  39200.16 151180.98
71       Beverton-Holt 10284.218  42405.49 191767.06
72       Beverton-Holt  9101.644  40626.49 170346.74
73       Beverton-Holt 12002.954  43960.42 195167.51
74       Beverton-Holt 11795.602  47888.33 216639.32
75       Beverton-Holt 11498.459  50147.90 192581.73
76  Simplex projection 16050.838  49932.81 165042.05
77  Simplex projection 12265.733  37118.15 121839.34
78  Simplex projection 10763.065  37357.76 115886.57
79  Simplex projection 11285.900  39295.11 138355.89
80  Simplex projection 10948.168  36292.85 109408.20
81  Simplex projection  8599.299  28750.58  90037.55
82  Simplex projection 12195.789  38866.24 126682.94
83  Simplex projection 13017.077  41662.93 133747.90
84  Simplex projection  9476.078  32120.36 105165.19
85  Simplex projection 10329.422  30142.22  99152.82
86  Simplex projection  9368.731  29040.61  94121.63
87  Simplex projection 10770.796  34956.87 110596.97
88  Simplex projection  9634.208  30967.34  95313.94
89  Simplex projection 10103.841  34105.11 111102.37
90  Simplex projection 10453.680  32690.51 109862.62
91  Simplex projection  8844.870  30920.92 102114.62
92  Simplex projection 13225.959  44719.68 166263.37
93  Simplex projection 17798.432  54763.19 180593.39
94  Simplex projection 27359.298 105629.72 383738.88
95  Simplex projection  8275.952  33007.19 136283.87
96  Simplex projection  9708.496  40301.09 160898.40
97  Simplex projection  7725.727  36181.07 154935.08
98  Simplex projection  9116.760  41686.40 201718.24
99  Simplex projection  7832.528  38256.81 161619.21
100 Simplex projection 10117.919  39524.08 145350.34

$short_cov_prob
              method coverage_prob
1               mean          0.84
2              AR(1)          0.80
3      Beverton-Holt          0.84
4 simplex projection          0.84

$mrae
    year             method      mrae
1      1               mean 0.8306116
2      2               mean 1.1056949
3      3               mean 1.1995184
4      4               mean 1.0269709
5      5               mean 0.8427817
6      6               mean 0.8780308
7      7               mean 0.8473634
8      8               mean 1.0289385
9      9               mean 1.0217826
10    10               mean 0.9319002
11    11               mean 1.3382601
12    12               mean 1.3160091
13    13               mean 1.0120136
14    14               mean 1.2575281
15    15               mean 3.8398512
16    16               mean 1.0006366
17    17               mean 1.7327931
18    18               mean 1.2355008
19    19               mean 1.1980938
20    20               mean 5.5306504
21    21               mean 1.5598595
22    22               mean 0.7326224
23    23               mean 0.8498607
24    24               mean 0.7330678
25    25               mean 0.7423657
26     1              AR(1) 0.8380670
27     2              AR(1) 0.9758784
28     3              AR(1) 1.0389171
29     4              AR(1) 0.6684491
30     5              AR(1) 0.6905555
31     6              AR(1) 0.8734608
32     7              AR(1) 0.9469695
33     8              AR(1) 1.0594932
34     9              AR(1) 0.7733012
35    10              AR(1) 0.7627932
36    11              AR(1) 1.4289492
37    12              AR(1) 1.6398773
38    13              AR(1) 1.0190604
39    14              AR(1) 1.3571876
40    15              AR(1) 4.0321945
41    16              AR(1) 1.1644236
42    17              AR(1) 1.7672064
43    18              AR(1) 1.2209021
44    19              AR(1) 1.5748441
45    20              AR(1) 5.7429967
46    21              AR(1) 1.6476012
47    22              AR(1) 0.8721335
48    23              AR(1) 0.8613208
49    24              AR(1) 0.7470168
50    25              AR(1) 0.7131878
51     1      Beverton-Holt 0.7292586
52     2      Beverton-Holt 0.8691544
53     3      Beverton-Holt 0.9165691
54     4      Beverton-Holt 0.6283737
55     5      Beverton-Holt 0.6394401
56     6      Beverton-Holt 0.8826845
57     7      Beverton-Holt 0.7491991
58     8      Beverton-Holt 0.6882761
59     9      Beverton-Holt 0.7428910
60    10      Beverton-Holt 0.7219587
61    11      Beverton-Holt 1.4536768
62    12      Beverton-Holt 1.0570734
63    13      Beverton-Holt 0.9451465
64    14      Beverton-Holt 1.1531769
65    15      Beverton-Holt 3.8535314
66    16      Beverton-Holt 0.9927042
67    17      Beverton-Holt 1.7321409
68    18      Beverton-Holt 1.3097930
69    19      Beverton-Holt 1.2874214
70    20      Beverton-Holt 5.5719422
71    21      Beverton-Holt 1.5449143
72    22      Beverton-Holt 0.7577269
73    23      Beverton-Holt 0.8912552
74    24      Beverton-Holt 0.8784701
75    25      Beverton-Holt 0.8663202
76     1 simplex projection 0.9705792
77     2 simplex projection 0.8005186
78     3 simplex projection 0.9518979
79     4 simplex projection 0.8993625
80     5 simplex projection 0.7050491
81     6 simplex projection 0.9469628
82     7 simplex projection 0.7663436
83     8 simplex projection 1.0097523
84     9 simplex projection 0.7162378
85    10 simplex projection 0.6125017
86    11 simplex projection 1.6410985
87    12 simplex projection 1.0066796
88    13 simplex projection 1.0391350
89    14 simplex projection 0.9946344
90    15 simplex projection 4.1264438
91    16 simplex projection 0.6422196
92    17 simplex projection 1.6572506
93    18 simplex projection 1.8063700
94    19 simplex projection 3.5415779
95    20 simplex projection 5.7489111
96    21 simplex projection 1.5245842
97    22 simplex projection 0.6686012
98    23 simplex projection 0.8765245
99    24 simplex projection 0.7139773
100   25 simplex projection 0.6437011

$long_forecast_quants
                method    low_ci   median     up_ci
1                 Mean 14314.200 46687.51 138376.20
2                 Mean 20648.617 48438.51 118636.78
3                 Mean 20379.774 45410.15 102516.19
4                 Mean 24173.050 46108.60  88974.77
5                 Mean 22310.162 43898.98  85621.33
6                 Mean 23904.031 42702.83  78138.08
7                 Mean 23277.829 43198.06  80443.62
8                 Mean 22578.660 42711.77  78792.02
9                 Mean 22091.596 41819.06  77356.19
10                Mean 22179.694 42067.02  79006.96
11                Mean 22134.217 40706.77  76920.87
12                Mean 22351.003 41399.95  79662.69
13                Mean 22592.497 40441.23  72759.01
14                Mean 22152.736 41314.31  76375.74
15                Mean 22517.865 41393.79  76124.89
16                Mean 21842.525 40465.67  76115.11
17                Mean 20689.394 40687.06  77239.27
18                Mean 20785.339 40332.60  75354.59
19                Mean 21240.675 40336.54  77038.74
20                Mean 19540.812 39977.72  83024.54
21                Mean 19969.542 40240.19  81908.17
22                Mean 19535.288 40995.29  85388.62
23                Mean 16073.421 39502.42  99008.25
24                Mean 14720.242 43072.09 136587.14
25                Mean  8353.251 39073.46 198842.61
26               AR(1) 14106.657 45133.88 147423.28
27               AR(1) 20674.006 48900.82 112641.89
28               AR(1) 20074.707 42486.53  90825.33
29               AR(1) 22042.795 42417.92  82639.81
30               AR(1) 22511.629 41647.48  80151.17
31               AR(1) 22863.939 42176.13  81617.52
32               AR(1) 23959.905 44121.07  83595.18
33               AR(1) 23684.876 42672.87  80045.04
34               AR(1) 22678.701 41574.68  78581.67
35               AR(1) 21569.198 40800.51  77600.64
36               AR(1) 21564.713 40252.08  73286.21
37               AR(1) 23640.290 41821.75  78384.16
38               AR(1) 21556.173 40099.97  70719.77
39               AR(1) 22300.210 41629.60  76500.86
40               AR(1) 21618.482 39692.01  73981.07
41               AR(1) 22062.242 41698.96  77279.40
42               AR(1) 21518.130 41111.86  81567.02
43               AR(1) 21558.355 40873.95  77587.93
44               AR(1) 20923.304 42290.28  82621.55
45               AR(1) 19184.882 39084.96  79964.33
46               AR(1) 18548.378 38354.41  81344.53
47               AR(1) 18664.621 41049.42  88966.86
48               AR(1) 15057.035 39844.34 101887.65
49               AR(1) 15273.358 45111.94 128847.53
50               AR(1)  8774.623 39635.25 173290.79
51       Beverton-Holt 12481.862 40718.39 115884.08
52       Beverton-Holt 18561.417 42696.28 104728.29
53       Beverton-Holt 18297.436 38502.32  81278.34
54       Beverton-Holt 20224.376 38183.76  72414.20
55       Beverton-Holt 19008.597 35712.01  67378.66
56       Beverton-Holt 18874.549 34604.75  66134.08
57       Beverton-Holt 17536.251 33644.07  60315.98
58       Beverton-Holt 18679.240 33662.82  60143.92
59       Beverton-Holt 18879.397 33506.49  60050.63
60       Beverton-Holt 20207.799 36015.39  61076.55
61       Beverton-Holt 21022.020 36613.04  64733.53
62       Beverton-Holt 20377.133 37345.70  64926.16
63       Beverton-Holt 22249.901 39727.17  71327.44
64       Beverton-Holt 22450.950 40039.29  68393.69
65       Beverton-Holt 22269.039 38549.53  70660.42
66       Beverton-Holt 21369.598 39945.71  76652.87
67       Beverton-Holt 21976.172 40981.75  78466.63
68       Beverton-Holt 22876.724 41987.04  76156.11
69       Beverton-Holt 22089.371 42767.63  81948.45
70       Beverton-Holt 21413.283 43000.06  82995.36
71       Beverton-Holt 21879.311 43939.51  87811.24
72       Beverton-Holt 22196.749 45584.00  92327.85
73       Beverton-Holt 17418.370 44935.81 117771.44
74       Beverton-Holt 17196.642 50002.88 148039.37
75       Beverton-Holt 11018.843 45756.74 201351.96
76  Simplex projection 15292.102 48028.95 158461.22
77  Simplex projection 18898.113 43199.31  99273.41
78  Simplex projection 16137.582 36213.48  79529.17
79  Simplex projection 23459.582 43924.28  83184.03
80  Simplex projection 23137.011 41791.67  79033.04
81  Simplex projection 17512.537 31945.15  59769.85
82  Simplex projection 19223.005 36945.05  70515.07
83  Simplex projection 21643.742 40503.99  76276.42
84  Simplex projection 17409.380 32793.96  61055.03
85  Simplex projection 17758.179 33064.81  64282.44
86  Simplex projection 17323.698 33265.92  63245.17
87  Simplex projection 16654.043 30972.32  58906.25
88  Simplex projection 17456.157 32822.58  59930.73
89  Simplex projection 18773.750 35471.71  66703.76
90  Simplex projection 16718.153 30802.13  58133.07
91  Simplex projection 16579.637 32086.56  62031.42
92  Simplex projection 19524.284 37791.31  73280.45
93  Simplex projection 16072.840 31041.08  60346.51
94  Simplex projection 23789.928 52676.15 110321.87
95  Simplex projection 21577.639 48729.84 107212.15
96  Simplex projection 21829.988 44998.49  89674.33
97  Simplex projection 18920.167 41963.65  89692.05
98  Simplex projection 15445.835 38120.87 108312.43
99  Simplex projection 20260.828 57627.22 176657.04
100 Simplex projection  7542.311 31466.56 149843.99

$long_cov_prob
              method coverage_prob
1               mean          0.60
2              AR(1)          0.56
3      Beverton-Holt          0.56
4 simplex projection          0.64

$yr_trend
               method   low_ci   median    up_ci
1                Mean 34145.52 49507.28 74485.28
2                Mean 34949.36 47712.10 67132.28
3                Mean 34984.14 46270.24 62854.53
4                Mean 34436.78 45790.99 60018.57
5                Mean 33110.83 45098.18 59299.95
6                Mean 33324.64 44482.55 58268.91
7                Mean 33185.09 43817.51 59065.87
8                Mean 33607.89 43244.44 57900.64
9                Mean 33061.31 42951.98 56540.12
10               Mean 33525.41 43076.78 57464.63
11               Mean 32982.69 42742.38 56310.64
12               Mean 31997.22 42588.71 56204.42
13               Mean 32194.33 42433.33 56974.12
14               Mean 31683.93 42393.40 56407.83
15               Mean 31930.32 42049.81 56809.75
16               Mean 30924.75 42230.44 58128.12
17               Mean 31074.78 42021.34 58428.13
18               Mean 30547.71 42191.88 59397.54
19               Mean 30038.31 42395.07 61389.24
20               Mean 29572.22 43823.02 67198.80
21               Mean 27969.38 44331.65 82880.30
22              AR(1) 32508.45 47221.21 71873.56
23              AR(1) 34174.39 46157.38 64640.05
24              AR(1) 33475.62 44689.19 61209.35
25              AR(1) 34162.63 44641.41 60504.54
26              AR(1) 33548.87 44365.84 59696.57
27              AR(1) 33116.84 43983.48 58953.04
28              AR(1) 32869.28 43466.63 57218.41
29              AR(1) 32904.73 42986.16 57531.80
30              AR(1) 32520.31 42223.71 56173.65
31              AR(1) 32654.15 42455.16 55415.61
32              AR(1) 32446.18 42373.56 55215.64
33              AR(1) 32317.01 42902.50 56360.15
34              AR(1) 31913.53 42586.77 57487.89
35              AR(1) 32167.49 42690.09 58374.78
36              AR(1) 32061.88 42825.27 58266.24
37              AR(1) 31475.69 43093.90 58769.05
38              AR(1) 31119.41 42351.28 58334.98
39              AR(1) 31048.31 42426.13 57924.51
40              AR(1) 30041.15 42745.92 61978.17
41              AR(1) 29259.80 43742.78 66508.60
42              AR(1) 28940.12 44967.73 77023.81
43      Beverton-Holt 28416.50 41432.34 62233.87
44      Beverton-Holt 28820.78 40034.43 55017.13
45      Beverton-Holt 27616.36 37584.61 50787.15
46      Beverton-Holt 27552.23 36593.10 48449.04
47      Beverton-Holt 27316.38 35379.25 47825.99
48      Beverton-Holt 27133.45 35449.85 46590.49
49      Beverton-Holt 27743.30 35876.01 46595.26
50      Beverton-Holt 28236.57 36840.30 47739.95
51      Beverton-Holt 29329.24 37829.10 48832.56
52      Beverton-Holt 30352.41 39018.98 50518.30
53      Beverton-Holt 30163.63 39444.85 52293.65
54      Beverton-Holt 30801.04 40494.60 53245.66
55      Beverton-Holt 31577.98 40905.42 55168.83
56      Beverton-Holt 32025.09 41881.35 55581.59
57      Beverton-Holt 31996.12 42706.04 56663.26
58      Beverton-Holt 32646.06 43739.69 58501.99
59      Beverton-Holt 32678.83 44512.34 59151.11
60      Beverton-Holt 33521.51 45670.19 61412.29
61      Beverton-Holt 33051.57 46489.29 66134.12
62      Beverton-Holt 33547.04 48287.72 78779.46
63      Beverton-Holt 32629.68 50278.08 91723.97
64 Simplex projection 31777.34 45696.25 70240.38
65 Simplex projection 30374.13 41719.67 58097.94
66 Simplex projection 29909.16 40308.66 54035.12
67 Simplex projection 30416.41 41138.34 53981.61
68 Simplex projection 28137.19 38787.00 50920.47
69 Simplex projection 27407.17 36691.19 48600.62
70 Simplex projection 27326.19 36763.92 49651.17
71 Simplex projection 26644.05 35630.44 47556.64
72 Simplex projection 25785.25 34022.26 44832.56
73 Simplex projection 26011.39 34576.80 46642.76
74 Simplex projection 25727.27 34147.15 44678.65
75 Simplex projection 25258.55 34057.84 45275.39
76 Simplex projection 26476.18 35314.05 47309.29
77 Simplex projection 26235.09 34908.20 47379.10
78 Simplex projection 28590.03 38596.77 53301.13
79 Simplex projection 30505.36 42401.65 60442.43
80 Simplex projection 32564.85 45124.58 63820.10
81 Simplex projection 33131.59 46065.81 65233.06
82 Simplex projection 33509.34 48227.96 71708.29
83 Simplex projection 33833.95 49767.48 80879.51
84 Simplex projection 30254.07 47549.91 82102.97

