$short_forecast_quants
                method   low_ci    median     up_ci
1                 Mean 41.55012  87.89007 170.13438
2                 Mean 42.65525  81.69198 177.64885
3                 Mean 37.84305  80.33000 176.43697
4                 Mean 31.98480  77.75052 177.28015
5                 Mean 32.03374  77.86209 185.34423
6                 Mean 33.30740  76.79519 173.71287
7                 Mean 30.10351  79.37278 171.06075
8                 Mean 30.85169  74.63144 180.38185
9                 Mean 28.48177  72.36344 186.85237
10                Mean 28.13233  70.41150 187.11776
11                Mean 28.08950  72.82400 178.00669
12                Mean 29.00223  71.84916 182.76505
13                Mean 25.83780  70.24782 198.36491
14                Mean 28.17001  70.36151 177.81230
15                Mean 28.31427  71.94705 186.84741
16                Mean 26.23804  71.23517 198.94864
17                Mean 25.27705  67.55838 183.21037
18                Mean 28.10798  71.96001 186.82755
19                Mean 28.57835  70.71492 164.13441
20                Mean 30.15343  72.06846 184.89236
21                Mean 27.84825  71.06043 201.60189
22                Mean 28.09438  69.85182 178.19892
23                Mean 28.92487  71.48133 184.13244
24                Mean 30.42512  71.57096 180.34796
25                Mean 28.48243  72.25287 173.31929
26                Mean 29.78434  70.88139 173.21910
27                Mean 27.40829  71.88425 168.18579
28                Mean 27.92663  70.22847 178.85437
29               AR(1) 35.59703  54.97937  82.87221
30               AR(1) 29.31610  47.50891  70.60087
31               AR(1) 25.39179  37.93947  60.28493
32               AR(1) 20.65993  32.05211  48.92092
33               AR(1) 24.88117  38.18221  60.32062
34               AR(1) 54.18722  86.41194 140.35747
35               AR(1) 37.98823  63.36041 105.91962
36               AR(1) 18.29356  33.44345  60.96558
37               AR(1) 18.10558  31.71250  55.06092
38               AR(1) 20.49832  35.59537  62.54228
39               AR(1) 30.06884  54.32164 100.14736
40               AR(1) 52.07612  91.61163 162.80531
41               AR(1) 27.16881  51.44836  95.57483
42               AR(1) 35.63693  65.19381 117.56556
43               AR(1) 70.73321 138.58090 267.81568
44               AR(1) 40.40000  81.49837 160.76641
45               AR(1) 22.35750  46.70921  92.64311
46               AR(1) 26.40120  53.63977 109.37993
47               AR(1) 31.43992  63.69994 126.98291
48               AR(1) 38.58837  73.83364 158.32115
49               AR(1) 51.13390 105.48208 211.01570
50               AR(1) 42.76130  84.58235 168.49606
51               AR(1) 44.10187  86.34367 168.00439
52               AR(1) 44.57772  86.45851 170.53674
53               AR(1) 26.54426  52.80505 103.39761
54               AR(1) 27.46451  53.05769 106.55106
55               AR(1) 28.14024  53.74087 103.63987
56               AR(1) 30.57056  58.66993 117.96440
57       Beverton-Holt 37.60396  78.19779 143.99612
58       Beverton-Holt 33.64603  67.18615 132.42672
59       Beverton-Holt 26.35889  55.16472 111.76518
60       Beverton-Holt 22.54304  45.20700  93.86106
61       Beverton-Holt 19.47239  38.99220  81.94243
62       Beverton-Holt 19.56597  44.28976  90.25099
63       Beverton-Holt 22.74242  45.08671  95.61654
64       Beverton-Holt 20.94782  42.96709  88.39644
65       Beverton-Holt 18.22463  37.73745  83.60878
66       Beverton-Holt 17.14937  34.79259  77.16796
67       Beverton-Holt 17.96345  37.89624  79.84632
68       Beverton-Holt 19.71314  42.45876  90.61280
69       Beverton-Holt 20.32479  44.25115  95.11202
70       Beverton-Holt 22.61178  47.93566  98.26042
71       Beverton-Holt 24.48129  53.46131 121.32371
72       Beverton-Holt 24.78122  58.10530 142.27491
73       Beverton-Holt 26.67210  57.56272 129.92552
74       Beverton-Holt 24.66772  59.21371 127.91538
75       Beverton-Holt 27.24867  61.11485 138.48277
76       Beverton-Holt 28.40563  63.06844 142.60912
77       Beverton-Holt 28.81276  63.41537 144.72767
78       Beverton-Holt 30.61709  66.29007 148.31310
79       Beverton-Holt 31.11960  68.99030 157.09056
80       Beverton-Holt 30.82981  71.33922 165.36543
81       Beverton-Holt 30.59057  70.19347 161.98817
82       Beverton-Holt 30.63734  72.65342 155.16558
83       Beverton-Holt 31.60390  72.93484 169.38021
84       Beverton-Holt 32.99903  72.30097 160.62261
85  Simplex projection 24.87682  50.07204  99.13382
86  Simplex projection 23.57283  49.81036 106.26057
87  Simplex projection 19.37847  40.74861  91.57843
88  Simplex projection 14.90257  34.28082  77.78458
89  Simplex projection 14.01817  31.99402  75.67253
90  Simplex projection 29.97549  67.36645 167.71615
91  Simplex projection 25.26546  58.18626 135.28743
92  Simplex projection 13.14259  34.05237  82.85021
93  Simplex projection 17.84245  46.98472 114.49796
94  Simplex projection 18.53696  49.09626 129.84061
95  Simplex projection 27.30091  73.05496 184.40843
96  Simplex projection 30.39547  75.71379 192.05967
97  Simplex projection 14.75363  39.75342 107.85202
98  Simplex projection 28.00041  69.75696 172.66160
99  Simplex projection 46.89054 131.24971 331.84774
100 Simplex projection 34.96130  88.02241 210.63386
101 Simplex projection 17.55163  45.91986 116.26182
102 Simplex projection 23.31474  66.48444 171.39958
103 Simplex projection 57.03492 143.11863 381.57831
104 Simplex projection 34.16281  89.75692 233.12526
105 Simplex projection 45.02585 112.92990 277.41790
106 Simplex projection 45.85943 118.36980 290.64512
107 Simplex projection 39.44945  99.68510 270.62907
108 Simplex projection 28.42133  72.49836 176.59957
109 Simplex projection 22.29803  58.41592 141.24234
110 Simplex projection 19.70620  48.07154 130.32976
111 Simplex projection 22.42336  56.54143 142.93639
112 Simplex projection 19.75806  49.46333 125.64606

$short_cov_prob
              method coverage_prob
1               mean     0.8571429
2              AR(1)     0.8214286
3      Beverton-Holt     0.8928571
4 simplex projection     0.9642857

$mrae
    year             method      mrae
1      1               mean 2.5557196
2      2               mean 2.8800299
3      3               mean 3.0675054
4      4               mean 2.7124037
5      5               mean 1.6818629
6      6               mean 1.6508696
7      7               mean 2.9184807
8      8               mean 2.9036943
9      9               mean 2.6543938
10    10               mean 1.7890448
11    11               mean 1.9480149
12    12               mean 1.8810081
13    13               mean 1.5175699
14    14               mean 4.6819063
15    15               mean 1.3600380
16    16               mean 1.9044893
17    17               mean 1.4100768
18    18               mean 1.2680593
19    19               mean 1.2170303
20    20               mean 2.1641595
21    21               mean 1.3947869
22    22               mean 1.4690342
23    23               mean 1.4072105
24    24               mean 1.6145565
25    25               mean 1.5308341
26    26               mean 1.5489461
27    27               mean 1.3727979
28    28               mean 1.2567671
29     1              AR(1) 0.7544662
30     2              AR(1) 0.7446713
31     3              AR(1) 0.5439752
32     4              AR(1) 0.3471621
33     5              AR(1) 2.7143549
34     6              AR(1) 1.5074705
35     7              AR(1) 1.9341675
36     8              AR(1) 0.5085693
37     9              AR(1) 0.3825330
38    10              AR(1) 0.8400488
39    11              AR(1) 2.2155953
40    12              AR(1) 2.4887971
41    13              AR(1) 0.8093704
42    14              AR(1) 5.0856037
43    15              AR(1) 2.9955223
44    16              AR(1) 2.0566167
45    17              AR(1) 0.5715750
46    18              AR(1) 0.7637919
47    19              AR(1) 0.9528602
48    20              AR(1) 1.9759445
49    21              AR(1) 1.4046221
50    22              AR(1) 1.0854888
51    23              AR(1) 1.0960370
52    24              AR(1) 1.9523708
53    25              AR(1) 0.6885769
54    26              AR(1) 0.7005974
55    27              AR(1) 0.6652109
56    28              AR(1) 0.8487257
57     1      Beverton-Holt 2.0022483
58     2      Beverton-Holt 1.8927147
59     3      Beverton-Holt 1.5696181
60     4      Beverton-Holt 0.8640460
61     5      Beverton-Holt 2.5694273
62     6      Beverton-Holt 1.0315149
63     7      Beverton-Holt 1.1008572
64     8      Beverton-Holt 0.9879299
65     9      Beverton-Holt 0.7079355
66    10      Beverton-Holt 0.9425703
67    11      Beverton-Holt 3.0334074
68    12      Beverton-Holt 0.7395609
69    13      Beverton-Holt 1.0656238
70    14      Beverton-Holt 5.8957254
71    15      Beverton-Holt 1.3609120
72    16      Beverton-Holt 1.1946495
73    17      Beverton-Holt 0.9006367
74    18      Beverton-Holt 0.8865456
75    19      Beverton-Holt 1.1154045
76    20      Beverton-Holt 2.3854959
77    21      Beverton-Holt 1.2929602
78    22      Beverton-Holt 1.3946322
79    23      Beverton-Holt 1.2658102
80    24      Beverton-Holt 1.4882177
81    25      Beverton-Holt 1.4464393
82    26      Beverton-Holt 1.4178943
83    27      Beverton-Holt 1.3168588
84    28      Beverton-Holt 1.1089841
85     1 simplex projection 0.8081982
86     2 simplex projection 1.1330182
87     3 simplex projection 0.9101409
88     4 simplex projection 0.6555291
89     5 simplex projection 2.9160658
90     6 simplex projection 1.3241150
91     7 simplex projection 1.8590669
92     8 simplex projection 0.7443883
93     9 simplex projection 1.2527196
94    10 simplex projection 1.0812712
95    11 simplex projection 1.9232581
96    12 simplex projection 2.0473065
97    13 simplex projection 1.2558314
98    14 simplex projection 4.7333199
99    15 simplex projection 3.1714984
100   16 simplex projection 2.4923529
101   17 simplex projection 0.7792588
102   18 simplex projection 1.1162486
103   19 simplex projection 3.5807788
104   20 simplex projection 1.9231361
105   21 simplex projection 2.0748243
106   22 simplex projection 2.0938099
107   23 simplex projection 1.7808836
108   24 simplex projection 1.5884361
109   25 simplex projection 1.0531167
110   26 simplex projection 0.8570681
111   27 simplex projection 1.0082929
112   28 simplex projection 1.1029701

$long_forecast_quants
                method   low_ci    median     up_ci
1                 Mean 40.73305  86.33442 166.70606
2                 Mean 51.58445  86.73259 138.14721
3                 Mean 50.36752  83.26054 138.81529
4                 Mean 56.49690  82.50758 124.17585
5                 Mean 52.96523  80.17635 121.72807
6                 Mean 50.62952  79.30770 123.11737
7                 Mean 50.87924  76.40941 117.34092
8                 Mean 48.99663  76.61561 122.34580
9                 Mean 48.68681  75.62023 122.94406
10                Mean 47.46000  74.27994 116.89602
11                Mean 43.42091  72.52408 115.46812
12                Mean 43.10338  70.60555 117.86998
13                Mean 43.02646  70.68055 116.39973
14                Mean 43.11150  69.09918 116.41802
15                Mean 41.30320  70.39692 116.68591
16                Mean 43.73731  71.38586 117.52506
17                Mean 42.14149  71.19420 114.16983
18                Mean 42.37714  71.12838 121.86768
19                Mean 41.72905  69.65148 118.43693
20                Mean 42.94635  71.54733 115.89663
21                Mean 42.50159  70.32920 115.88223
22                Mean 43.56522  69.87391 117.00880
23                Mean 42.76519  71.19857 122.19833
24                Mean 45.03015  72.13192 115.40951
25                Mean 43.29514  71.60024 122.52286
26                Mean 38.83692  72.60651 131.72436
27                Mean 41.69188  76.85206 145.33689
28                Mean 28.30898  68.04587 178.42537
29               AR(1) 34.38543  54.00018  81.34655
30               AR(1) 39.66950  53.49413  73.33143
31               AR(1) 36.58556  49.28379  69.97084
32               AR(1) 35.56793  47.59717  60.96082
33               AR(1) 35.48699  46.33653  61.43929
34               AR(1) 36.92235  49.56475  65.19385
35               AR(1) 39.15154  52.13489  69.82728
36               AR(1) 36.83636  48.47570  66.57251
37               AR(1) 35.80032  49.91016  68.92170
38               AR(1) 32.57849  48.50357  68.66343
39               AR(1) 36.12638  48.50529  67.73719
40               AR(1) 38.11141  51.86534  72.92651
41               AR(1) 39.79936  54.92889  77.17272
42               AR(1) 43.57848  60.83601  85.33427
43               AR(1) 51.86803  72.94337 104.29541
44               AR(1) 54.54672  77.47660 111.36264
45               AR(1) 46.69090  69.28456 100.29864
46               AR(1) 44.86253  67.19420 101.69091
47               AR(1) 45.99184  67.41275  98.54979
48               AR(1) 44.73229  67.79006  98.00865
49               AR(1) 49.13722  72.86216 105.50580
50               AR(1) 51.66889  76.26271 110.36085
51               AR(1) 54.18147  79.31399 117.40553
52               AR(1) 54.66440  78.94606 117.58230
53               AR(1) 54.28829  79.01344 112.66963
54               AR(1) 47.61495  76.78058 119.48705
55               AR(1) 48.15539  76.92499 122.42528
56               AR(1) 38.66381  75.63547 149.41555
57       Beverton-Holt 40.22977  75.65754 147.61568
58       Beverton-Holt 44.66730  72.98427 116.53103
59       Beverton-Holt 40.15601  63.83965 100.52803
60       Beverton-Holt 38.15566  55.29923  82.47782
61       Beverton-Holt 32.63931  48.26100  71.07429
62       Beverton-Holt 28.50713  44.12122  66.11284
63       Beverton-Holt 27.93770  41.77595  60.85896
64       Beverton-Holt 26.97200  40.58869  58.92011
65       Beverton-Holt 25.98532  39.06447  58.85374
66       Beverton-Holt 26.76636  38.14934  57.63327
67       Beverton-Holt 25.61998  38.52528  56.59928
68       Beverton-Holt 26.31151  39.08859  60.22318
69       Beverton-Holt 27.06625  41.12950  61.81318
70       Beverton-Holt 29.06347  44.05895  68.10810
71       Beverton-Holt 32.18147  49.24872  74.73849
72       Beverton-Holt 34.14581  52.87268  84.09377
73       Beverton-Holt 36.17121  56.09345  85.28893
74       Beverton-Holt 37.55503  59.47461  93.43135
75       Beverton-Holt 38.17759  61.01091  96.02967
76       Beverton-Holt 40.65598  61.26687  96.70740
77       Beverton-Holt 40.22825  63.95113  97.07323
78       Beverton-Holt 44.21731  67.04437 106.66205
79       Beverton-Holt 42.60667  66.82118 103.81374
80       Beverton-Holt 45.51808  69.16149 107.53518
81       Beverton-Holt 45.85645  71.53163 111.86290
82       Beverton-Holt 41.62050  71.47493 124.59826
83       Beverton-Holt 43.14318  76.85425 137.03340
84       Beverton-Holt 34.30499  73.70054 178.45133
85  Simplex projection 23.97653  48.78154 102.45852
86  Simplex projection 33.57059  55.07327  91.19768
87  Simplex projection 28.91683  49.21666  80.64436
88  Simplex projection 31.07370  46.29733  70.79245
89  Simplex projection 30.00442  45.75336  71.57831
90  Simplex projection 45.22477  69.49139 109.85891
91  Simplex projection 38.45430  57.82063  91.35817
92  Simplex projection 21.77306  34.92656  54.71992
93  Simplex projection 26.97857  44.95495  71.82924
94  Simplex projection 34.94494  57.92844  93.33173
95  Simplex projection 46.10924  71.52341 121.50404
96  Simplex projection 47.19733  77.34085 125.72105
97  Simplex projection 24.48621  41.99771  70.24669
98  Simplex projection 42.88682  68.72808 109.53483
99  Simplex projection 79.10944 129.59370 213.09859
100 Simplex projection 53.22539  86.66099 147.92290
101 Simplex projection 24.83926  42.84230  73.38813
102 Simplex projection 37.79842  63.85544 107.01723
103 Simplex projection 86.13296 143.28809 237.05540
104 Simplex projection 56.11764  92.11883 154.56311
105 Simplex projection 74.96848 122.59193 207.88644
106 Simplex projection 52.88718  85.84384 143.34703
107 Simplex projection 61.49667 104.37158 171.24364
108 Simplex projection 48.09970  77.13797 129.63610
109 Simplex projection 36.35094  63.40169 106.79830
110 Simplex projection 27.06491  49.74115  91.27892
111 Simplex projection 28.01504  53.75402  99.85562
112 Simplex projection 31.75360  79.69839 206.61954

$long_cov_prob
              method coverage_prob
1               mean     0.6785714
2              AR(1)     0.5357143
3      Beverton-Holt     0.6428571
4 simplex projection     0.7857143

$yr_trend
               method   low_ci    median     up_ci
1                Mean 68.88248  86.01870 107.51216
2                Mean 69.11453  83.91049 102.41923
3                Mean 66.75928  81.95104  99.60982
4                Mean 66.92184  80.70443  97.12925
5                Mean 65.12813  79.24607  98.13667
6                Mean 64.02214  78.46095  97.06844
7                Mean 62.76309  76.92877  96.05961
8                Mean 61.25393  75.72053  95.73416
9                Mean 59.19518  74.58485  93.12362
10               Mean 58.10815  73.46976  92.02743
11               Mean 56.92164  72.82845  91.23585
12               Mean 56.87970  72.16067  92.98183
13               Mean 56.98827  72.28438  91.58337
14               Mean 57.89410  72.35057  92.61331
15               Mean 58.29239  72.57979  93.59953
16               Mean 58.28957  72.74273  91.79562
17               Mean 57.61512  72.52509  91.25838
18               Mean 58.03966  72.49003  90.56552
19               Mean 58.50696  72.65270  91.52537
20               Mean 59.35461  72.73998  90.33980
21               Mean 59.57176  72.80345  91.27796
22               Mean 58.47427  73.71917  93.17690
23               Mean 58.95342  75.46529  96.21583
24               Mean 57.46377  75.03840 102.57686
25              AR(1) 44.21254  50.85640  59.17175
26              AR(1) 43.75670  49.53013  57.13045
27              AR(1) 43.61389  49.39900  56.83854
28              AR(1) 43.46834  49.19586  56.11378
29              AR(1) 43.41918  49.69433  56.68437
30              AR(1) 43.31557  50.16411  57.85096
31              AR(1) 43.09590  50.02758  58.60279
32              AR(1) 42.96417  50.13546  58.66640
33              AR(1) 44.21080  51.35275  60.54961
34              AR(1) 46.45288  53.67051  63.19452
35              AR(1) 49.89697  58.73900  69.40421
36              AR(1) 55.17312  64.61791  75.98341
37              AR(1) 57.99644  68.04279  79.91548
38              AR(1) 60.37967  70.37401  84.06580
39              AR(1) 61.83315  71.92900  84.62445
40              AR(1) 60.29460  70.69488  84.41418
41              AR(1) 58.98661  69.98198  82.60945
42              AR(1) 60.49023  71.30138  85.19747
43              AR(1) 62.96092  73.47527  87.81615
44              AR(1) 64.62147  75.78426  90.43227
45              AR(1) 66.78270  78.59334  93.46317
46              AR(1) 66.46345  79.28154  95.72330
47              AR(1) 66.52416  79.60664  95.31621
48              AR(1) 64.07106  79.18777 100.56567
49      Beverton-Holt 52.15686  64.63996  82.59802
50      Beverton-Holt 47.60264  57.63521  71.11484
51      Beverton-Holt 43.05836  51.46002  62.92027
52      Beverton-Holt 39.24586  46.47595  56.15847
53      Beverton-Holt 36.54087  43.42416  51.54070
54      Beverton-Holt 34.80379  41.53432  49.19557
55      Beverton-Holt 33.85152  40.30444  47.96989
56      Beverton-Holt 32.97860  39.79011  48.09238
57      Beverton-Holt 33.41375  39.75816  48.67333
58      Beverton-Holt 34.45303  40.77402  49.93513
59      Beverton-Holt 36.10777  43.06508  52.54440
60      Beverton-Holt 38.33168  46.08897  56.62921
61      Beverton-Holt 41.12863  49.42432  60.62079
62      Beverton-Holt 43.48022  53.28916  65.06967
63      Beverton-Holt 46.12475  56.78278  70.37556
64      Beverton-Holt 49.37474  59.20222  72.92182
65      Beverton-Holt 51.30987  61.44505  75.74748
66      Beverton-Holt 52.90030  63.98047  77.79216
67      Beverton-Holt 54.10391  64.97110  80.79200
68      Beverton-Holt 54.93009  66.94680  82.96553
69      Beverton-Holt 56.79638  68.65065  84.95595
70      Beverton-Holt 57.05122  70.52913  87.22805
71      Beverton-Holt 58.83535  72.78708  92.09072
72      Beverton-Holt 58.52987  75.17169  98.85418
73 Simplex projection 40.52620  51.06732  65.56322
74 Simplex projection 44.16655  54.51357  67.70739
75 Simplex projection 45.56903  55.17190  67.93100
76 Simplex projection 43.14774  52.16474  64.37010
77 Simplex projection 42.20330  51.76034  64.41229
78 Simplex projection 44.46281  54.21626  67.32766
79 Simplex projection 44.05959  55.16078  67.89041
80 Simplex projection 46.52920  58.97642  72.78215
81 Simplex projection 47.96883  60.45865  76.58400
82 Simplex projection 52.22477  65.34639  82.11698
83 Simplex projection 63.18042  79.98430 100.61634
84 Simplex projection 66.95689  83.01489 104.84639
85 Simplex projection 60.76479  75.96057  96.84444
86 Simplex projection 64.25040  80.20896 102.76656
87 Simplex projection 74.88355  95.50168 122.82248
88 Simplex projection 69.38510  87.55619 115.13537
89 Simplex projection 74.48127  95.22048 122.68355
90 Simplex projection 82.51130 103.95110 133.43979
91 Simplex projection 89.81624 112.71476 142.69681
92 Simplex projection 79.50940  98.59479 125.32280
93 Simplex projection 74.19445  93.25411 117.91728
94 Simplex projection 62.17564  78.22071 100.30761
95 Simplex projection 56.28040  71.64823  93.12470
96 Simplex projection 50.14813  67.18120  95.72329

