Area Yr Era Seas Bio_all Bio_smry SpawnBio Recruit_0  Spbio_GP:1 SmryBio_SX:1_GP:1 SmryBio_SX:2_GP:1 SmryNum_SX:1_GP:1 SmryNum_SX:2_GP:1 sel(B):_1 dead(B):_1 retain(B):_1 sel(N):_1 dead(N):_1 retain(N):_1 obs_cat:_1 Hrate:_1 sel(B):_2 dead(B):_2 retain(B):_2 sel(N):_2 dead(N):_2 retain(N):_2 obs_cat:_2 Hrate:_2 sel(B):_3 dead(B):_3 retain(B):_3 sel(N):_3 dead(N):_3 retain(N):_3 obs_cat:_3 Hrate:_3 sel(B):_4 dead(B):_4 retain(B):_4 sel(N):_4 dead(N):_4 retain(N):_4 obs_cat:_4 Hrate:_4 SPB_vir_LH
1 1914 VIRG 1 9540.1 9409.36 1061.52 2009.74  1061.52  3662.19 5747.16  3517.68 5657.35 0 0 0 0 0 0 0 0  0 0 0 0 0 0 0 0  0 0 0 0 0 0 0 0  0 0 0 0 0 0 0 0  1061.52
1 1915 INIT 1 9540.1 9409.36 1061.52 2009.74  1061.52  3662.19 5747.16  3517.68 5657.35  0 0 0 0 0 0 0 0  0 0 0 0 0 0 0 0  0 0 0 0 0 0 0 0  0 0 0 0 0 0 0 0 1061.52
1 1916 TIME 1 9540.1 9409.36 1061.52 2009.76  1061.52  3662.19 5747.16  3517.68 5657.35  0 0 0 0 0 0 0 0  44.4 44.4 44.4 32.5754 32.5754 32.5754 44.4 0.00559085  0 0 0 0 0 0 0 0  0 0 0 0 0 0 0 0 1061.52
1 1917 TIME 1 9498.18 9367.44 1055.71 2008.94  1055.71  3645.88 5721.56  3507.21 5637.67  0 0 0 0 0 0 0 0  69.8 69.8 69.8 51.2364 51.2364 51.2364 69.8 0.00883195  0 0 0 0 0 0 0 0  0 0 0 0 0 0 0 0 1055.71
1 1918 TIME 1 9435.55 9304.82 1046.69 2007.67  1046.69  3621.63 5683.19  3492.44 5609.05  0 0 0 0 0 0 0 0  86.3 86.3 86.3 63.4047 63.4047 63.4047 86.3 0.0110002  0 0 0 0 0 0 0 0  0 0 0 0 0 0 0 0 1046.69
1 1919 TIME 1 9362.56 9231.89 1035.77 2006.09  1035.77  3593.56 5638.33  3476.17 5576.51  0 0 0 0 0 0 0 0  55.7 55.7 55.7 40.973 40.973 40.973 55.7 0.0071615  0 0 0 0 0 0 0 0  0 0 0 0 0 0 0 0 1035.77
1 1920 TIME 1 9324.82 9194.24 1029.3 2005.15  1029.3  3579.47 5614.77  3469.56 5561.15  0 0 0 0 0 0 0 0  57.5 57.5 57.5 42.3392 42.3392 42.3392 57.5 0.00742679  0 0 0 0 0 0 0 0  0 0 0 0 0 0 0 0 1029.3
1 1921 TIME 1 9289.32 9158.83 1023.13 2004.23  1023.13  3566.39 5592.44  3463.25 5546.43  0 0 0 0 0 0 0 0  49.5 49.5 49.5 36.4845 36.4845 36.4845 49.5 0.00642085  0 0 0 0 0 0 0 0  0 0 0 0 0 0 0 0 1023.13
1 1922 TIME 1 9265.04 9134.61 1018.62 2003.56  1018.62  3557.79 5576.82  3459.41 5536.49  0 0 0 0 0 0 0 0  42 42 42 30.9821 30.9821 30.9821 42 0.00546386  0 0 0 0 0 0 0 0  0 0 0 0 0 0 0 0 1018.62
1 1923 TIME 1 9250.57 9120.2 1015.71 2003.12  1015.71  3553.07 5567.13  3457.7 5530.77  0 0 0 0 0 0 0 0  43 43 43 31.7395 31.7395 31.7395 43 0.00560352  0 0 0 0 0 0 0 0  0 0 0 0 0 0 0 0 1015.71
1 1924 TIME 1 9237 9106.66 1013.23 2002.75  1013.23  3548.71 5557.95  3455.78 5524.99  0 0 0 0 0 0 0 0  27 27 27 19.9396 19.9396 19.9396 27 0.00352407  0 0 0 0 0 0 0 0  0 0 0 0 0 0 0 0 1013.23
1 1925 TIME 1 9240.12 9109.81 1013.3 2002.76  1013.3  3550.85 5558.96  3457.77 5526.79  0 0 0 0 0 0 0 0  39.6 39.6 39.6 29.2512 29.2512 29.2512 39.6 0.00516651  0 0 0 0 0 0 0 0  0 0 0 0 0 0 0 0 1013.3
1 1926 TIME 1 9231.53 9101.25 1012.07 2002.57  1012.07  3548.35 5552.9  3456.32 5522.64  0 0 0 0 0 0 0 0  58.1 58.1 58.1 42.9273 42.9273 42.9273 58.1 0.00758757  0 0 0 0 0 0 0 0  0 0 0 0 0 0 0 0 1012.07
1 1927 TIME 1 9206.35 9076.07 1008.67 2002.06  1008.67  3539.32 5536.75  3450.57 5510.62  0 0 0 0 0 0 0 0  59.2 59.2 59.2 43.7582 43.7582 43.7582 59.2 0.00775433  0 0 0 0 0 0 0 0  0 0 0 0 0 0 0 0 1008.67
1 1928 TIME 1 9182.27 9052.01 1005.33 2001.54  1005.33  3530.72 5521.29  3445.49 5499.52  0 0 0 0 0 0 0 0  65.4 65.4 65.4 48.3624 48.3624 48.3624 65.4 0.00859132  0 0 0 0 0 0 0 0  2.6 2.6 2.6 2.29138 2.29138 2.29138 2.6 0.000299225 1005.33
1 1929 TIME 1 9151.96 9021.73 1001.07 2000.89  1001.07  3519.7 5502.03  3438.94 5485.57  3.5 3.5 3.5 1.96171 1.96171 1.96171 3.5 0.000833355  56.4 56.4 56.4 41.7297 41.7297 41.7297 56.4 0.00743625  0 0 0 0 0 0 0 0  5.2 5.2 5.2 4.58663 4.58663 4.58663 5.2 0.000600434 1001.07
1 1930 TIME 1 9127.2 8997.01 997.212 2000.29  997.212  3510.55 5486.46  3433.92 5474.72  3 3 3 1.68202 1.68202 1.68202 3 0.000717052  81.1 81.1 81.1 60.0389 60.0389 60.0389 81.1 0.0107252  0 0 0 0 0 0 0 0  6 6 6 5.29646 5.29646 5.29646 6 0.000694676 997.212
1 1931 TIME 1 9081.12 8950.98 990.432 1999.22  990.432  3493.19 5457.79  3423.55 5453.72  6.8 6.8 6.8 3.81439 3.81439 3.81439 6.8 0.00163633  82.6 82.6 82.6 61.201 61.201 61.201 82.6 0.0109851  0 0 0 0 0 0 0 0  8 8 8 7.07103 7.07103 7.07103 8 0.000930938 990.432
1 1932 TIME 1 9032.34 8902.24 982.855 1998.02  982.855  3474.52 5427.72  3412.86 5432.13  5 5 5 2.80632 2.80632 2.80632 5 0.00121216  61.1 61.1 61.1 45.3168 45.3168 45.3168 61.1 0.00817463  0 0 0 0 0 0 0 0  10 10 10 8.85188 8.85188 8.85188 10 0.00116995 982.855
1 1933 TIME 1 9007.88 8877.84 978.642 1997.34  978.642  3465.69 5412.15  3408.69 5421.96  8.9 8.9 8.9 4.99746 4.99746 4.99746 8.9 0.00216675  40.9 40.9 40.9 30.3571 30.3571 30.3571 40.9 0.0054887  0 0 0 0 0 0 0 0  12 12 12 10.6322 10.6322 10.6322 12 0.00140769 978.642
1 1934 TIME 1 8999.72 8869.75 976.527 1997  976.527  3462.93 5406.82  3408.31 5419.5  6.3 6.3 6.3 3.53889 3.53889 3.53889 6.3 0.00153685  43.3 43.3 43.3 32.1555 32.1555 32.1555 43.3 0.00581665  0 0 0 0 0 0 0 0  13.9 13.9 13.9 12.3221 12.3221 12.3221 13.9 0.00163196 976.527
1 1935 TIME 1 8990.97 8861.05 974.845 1996.72  974.845  3460.24 5400.81  3407.08 5415.62  6.2 6.2 6.2 3.48384 3.48384 3.48384 6.2 0.00151512  68.5 68.5 68.5 50.8888 50.8888 50.8888 68.5 0.00921134  0 0 0 0 0 0 0 0  15.9 15.9 15.9 14.1002 14.1002 14.1002 15.9 0.00186852 974.845
1 1936 TIME 1 8957.57 8827.68 970.067 1995.94  970.067  3447.91 5379.77  3399.22 5399.7  2.9 2.9 2.9 1.63025 1.63025 1.63025 2.9 0.000712197  66.5 66.5 66.5 49.4328 49.4328 49.4328 66.5 0.00897877  0 0 0 0 0 0 0 0  17.9 17.9 17.9 15.8874 15.8874 15.8874 17.9 0.00211141 970.067
1 1937 TIME 1 8929.74 8799.86 966.272 1995.32  966.272  3438.1 5361.76  3393.13 5386.34  7.7 7.7 7.7 4.33011 4.33011 4.33011 7.7 0.00189882  66.5 66.5 66.5 49.4577 49.4577 49.4577 66.5 0.00900954  0 0 0 0 0 0 0 0  21.3 21.3 21.3 18.9193 18.9193 18.9193 21.3 0.0025203 966.272
1 1938 TIME 1 8896.76 8766.93 961.42 1994.51  961.42  3425.85 5341.09  3385.89 5371.29  8.1 8.1 8.1 4.55699 4.55699 4.55699 8.1 0.00200751  63.4 63.4 63.4 47.1832 47.1832 47.1832 63.4 0.00862481  0 0 0 0 0 0 0 0  20.9 20.9 20.9 18.582 18.582 18.582 20.9 0.00248213 961.42
1 1939 TIME 1 8869.6 8739.82 957.237 1993.81  957.237  3415.88 5323.93  3380.36 5359.24  15.9 15.9 15.9 8.94879 8.94879 8.94879 15.9 0.00395783  47.7 47.7 47.7 35.5218 35.5218 35.5218 47.7 0.00651117  0 0 0 0 0 0 0 0  18.3 18.3 18.3 16.2849 16.2849 16.2849 18.3 0.00217997 957.237
1 1940 TIME 1 8855.54 8725.81 954.213 1993.3  954.213  3410.36 5315.45  3378.37 5354.51  8.5 8.5 8.5 4.78595 4.78595 4.78595 8.5 0.00212189  47 47 47 35.0223 35.0223 35.0223 47 0.0064272  0 0 0 0 0 0 0 0  26.3 26.3 26.3 23.4209 23.4209 23.4209 26.3 0.00313777 954.213
1 1941 TIME 1 8842.6 8712.92 952.185 1992.96  952.185  3406.1 5306.81  3375.91 5348.33  7.9 7.9 7.9 4.44938 4.44938 4.44938 7.9 0.00197649  57.2 57.2 57.2 42.6385 42.6385 42.6385 57.2 0.00783436  0 0 0 0 0 0 0 0  24.3 24.3 24.3 21.6487 21.6487 21.6487 24.3 0.00290334 952.185
1 1942 TIME 1 8823.69 8694.04 949.471 1992.5  949.471  3399.53 5294.51  3371.91 5339.33  10.6 10.6 10.6 5.97186 5.97186 5.97186 10.6 0.00265992  39.8 39.8 39.8 29.6803 29.6803 29.6803 39.8 0.00546396  0 0 0 0 0 0 0 0  12.9 12.9 12.9 11.4988 11.4988 11.4988 12.9 0.00154457 949.471
1 1943 TIME 1 8831.59 8701.96 950.032 1992.59  950.032  3403.13 5298.83  3375.39 5344.25  13.7 13.7 13.7 7.71965 7.71965 7.71965 13.7 0.00343609  57.5 57.5 57.5 42.8879 42.8879 42.8879 57.5 0.00788644  0 0 0 0 0 0 0 0  12.4 12.4 12.4 11.0542 11.0542 11.0542 12.4 0.00148329 950.032
1 1944 TIME 1 8820.55 8690.95 948.022 1992.25  948.022  3398.99 5291.96  3373.38 5339.91  65.1 65.1 65.1 36.6931 36.6931 36.6931 65.1 0.0163612  122.5 122.5 122.5 91.4055 91.4055 91.4055 122.5 0.0168249  0 0 0 0 0 0 0 0  10.2 10.2 10.2 9.09708 9.09708 9.09708 10.2 0.00122163 948.022
1 1945 TIME 1 8706.8 8577.23 928.431 1988.83  928.431  3349.86 5227.37  3345 5292.83  121.2 121.2 121.2 68.4251 68.4251 68.4251 121.2 0.0310214  288.6 288.6 288.6 215.893 215.893 215.893 288.6 0.0402171  0 0 0 0 0 0 0 0  13.5 13.5 13.5 12.0843 12.0843 12.0843 13.5 0.00163798 928.431
1 1946 TIME 1 8394.43 8264.98 877.81 1979.35  877.81  3218.96 5046.02  3267.3 5158.13  265.1 265.1 265.1 150.27 150.27 150.27 265.1 0.0713397  342.6 342.6 342.6 257.97 257.97 257.97 342.6 0.0497353  0 0 0 0 0 0 0 0  23.3 23.3 23.3 21.0628 21.0628 21.0628 23.3 0.0029325 877.81
1 1947 TIME 1 7923.3 7794.21 795.197 1961.54  795.197  3015.66 4778.55  3153.39 4965.67  399.2 399.2 399.2 228.147 228.147 228.147 399.2 0.116912  180 180 180 137.258 137.258 137.258 180 0.0278949  0 0 0 0 0 0 0 0  18.4 18.4 18.4 16.9302 16.9302 16.9302 18.4 0.0024533 795.197
1 1948 TIME 1 7537.29 7408.93 715.227 1940.78  715.227  2839.41 4569.52  3067.62 4828.33  59.5 59.5 59.5 34.3829 34.3829 34.3829 59.5 0.018955  149.4 149.4 149.4 115.695 115.695 115.695 149.4 0.0245208  0 0 0 0 0 0 0 0  36.8 36.8 36.8 34.5168 34.5168 34.5168 36.8 0.00515465 715.227
1 1949 TIME 1 7497.52 7370.17 707.52 1938.56  707.52  2834.26 4535.91  3070.11 4808.22  68.8 68.8 68.8 39.8561 39.8561 39.8561 68.8 0.022175  74 74 74 57.4688 57.4688 57.4688 74 0.0122152  0 0 0 0 0 0 0 0  47.7 47.7 47.7 44.8577 44.8577 44.8577 47.7 0.00671406 707.52
1 1950 TIME 1 7514.06 7387.89 708.606 1938.88  708.606  2849.43 4538.47  3080.84 4811.83  352.7 352.7 352.7 204.648 204.648 204.648 352.7 0.113703  74.2 74.2 74.2 57.6862 57.6862 57.6862 74.2 0.0122091  0 0 0 0 0 0 0 0  58.1 58.1 58.1 54.6289 54.6289 54.6289 58.1 0.00815607 708.606
1 1951 TIME 1 7272.41 7146.52 659.981 1923.84  659.981  2738.47 4408.05  3015.89 4715.97  193.8 193.8 193.8 113.419 113.419 113.419 193.8 0.0660551  77.2 77.2 77.2 60.6158 60.6158 60.6158 77.2 0.0131755  0 0 0 0 0 0 0 0  78.9 78.9 78.9 75.0079 75.0079 75.0079 78.9 0.0114386 659.981
1 1952 TIME 1 7168.05 7042.2 642.971 1918.11  642.971  2698.65 4343.56  2988.5 4663.7  73.1 73.1 73.1 42.9528 42.9528 42.9528 73.1 0.02549  52.6 52.6 52.6 41.4441 41.4441 41.4441 52.6 0.00911655  0 0 0 0 0 0 0 0  68.6 68.6 68.6 65.4459 65.4459 65.4459 68.6 0.0100896 642.971
1 1953 TIME 1 7209.25 7084.22 653.413 1921.66  653.413  2726.03 4358.19  3002.82 4672.6  158.5 158.5 158.5 93.1042 93.1042 93.1042 158.5 0.0547077  44.2 44.2 44.2 34.7602 34.7602 34.7602 44.2 0.0076047  0 0 0 0 0 0 0 0  58.4 58.4 58.4 55.5645 55.5645 55.5645 58.4 0.00854003 653.413
1 1954 TIME 1 7188.65 7063.96 651.166 1920.9  651.166  2720.17 4343.78  2996.37 4659.7  244.6 244.6 244.6 143.857 143.857 143.857 244.6 0.0847707  90.8 90.8 90.8 71.4543 71.4543 71.4543 90.8 0.0156662  0 0 0 0 0 0 0 0  72.6 72.6 72.6 69.1102 69.1102 69.1102 72.6 0.0106453 651.166
1 1955 TIME 1 7036.44 6911.62 627.546 1912.67  627.546  2655.31 4256.31  2952.47 4589.95  174.2 174.2 174.2 102.845 102.845 102.845 174.2 0.0623068  30.7 30.7 30.7 24.2664 24.2664 24.2664 30.7 0.00542529  0 0 0 0 0 0 0 0  86.6 86.6 86.6 82.9083 82.9083 82.9083 86.6 0.0129733 627.546
1 1956 TIME 1 7000.06 6875.3 622.958 1911.01  622.958  2642.86 4232.44  2943.57 4570.73  39.7 39.7 39.7 23.4644 23.4644 23.4644 39.7 0.0143039  32.3 32.3 32.3 25.5545 25.5545 25.5545 32.3 0.00573995  0 0 0 0 0 0 0 0  96.7 96.7 96.7 92.6787 92.6787 92.6787 96.7 0.0145623 622.958
1 1957 TIME 1 7070.78 6946.42 641.029 1770.34  641.029  2683.84 4262.58  2963.65 4588.75  77.1 77.1 77.1 45.4432 45.4432 45.4432 77.1 0.0272422  43.1 43.1 43.1 33.967 33.967 33.967 43.1 0.00756782  0 0 0 0 0 0 0 0  92.8 92.8 92.8 88.5341 88.5341 88.5341 92.8 0.0138369 641.029
1 1958 TIME 1 7092.57 6969.55 650.36 1795.48  650.36  2700.78 4268.76  2968.15 4588.49  58.4 58.4 58.4 34.3255 34.3255 34.3255 58.4 0.0204581  72.6 72.6 72.6 57.0733 57.0733 57.0733 72.6 0.0126966  0 0 0 0 0 0 0 0  159.8 159.8 159.8 152.067 152.067 152.067 159.8 0.0237517 650.36
1 1959 TIME 1 7026.08 6910.79 651.431 1585.91  651.431  2686.54 4224.25  2946.59 4542.2  38.3 38.3 38.3 22.4606 22.4606 22.4606 38.3 0.0134764  84 84 84 65.9139 65.9139 65.9139 84 0.0148183  0 0 0 0 0 0 0 0  126.9 126.9 126.9 120.586 120.586 120.586 126.9 0.0190297 651.431
1 1960 TIME 1 6982.49 6867.58 656.07 1407.54  656.07  2678.47 4189.1  2900.03 4473.2  66.8 66.8 66.8 39.0224 39.0224 39.0224 66.8 0.0234881  32 32 32 25.0341 25.0341 25.0341 32 0.00566605  0 0 0 0 0 0 0 0  102.8 102.8 102.8 97.1677 97.1677 97.1677 102.8 0.0155029 656.07
1 1961 TIME 1 6968.05 6866.48 662.356 1348.57  662.356  2682.25 4184.23  2883.13 4450.8  65.8 65.8 65.8 38.266 38.266 38.266 65.8 0.0230081  28.9 28.9 28.9 22.5216 22.5216 22.5216 28.9 0.00510648  0 0 0 0 0 0 0 0  75.3 75.3 75.3 70.7212 70.7212 70.7212 75.3 0.0113657 662.356
1 1962 TIME 1 6946.4 6855.38 671.064 1392.54  671.064  2680.78 4174.61  2818.29 4377.35  61.9 61.9 61.9 35.8404 35.8404 35.8404 61.9 0.021444  37.6 37.6 37.6 29.1408 29.1408 29.1408 37.6 0.00661638  0 0 0 0 0 0 0 0  102.4 102.4 102.4 95.0827 95.0827 95.0827 102.4 0.0154725 671.064
1 1963 TIME 1 6852.74 6764.68 675.735 1482.8  675.735  2646.88 4117.8  2703.06 4235.19  80 80 80 46.1664 46.1664 46.1664 80 0.0276305  33.6 33.6 33.6 25.8519 25.8519 25.8519 33.6 0.00594254  0 0 0 0 0 0 0 0  134.9 134.9 134.9 123.272 123.272 123.272 134.9 0.0206524 675.735
1 1964 TIME 1 6687.26 6595.95 672.44 1570.42  672.44  2578.9 4017.05  2577.32 4070.11  48.2 48.2 48.2 27.7676 27.7676 27.7676 48.2 0.016772  21.8 21.8 21.8 16.6381 16.6381 16.6381 21.8 0.00392663  0 0 0 0 0 0 0 0  127.4 127.4 127.4 114.774 114.774 114.774 127.4 0.0200219 672.44
1 1965 TIME 1 6559.63 6462.46 674.77 1601.68  674.77  2526.55 3935.91  2498.68 3959.58  28.1 28.1 28.1 16.1561 16.1561 16.1561 28.1 0.00978772  30.4 30.4 30.4 22.995 22.995 22.995 30.4 0.00557055  0 0 0 0 0 0 0 0  186.8 186.8 186.8 166.734 166.734 166.734 186.8 0.030017 674.77
1 1966 TIME 1 6387.45 6285.07 669.236 1496.13  669.236  2458.1 3826.97  2444.83 3864.39  18.4 18.4 18.4 10.5559 10.5559 10.5559 18.4 0.00649536  22.9 22.9 22.9 17.2135 17.2135 17.2135 22.9 0.00432527  0 0 0 0 0 0 0 0  210.7 210.7 210.7 188.105 188.105 188.105 210.7 0.034875 669.236
1 1967 TIME 1 6222.11 6118.88 658.103 1556.57  658.103  2394.66 3724.23  2422.46 3803.97  16.2 16.2 16.2 9.26338 9.26338 9.26338 16.2 0.00584124  41.8 41.8 41.8 31.3578 31.3578 31.3578 41.8 0.00816424  0 0 0 0 0 0 0 0  227.8 227.8 227.8 204.999 204.999 204.999 227.8 0.0387727 658.103
1 1968 TIME 1 6037.89 5940.11 637.18 1471.48  637.18  2326.68 3613.42  2403.09 3743.67  17.7 17.7 17.7 10.1013 10.1013 10.1013 17.7 0.00660668  48.7 48.7 48.7 36.6646 36.6646 36.6646 48.7 0.00987988  0 0 0 0 0 0 0 0  242 242 242 220.502 220.502 220.502 242 0.0424347 637.18
1 1969 TIME 1 5843.49 5743.04 609.398 1365.41  609.398  2251.88 3491.16  2348.8 3642.27  67.7 67.7 67.7 38.6027 38.6027 38.6027 67.7 0.026415  1.8 1.8 1.8 1.36403 1.36403 1.36403 1.8 0.000379539  0 0 0 0 0 0 0 0  262 262 262 241.088 241.088 241.088 262 0.0474465 609.398
1 1970 TIME 1 5645.82 5551.1 574.759 1446.63  574.759  2174.73 3376.37  2313.91 3568.14  71.5 71.5 71.5 40.823 40.823 40.823 71.5 0.0294168  1.6 1.6 1.6 1.22263 1.22263 1.22263 1.6 0.000350787  0 0 0 0 0 0 0 0  312.6 312.6 312.6 290.775 290.775 290.775 312.6 0.058557 574.759
1 1971 TIME 1 5402.51 5313.09 536.297 1408.51  536.297  2080.73 3232.36  2242.35 3443.68  100.6 100.6 100.6 57.6977 57.6977 57.6977 100.6 0.0440832  2.4 2.4 2.4 1.8499 1.8499 1.8499 2.4 0.000551494  0 0 0 0 0 0 0 0  291.9 291.9 291.9 274.139 274.139 274.139 291.9 0.0570673 536.297
1 1972 TIME 1 5161.82 5068.15 498.421 2305.99  498.421  1982.23 3085.92  2150.35 3299.14  96 96 96 55.4235 55.4235 55.4235 96 0.04491  2.9 2.9 2.9 2.2546 2.2546 2.2546 2.9 0.000699142  0 0 0 0 0 0 0 0  351.2 351.2 351.2 332.176 332.176 332.176 351.2 0.0718603 498.421
1 1973 TIME 1 4892.03 4792.79 459.468 1801.71  459.468  1873.63 2919.16  2078.04 3166.59  109.3 109.3 109.3 64.185 64.185 64.185 109.3 0.0551043  3.8 3.8 3.8 2.98848 2.98848 2.98848 3.8 0.000972752  0 0 0 0 0 0 0 0  384.8 384.8 384.8 368.847 368.847 368.847 384.8 0.0832962 459.468
1 1974 TIME 1 4631.04 4485.65 417.915 2218.85  417.915  1752.57 2733.08  1990.86 3011.63  132.5 132.5 132.5 78.8701 78.8701 78.8701 132.5 0.0728768  7.6 7.6 7.6 6.04888 6.04888 6.04888 7.6 0.00209116  0 0 0 0 0 0 0 0  406.7 406.7 406.7 397.943 397.943 397.943 406.7 0.0938731 417.915
1 1975 TIME 1 4417.29 4296.76 372.4 1371.81  372.4  1677.75 2619.01  2160.69 3153.15  100.3 100.3 100.3 60.8881 60.8881 60.8881 100.3 0.0612378  6.4 6.4 6.4 5.21934 5.21934 5.21934 6.4 0.00191002  0 0 0 0 0 0 0 0  405.1 405.1 405.1 419.867 419.867 419.867 405.1 0.0984392 372.4
1 1976 TIME 1 4274.27 4137.48 336.481 5082.61  336.481  1621.51 2515.97  2155.69 3104.4  144 144 144 88.0852 88.0852 88.0852 144 0.0965532  7.7 7.7 7.7 6.44819 6.44819 6.44819 7.7 0.00243889  0 0 0 0 0 0 0 0  434.3 434.3 434.3 468.322 468.322 468.322 434.3 0.108642 336.481
1 1977 TIME 1 4126.55 4005.54 293.481 2674.89  293.481  1573.41 2432.13  2241.14 3162.1  138.8 138.8 138.8 90.5843 90.5843 90.5843 138.8 0.104828  9 9 9 7.91618 7.91618 7.91618 9 0.00302517  0 0 0 0 0 0 0 0  431.1 431.1 431.1 486.905 486.905 486.905 431.1 0.111532 293.481
1 1978 TIME 1 4103.53 3794.68 257.736 1816.85  257.736  1496.63 2298.05  2061.18 2919.67  105.9 105.9 105.9 71.5863 71.5863 71.5863 105.9 0.0889643  29.8 29.8 29.8 26.9793 26.9793 26.9793 29.8 0.0104453  0 0 0 0 0 0 0 0  414.3 414.3 414.3 477.338 477.338 477.338 414.3 0.111048 257.736
1 1979 TIME 1 4349.53 4183.45 234.986 780.937  234.986  1659.05 2524.39  2985.02 3965.16  21.9 21.9 21.9 14.9625 14.9625 14.9625 21.9 0.0198181  44 44 44 41.2045 41.2045 41.2045 44 0.0156145  0 0 0 0 0 0 0 0  429.9 429.9 429.9 547.849 547.849 547.849 429.9 0.108937 234.986
1 1980 TIME 1 4557.53 4448.52 233.469 770.835  233.469  1788.53 2659.99  3051.67 4047.05  59.7 59.7 59.7 39.9452 39.9452 39.9452 59.7 0.0547902  5.2 5.2 5.2 4.99616 4.99616 4.99616 5.2 0.00175847  0 0 0 0 0 0 0 0  426.8 426.8 426.8 551.298 551.298 551.298 426.8 0.0987031 233.469
1 1981 TIME 1 4636.58 4585.98 236.266 551.748  236.266  1860.91 2725.07  2852.29 3842.18  52.5 52.5 52.5 34.4796 34.4796 34.4796 52.5 0.0478921  29.8 29.8 29.8 28.6703 28.6703 28.6703 29.8 0.00927975  0 0 0 0 0 0 0 0  285 285 285 348.264 348.264 348.264 285 0.0630253 236.266
1 1982 TIME 1 4661.72 4613.54 253.36 920.962  253.36  1884.77 2728.77  2452.14 3415.73  62.6 62.6 62.6 40.4504 40.4504 40.4504 62.6 0.0534903  141.5 141.5 141.5 131.554 131.554 131.554 141.5 0.0401012  0 0 0 0 0 0 0 0  499.7 499.7 499.7 557.001 557.001 557.001 499.7 0.109037 253.36
1 1983 TIME 1 4225.22 4186.23 257.785 1097.7  257.785  1714.26 2471.97  1998.52 2860.05  101.8 101.8 101.8 65.6191 65.6191 65.6191 101.8 0.0863893  147 147 147 130.467 130.467 130.467 147 0.0431604  0 0 0 0 0 0 0 0  466.7 466.7 466.7 479.885 479.885 479.885 466.7 0.113055 257.785
1 1984 TIME 1 3689.11 3627.86 261.358 1228.71  261.358  1479.93 2147.93  1577.05 2326.76  37.1 37.1 37.1 23.8672 23.8672 23.8672 37.1 0.0318074  168.5 168.5 168.5 142.856 142.856 142.856 168.5 0.0549736  0 0 0 0 0 0 0 0  219.9 219.9 219.9 213.087 213.087 213.087 219.9 0.0617959 261.358
1 1985 TIME 1 3418.34 3345.93 283.163 1374.16  283.163  1361.29 1984.65  1444.74 2144.15  82.9 82.9 82.9 52.6315 52.6315 52.6315 82.9 0.0682006  145.9 145.9 145.9 118.926 118.926 118.926 145.9 0.0514763  0 0 0 0 0 0 0 0  400.1 400.1 400.1 378.943 378.943 378.943 400.1 0.123273 283.163
1 1986 TIME 1 2966.62 2885.7 262.88 1169.75  262.88  1163.87 1721.83  1326.41 1946.6  12.3 12.3 12.3 7.76256 7.76256 7.76256 12.3 0.0111052  9.6 9.6 9.6 7.73874 7.73874 7.73874 9.6 0.00404412  0 0 0 0 0 0 0 0  442 442 442 432.728 432.728 432.728 442 0.158963 262.88
1 1987 TIME 1 2707.16 2619.74 244.42 1232.4  244.42  1057.89 1561.85  1307.02 1868.9  72.3 72.3 72.3 45.1159 45.1159 45.1159 72.3 0.0713003  16.6 16.6 16.6 13.4777 13.4777 13.4777 16.6 0.00801358  0 0 0 0 0 0 0 0  397.8 397.8 397.8 408.92 408.92 408.92 397.8 0.15797 244.42
1 1988 TIME 1 2467.55 2391.16 205.33 994.221  205.33  960.496 1430.66  1322.03 1844.29  49.2 49.2 49.2 30.8264 30.8264 30.8264 49.2 0.0570164  26.8 26.8 26.8 22.5659 22.5659 22.5659 26.8 0.0149051  0 0 0 0 0 0 0 0  211.6 211.6 211.6 232.572 232.572 232.572 211.6 0.0921266 205.33
1 1989 TIME 1 2440.61 2362.66 184.034 1067.38  184.034  949.19 1413.47  1339.06 1856.63  28.2 28.2 28.2 17.7059 17.7059 17.7059 28.2 0.0357703  105.8 105.8 105.8 92.155 92.155 92.155 105.8 0.0607145  0 0 0 0 0 0 0 0  282.9 282.9 282.9 320.754 320.754 320.754 282.9 0.123598 184.034
1 1990 TIME 1 2296.93 2231.79 154.563 1960.24  154.563  900.566 1331.23  1320.95 1805.92  0.7 0.7 0.7 0.447555 0.447555 0.447555 0.7 0.00103466  135.8 135.8 135.8 122.164 122.164 122.164 135.8 0.0838077  0 0 0 0 0 0 0 0  231 231 231 268.753 268.753 268.753 231 0.106709 154.563
1 1991 TIME 1 2201.95 2125 137.274 1005.72  137.274  864.104 1260.89  1250.45 1702.76  21.3 21.3 21.3 14.2764 14.2764 14.2764 21.3 0.0350425  127.5 127.5 127.5 117.578 117.578 117.578 127.5 0.0821503  0 0 0 0 0 0 0 0  246 246 246 288.783 288.783 288.783 246 0.118578 137.274
1 1992 TIME 1 2119.5 2000.63 121.313 1285.27  121.313  816.501 1184.13  1201.11 1624.65  52.3 52.3 52.3 35.8853 35.8853 35.8853 52.3 0.0959846  213.1 213.1 213.1 199.028 199.028 199.028 213.1 0.145858  0 0 0 0 0 0 0 0  261 261 261 311.045 311.045 311.045 261 0.133374 121.313
1 1993 TIME 1 1965.57 1898.05 94.9835 1746.36  94.9835  772.06 1125.99  1370.5 1788.29  3.2 3.2 3.2 2.30692 2.30692 2.30692 3.2 0.00727511  143.7 143.7 143.7 140.168 140.168 140.168 143.7 0.113327  0.2 0.2 0.2 0.22308 0.22308 0.22308 0.2 0.000144117  251.2 251.2 251.2 326.807 326.807 326.807 251.2 0.138494 94.9835
1 1994 TIME 1 1912.22 1824.92 86.7793 1937.34  86.7793  749.726 1075.19  1265.12 1648.6  0.5 0.5 0.5 0.376066 0.376066 0.376066 0.5 0.00124724  135.4 135.4 135.4 136.576 136.576 136.576 135.4 0.111332  3.2 3.2 3.2 3.70848 3.70848 3.70848 3.2 0.00230479  228.1 228.1 228.1 301.055 301.055 301.055 228.1 0.127309 86.7793
1 1995 TIME 1 1925.25 1810.37 81.6992 1532.93  81.6992  748.909 1061.46  1265.75 1640.72  2.9 2.9 2.9 2.27885 2.27885 2.27885 2.9 0.00766824  164.2 164.2 164.2 168.74 168.74 168.74 164.2 0.135093  4.7 4.7 4.7 5.47893 5.47893 5.47893 4.7 0.00333758  176.5 176.5 176.5 233.191 233.191 233.191 176.5 0.0993918 81.6992
1 1996 TIME 1 2014.26 1892.14 78.2307 1222.57  78.2307  784.369 1107.77  1411.08 1809  10.5 10.5 10.5 8.4201 8.4201 8.4201 10.5 0.0285774  103.2 103.2 103.2 107.17 107.17 107.17 103.2 0.0834798  6.6 6.6 6.6 7.69984 7.69984 7.69984 6.6 0.00461031  143.2 143.2 143.2 194.758 194.758 194.758 143.2 0.0779891 78.2307
1 1997 TIME 1 2215.85 2119.08 83.4084 941.342  83.4084  878.917 1240.16  1620.45 2071.63  14 14 14 11.0193 11.0193 11.0193 14 0.0356487  111.5 111.5 111.5 116.221 116.221 116.221 111.5 0.0824986  4.6 4.6 4.6 5.4009 5.4009 5.4009 4.6 0.00290115  90.7 90.7 90.7 125.024 125.024 125.024 90.7 0.0441648 83.4084
1 1998 TIME 1 2437.65 2360.72 94.3386 699.745  94.3386  980.515 1380.21  1699.87 2199.64  6 6 6 4.54579 4.54579 4.54579 6 0.0136503  75.5 75.5 75.5 78.0646 78.0646 78.0646 75.5 0.04885  5.8 5.8 5.8 6.77994 6.77994 6.77994 5.8 0.00315703  116.7 116.7 116.7 156.279 156.279 156.279 116.7 0.0503699 94.3386
1 1999 TIME 1 2622.94 2563.87 111.417 1092.11  111.417  1068.14 1495.73  1680.56 2213.22  3.7 3.7 3.7 2.67487 2.67487 2.67487 3.7 0.00724956  45.4 45.4 45.4 45.5315 45.5315 45.5315 45.4 0.0254732  4.9 4.9 4.9 5.55033 5.55033 5.55033 4.9 0.00234962  161.9 161.9 161.9 204.102 204.102 204.102 161.9 0.0639409 111.417
1 2000 TIME 1 2725.39 2676.53 133.45 1427.13  133.45  1118.18 1558.35  1578.54 2123  1.2 1.2 1.2 0.84404 0.84404 0.84404 1.2 0.00200219  31.1 31.1 31.1 29.9201 29.9201 29.9201 31.1 0.0156656  14.5 14.5 14.5 15.7062 15.7062 15.7062 14.5 0.00647732  129.4 129.4 129.4 152.137 152.137 152.137 129.4 0.0489185 133.45
1 2001 TIME 1 2814.31 2740.43 163.578 1574.73  163.578  1147.16 1593.28  1446.29 1994.05  1.2 1.2 1.2 0.828834 0.828834 0.828834 1.2 0.00167934  71.1 71.1 71.1 65.3703 65.3703 65.3703 71.1 0.0330369  29 29 29 29.9428 29.9428 29.9428 29 0.0124965  248.2 248.2 248.2 272.602 272.602 272.602 248.2 0.0916974 163.578
1 2002 TIME 1 2735.69 2641.73 182.519 2003.09  182.519  1104.73 1537  1388.65 1918.58  1.8 1.8 1.8 1.22911 1.22911 1.22911 1.8 0.00232319  44.8 44.8 44.8 39.8167 39.8167 39.8167 44.8 0.0213669  49.4 49.4 49.4 49.2823 49.2823 49.2823 49.4 0.0227862  146.5 146.5 146.5 157.523 157.523 157.523 146.5 0.056824 182.519
1 2003 TIME 1 2794.6 2688.61 203.762 1585.45  203.762  1121.89 1566.72  1483.39 2031.07  0.5 0.5 0.5 0.338877 0.338877 0.338877 0.5 0.000592601  18.5 18.5 18.5 16.2158 16.2158 16.2158 18.5 0.00887905  39.7 39.7 39.7 39.4995 39.4995 39.4995 39.7 0.0188845  214 214 214 235.15 235.15 235.15 214 0.0822741 203.762
1 2004 TIME 1 2871.48 2744.97 214.612 1674.03  214.612  1143.61 1601.36  1591.01 2155.15  1.1 1.1 1.1 0.734335 0.734335 0.734335 1.1 0.00125699  20.6 20.6 20.6 18.1407 18.1407 18.1407 20.6 0.010014  46.9 46.9 46.9 47.7545 47.7545 47.7545 46.9 0.0225914  109.4 109.4 109.4 124.494 124.494 124.494 109.4 0.0412168 214.612
1 2005 TIME 1 3091.18 2987.38 225.754 1371.37  225.754  1242.06 1745.32  1840.5 2465.57  0 0 0 0 0 0 0 0  19.9 19.9 19.9 17.8277 17.8277 17.8277 19.9 0.0092273  54 54 54 56.6508 56.6508 56.6508 54 0.0244749  168.5 168.5 168.5 198.378 198.378 198.378 168.5 0.0585311 225.754
1 2006 TIME 1 3248.66 3142.51 227.85 984.265  227.85  1307.68 1834.84  1898.53 2551  0 0 0 0 0 0 0 0  15.7 15.7 15.7 14.2711 14.2711 14.2711 15.7 0.00692721  46.8 46.8 46.8 50.1172 50.1172 50.1172 46.8 0.0198015  177.6 177.6 177.6 209.736 209.736 209.736 177.6 0.0580507 227.85
1 2007 TIME 1 3401.03 3315.26 231.368 1326.8  231.368  1380.31 1934.95  1970.7 2656.24  0 0 0 0 0 0 0 0  26.3 26.3 26.3 23.9315 23.9315 23.9315 26.3 0.0108728  58.6 58.6 58.6 62.5416 62.5416 62.5416 58.6 0.0230805  138.6 138.6 138.6 161.244 161.244 161.244 138.6 0.0429108 231.368
1 2008 TIME 1 3523.32 3456.33 241.187 4508.71  241.187  1440.71 2015.62  1952.73 2660.66  0 0 0 0 0 0 0 0  11.6 11.6 11.6 10.4598 10.4598 10.4598 11.6 0.00448059  72.9 72.9 72.9 76.6646 76.6646 76.6646 72.9 0.026963  153.8 153.8 153.8 173.76 173.76 173.76 153.8 0.0455328 241.187
1 2009 TIME 1 3610.05 3496.33 256.821 4323.29  256.821  1460.01 2036.32  1821.05 2525.78  0.1 0.1 0.1 0.0674502 0.0674502 0.0674502 0.1 9.39465e-005  27 27 27 24.2456 24.2456 24.2456 27 0.00992083  67 67 67 69.6085 69.6085 69.6085 67 0.023928  242.9 242.9 242.9 265.258 265.258 265.258 242.9 0.0707758 256.821
1 2010 TIME 1 3738.01 3446.74 267.775 2997.05  267.775  1439.07 2007.67  1776.42 2470.57  0 0 0 0 0 0 0 0  12.2 12.2 12.2 10.8956 10.8956 10.8956 12.2 0.0044749  39.9 39.9 39.9 40.8229 40.8229 40.8229 39.9 0.0145702  201 201 201 220.116 220.116 220.116 201 0.0594789 267.775
1 2011 TIME 1 4244.38 3974.9 285.105 1764.55  285.105  1647.23 2327.67  2693.2 3548.87  0 0 0 0 0 0 0 0  9.7 9.7 9.7 8.79615 8.79615 8.79615 9.7 0.00345197  17.2 17.2 17.2 17.9115 17.9115 17.9115 17.2 0.00613799  178.4 178.4 178.4 219.062 219.062 219.062 178.4 0.0475242 285.105
1 2012 TIME 1 4897.97 4713.79 305.208 1700.52  305.208  1947.88 2765.92  3414.14 4447.49  0 0 0 0 0 0 0 0  10.4 10.4 10.4 9.79789 9.79789 9.79789 10.4 0.00337364  11.5 11.5 11.5 12.7845 12.7845 12.7845 11.5 0.00353547  210.4 210.4 210.4 275.684 275.684 275.684 210.4 0.0467231 305.208
1 2013 TIME 1 5460.2 5346.04 321.621 1719.46  321.621  2213.02 3133.03  3609.74 4759.85  0 0 0 0 0 0 0 0  14.2 14.2 14.2 13.7185 13.7185 13.7185 14.2 0.00398653  21.2 21.2 21.2 24.2443 24.2443 24.2443 21.2 0.00534035  362.6 362.6 362.6 463.952 463.952 463.952 362.6 0.0694123 321.621
1 2014 TIME 1 5721.01 5610.33 329.401 1727.92  329.401  2331.46 3278.87  3338.66 4504.42  0 0 0 0 0 0 0 0  17.1 17.1 17.1 16.3361 16.3361 16.3361 17.1 0.00423926  23.7 23.7 23.7 26.392 26.392 26.392 23.7 0.00527149  339.1 339.1 339.1 404.468 404.468 404.468 339.1 0.0610666 329.401
1 2015 FORE 1 5884.71 5772.88 353.216 1751.93  353.216  2404.54 3368.34  3113.3 4288.97  0 0 0 0 0 0  _ 0  28 28 28 25.7739 25.7739 25.7739  _ 0.00630667  52 52 52 54.83 54.83 54.83  _ 0.0109001  340 340 340 377.154 377.154 377.154  _ 0.0597175 353.216
1 2016 FORE 1 5912.57 5800.07 396.418 1789.42  396.418  2418.18 3381.89  2929.06 4098.12  0 0 0 0 0 0  _ 0  28 28 28 24.6891 24.6891 24.6891  _ 0.00603832  52 52 52 52.0438 52.0438 52.0438  _ 0.0108782  340 340 340 357.65 357.65 357.65  _ 0.0598407 396.418
1 2017 FORE 1 5868.57 5754.38 450.088 1827.54  450.088  2398.29 3356.1  2788.32 3944.24  0 0 0 0 0 0  _ 0  17.0999 17.0999 17.0999 14.5325 14.5325 14.5325  _ 0.00365836  21.2056 21.2056 21.2056 20.4849 20.4849 20.4849  _ 0.00454915  295.484 295.484 295.484 300.563 300.563 300.563  _ 0.0526987 450.088
1 2018 FORE 1 5864.02 5747.37 503.078 1858.35  503.078  2391.22 3356.15  2714.3 3872.05  0 0 0 0 0 0  _ 0  17.1473 17.1473 17.1473 14.1831 14.1831 14.1831  _ 0.00365836  20.7226 20.7226 20.7226 19.6385 19.6385 19.6385  _ 0.00454915  294.042 294.042 294.042 293.122 293.122 293.122  _ 0.0526987 503.078
1 2019 FORE 1 5835.36 5716.3 538.11 1875.84  538.11  2372.75 3343.55  2667.59 3825.43  0 0 0 0 0 0  _ 0  17.0218 17.0218 17.0218 13.8389 13.8389 13.8389  _ 0.00365836  20.1634 20.1634 20.1634 18.9783 18.9783 18.9783  _ 0.00454915  291.721 291.721 291.721 288.042 288.042 288.042  _ 0.0526987 538.11
1 2020 FORE 1 5798.2 5677.25 554.728 1883.46  554.728  2350.41 3326.84  2642.52 3800.19  0 0 0 0 0 0  _ 0  16.8327 16.8327 16.8327 13.5594 13.5594 13.5594  _ 0.00365836  19.6614 19.6614 19.6614 18.5211 18.5211 18.5211  _ 0.00454915  289.28 289.28 289.28 284.987 284.987 284.987  _ 0.0526987 554.728
1 2021 FORE 1 5761.87 5639.87 558.217 1885.01  558.217  2328.88 3310.99  2632.31 3790.22  0 0 0 0 0 0  _ 0  16.6411 16.6411 16.6411 13.3587 13.3587 13.3587  _ 0.00365836  19.2801 19.2801 19.2801 18.2481 18.2481 18.2481  _ 0.00454915  287.149 287.149 287.149 283.466 283.466 283.466  _ 0.0526987 558.217
1 2022 FORE 1 5730.69 5608.25 554.25 1883.25  554.25  2310.28 3297.97  2629.8 3788.3  0 0 0 0 0 0  _ 0  16.4777 16.4777 16.4777 13.2301 13.2301 13.2301  _ 0.00365836  19.0284 19.0284 19.0284 18.1161 18.1161 18.1161  _ 0.00454915  285.476 285.476 285.476 282.906 282.906 282.906  _ 0.0526987 554.25
1 2023 FORE 1 5705.86 5583.35 546.985 1879.96  546.985  2295.23 3288.11  2630.3 3789.57  0 0 0 0 0 0  _ 0  16.353 16.353 16.353 13.1573 13.1573 13.1573  _ 0.00365836  18.884 18.884 18.884 18.0746 18.0746 18.0746  _ 0.00454915  284.239 284.239 284.239 282.821 282.821 282.821  _ 0.0526987 546.985
1 2024 FORE 1 5686.91 5564.52 539.037 1876.27  539.037  2283.53 3280.99  2631.27 3791.3  0 0 0 0 0 0  _ 0  16.2653 16.2653 16.2653 13.1217 13.1217 13.1217  _ 0.00365836  18.8145 18.8145 18.8145 18.0799 18.0799 18.0799  _ 0.00454915  283.348 283.348 283.348 282.897 282.897 282.897  _ 0.0526987 539.037
1 2025 FORE 1 5672.63 5550.46 531.853 1872.86  531.853  2274.58 3275.88  2631.56 3792.19  0 0 0 0 0 0  _ 0  16.2067 16.2067 16.2067 13.1071 13.1071 13.1071  _ 0.00365836  18.7897 18.7897 18.7897 18.1022 18.1022 18.1022  _ 0.00454915  282.706 282.706 282.706 282.965 282.965 282.965  _ 0.0526987 531.853
1 2026 FORE 1 5661.71 5539.77 526.051 1870.05  526.051  2267.71 3272.07  2630.8 3791.82  0 0 0 0 0 0  _ 0  16.1682 16.1682 16.1682 13.102 13.102 13.102  _ 0.00365836  18.787 18.787 18.787 18.1245 18.1245 18.1245  _ 0.00454915  282.225 282.225 282.225 282.956 282.956 282.956  _ 0.0526987 526.051
