Area Yr Era Seas Bio_all Bio_smry SpawnBio Recruit_0  Spbio_GP:1 SmryBio_SX:1_GP:1 SmryBio_SX:2_GP:1 SmryNum_SX:1_GP:1 SmryNum_SX:2_GP:1 sel(B):_1 dead(B):_1 retain(B):_1 sel(N):_1 dead(N):_1 retain(N):_1 obs_cat:_1 Hrate:_1 sel(B):_2 dead(B):_2 retain(B):_2 sel(N):_2 dead(N):_2 retain(N):_2 obs_cat:_2 Hrate:_2 sel(B):_3 dead(B):_3 retain(B):_3 sel(N):_3 dead(N):_3 retain(N):_3 obs_cat:_3 Hrate:_3 SPB_vir_LH
1 1938 VIRG 1 9119.16 9040.53 1355.83 2101.57  1355.83  4459.04 4581.49  4290.38 5026.38 0 0 0 0 0 0 0 0  0 0 0 0 0 0 0 0  0 0 0 0 0 0 0 0  1355.83
1 1939 INIT 1 9119.16 9040.53 1355.83 2101.57  1355.83  4459.04 4581.49  4290.38 5026.38  0 0 0 0 0 0 0 0  0 0 0 0 0 0 0 0  0 0 0 0 0 0 0 0 1355.83
1 1940 TIME 1 9119.16 9040.53 1355.83 2101.58  1355.83  4459.04 4581.49  4290.38 5026.38  25.0717 25.0717 25.0717 13.1913 13.1913 13.1913 25.0717 0.00554528  0 0 0 0 0 0 0 0  1 1 1 0.665906 0.665906 0.665906 1 0.000134685 1355.83
1 1941 TIME 1 9096.12 9017.49 1349.75 2100.88  1349.75  4445.71 4571.78  4283.99 5020.05  53.4047 53.4047 53.4047 28.1113 28.1113 28.1113 53.4047 0.0118566  1.39333 1.39333 1.39333 0.918267 0.918267 0.918267 1.39333 0.000190066  1 1 1 0.666322 0.666322 0.666322 1 0.000135074 1349.75
1 1942 TIME 1 9049.21 8970.59 1337.19 2099.43  1337.19  4418.59 4552  4271.24 5007.29  103.892 103.892 103.892 54.7412 54.7412 54.7412 103.892 0.0232467  0.26186 0.26186 0.26186 0.172805 0.172805 0.172805 0.26186 3.5935e-005  1 1 1 0.667212 0.667212 0.667212 1 0.000135875 1337.19
1 1943 TIME 1 8963.85 8885.28 1313.94 2096.67  1313.94  4369.03 4516.25  4248.33 4984.48  313.88 313.88 313.88 165.704 165.704 165.704 313.88 0.0712637  11.0165 11.0165 11.0165 7.28828 7.28828 7.28828 11.0165 0.00152849  1 1 1 0.668922 0.668922 0.668922 1 0.000137355 1313.94
1 1944 TIME 1 8692.62 8614.16 1241.62 2087.48  1241.62  4212.6 4401.56  4174.47 4910.25  490.064 490.064 490.064 260.314 260.314 260.314 490.064 0.11663  0.0805121 0.0805121 0.0805121 0.0536929 0.0536929 0.0536929 0.0805121 1.15767e-005  1 1 1 0.674371 0.674371 0.674371 1 0.00014228 1241.62
1 1945 TIME 1 8305.4 8227.11 1136.81 2072.27  1136.81  3989.3 4237.81  4070.7 4805.28  732.621 732.621 732.621 393.171 393.171 393.171 732.621 0.187428  24.0583 24.0583 24.0583 16.2519 16.2519 16.2519 24.0583 0.00364864  1 1 1 0.683208 0.683208 0.683208 1 0.000149953 1136.81
1 1946 TIME 1 7724.64 7646.8 983.7 2044.8  983.7  3660.02 3986.78  3915.34 4642.69  418.199 418.199 418.199 228.405 228.405 228.405 418.199 0.120368  0.0898921 0.0898921 0.0898921 0.0620144 0.0620144 0.0620144 0.0898921 1.48496e-005  1 1 1 0.697879 0.697879 0.697879 1 0.000163128 983.7
1 1947 TIME 1 7504.62 7427.34 920.749 2031.13  920.749  3537.61 3889.73  3862.71 4581.54  348.558 348.558 348.558 192.259 192.259 192.259 348.558 0.105703  0.416033 0.416033 0.416033 0.290103 0.290103 0.290103 0.416033 7.1113e-005  1 1 1 0.705431 0.705431 0.705431 1 0.000168689 920.749
1 1948 TIME 1 7370.28 7293.95 881.301 2021.67  881.301  3464.77 3829.18  3830.48 4540.8  240.372 240.372 240.372 133.57 133.57 133.57 240.372 0.0754174  0.886506 0.886506 0.886506 0.622741 0.622741 0.622741 0.886506 0.000154739  1 1 1 0.710653 0.710653 0.710653 1 0.000172191 881.301
1 1949 TIME 1 7344.4 7268.53 870.798 2019.03  870.798  3452.82 3815.7  3820.99 4524.04  307.2 307.2 307.2 171.294 171.294 171.294 307.2 0.0971998  0.368213 0.368213 0.368213 0.259343 0.259343 0.259343 0.368213 6.44724e-005  0.616878 0.616878 0.616878 0.439531 0.439531 0.439531 0.616878 0.000106543 870.798
1 1950 TIME 1 7262.66 7187.13 849.884 1692.04  849.884  3410.16 3776.97  3792.24 4488.27  228.1 228.1 228.1 127.754 127.754 127.754 228.1 0.0735514  3.01814 3.01814 3.01814 2.13394 2.13394 2.13394 3.01814 0.000534836  3.69376 3.69376 3.69376 2.6419 2.6419 2.6419 3.69376 0.000645537 849.884
1 1951 TIME 1 7248.85 7175.08 847.828 1696.35  847.828  3406.9 3768.18  3782.56 4472.31  190.5 190.5 190.5 106.636 106.636 106.636 190.5 0.061527  2.40715 2.40715 2.40715 1.70118 1.70118 1.70118 2.40715 0.000426767  4.30774 4.30774 4.30774 3.07956 3.07956 3.07956 4.30774 0.000753228 847.828
1 1952 TIME 1 7257.73 7194.45 854.984 1698.78  854.984  3421.25 3773.21  3782.96 4467.72  239.868 239.868 239.868 133.956 133.956 133.956 239.868 0.0769534  2.55592 2.55592 2.55592 1.80208 1.80208 1.80208 2.55592 0.000451133  9.96273 9.96273 9.96273 7.10524 7.10524 7.10524 9.96273 0.00173459 854.984
1 1953 TIME 1 7195.32 7131.9 851.276 1704.63  851.276  3390.84 3741.06  3669.08 4343.48  191.409 191.409 191.409 106.79 106.79 106.79 191.409 0.0616772  1.50731 1.50731 1.50731 1.0619 1.0619 1.0619 1.50731 0.000267319  5.46917 5.46917 5.46917 3.89738 3.89738 3.89738 5.46917 0.00095682 851.276
1 1954 TIME 1 7160.48 7096.94 858.517 1680.12  858.517  3377.93 3719.02  3587.27 4252.08  207.027 207.027 207.027 115.25 115.25 115.25 207.027 0.0663172  3.09107 3.09107 3.09107 2.17141 2.17141 2.17141 3.09107 0.000546953  10.4193 10.4193 10.4193 7.4035 7.4035 7.4035 10.4193 0.001819 858.517
1 1955 TIME 1 7084.31 7020.72 860.711 1536.4  860.711  3344.63 3676.09  3512.85 4167.71  224.292 224.292 224.292 124.638 124.638 124.638 224.292 0.0718097  1.46345 1.46345 1.46345 1.02402 1.02402 1.02402 1.46345 0.000260032  11.5588 11.5588 11.5588 8.17985 8.17985 8.17985 11.5588 0.00202701 860.711
1 1956 TIME 1 6977.9 6915.85 858.315 1336.01  858.315  3296.43 3619.42  3447.18 4092.51  157.743 157.743 157.743 87.4541 87.4541 87.4541 157.743 0.0507253  1.97202 1.97202 1.97202 1.37268 1.37268 1.37268 1.97202 0.000354441  20.4199 20.4199 20.4199 14.3716 14.3716 14.3716 20.4199 0.00362427 858.315
1 1957 TIME 1 6907.49 6851.09 866.694 1229.84  866.694  3271.67 3579.42  3398.02 4033.27  245.335 245.335 245.335 135.269 135.269 135.269 245.335 0.0785208  0.949362 0.949362 0.949362 0.655786 0.655786 0.655786 0.949362 0.00017194  22.4677 22.4677 22.4677 15.6895 15.6895 15.6895 22.4677 0.00402084 866.694
1 1958 TIME 1 6736.98 6687.6 852.72 1245.72  852.72  3191.51 3496.09  3290.2 3913.33  273.848 273.848 273.848 150.383 150.383 150.383 273.848 0.0892012  1.86065 1.86065 1.86065 1.28052 1.28052 1.28052 1.86065 0.000345336  18.6404 18.6404 18.6404 12.9692 12.9692 12.9692 18.6404 0.0034192 852.72
1 1959 TIME 1 6524.36 6478.31 829.347 1344.6  829.347  3086.32 3391.99  3131 3738.66  136.498 136.498 136.498 74.7663 74.7663 74.7663 136.498 0.0456928  0.895657 0.895657 0.895657 0.61578 0.61578 0.61578 0.895657 0.000171242  26.2989 26.2989 26.2989 18.2819 18.2819 18.2819 26.2989 0.0049688 829.347
1 1960 TIME 1 6408.26 6361.16 830.981 1498.32  830.981  3035.45 3325.7  2995.81 3585.77  160.063 160.063 160.063 87.3126 87.3126 87.3126 160.063 0.0537375  1.8095 1.8095 1.8095 1.23827 1.23827 1.23827 1.8095 0.000349487  12.7472 12.7472 12.7472 8.82002 8.82002 8.82002 12.7472 0.00243341 830.981
1 1961 TIME 1 6262.86 6211.79 826.257 1482.62  826.257  2967.61 3244.18  2883.87 3457.78  140.221 140.221 140.221 76.3685 76.3685 76.3685 140.221 0.0475036  0.677272 0.677272 0.677272 0.461251 0.461251 0.461251 0.677272 0.000132938  39.9811 39.9811 39.9811 27.5258 27.5258 27.5258 39.9811 0.00775973 826.257
1 1962 TIME 1 6104.87 6048.94 819.054 1442.02  819.054  2895.07 3153.87  2816.89 3374.74  312.568 312.568 312.568 169.997 169.997 169.997 312.568 0.107253  1.4285 1.4285 1.4285 0.96663 0.96663 0.96663 1.4285 0.000287042  32.7645 32.7645 32.7645 22.4052 22.4052 22.4052 32.7645 0.00651438 819.054
1 1963 TIME 1 5809.31 5754.11 772.499 2013.06  772.499  2746.3 3007.81  2766.47 3311.71  179.273 179.273 179.273 97.7914 97.7914 97.7914 179.273 0.0649598  0.390284 0.390284 0.390284 0.264051 0.264051 0.264051 0.390284 8.30854e-005  27.7415 27.7415 27.7415 18.964 18.964 18.964 27.7415 0.00584525 772.499
1 1964 TIME 1 5667.34 5610.48 753.833 1794.32  753.833  2679.09 2931.39  2753.06 3287.12  187.974 187.974 187.974 102.902 102.902 102.902 187.974 0.0699467  0.490222 0.490222 0.490222 0.331763 0.331763 0.331763 0.490222 0.000108042  22.2509 22.2509 22.2509 15.215 15.215 15.215 22.2509 0.00485462 753.833
1 1965 TIME 1 5553.84 5479.73 730.236 1380.34  730.236  2615.74 2863.99  2728.96 3252.75  109.37 109.37 109.37 60.057 60.057 60.057 109.37 0.042033  0.340165 0.340165 0.340165 0.231293 0.231293 0.231293 0.340165 7.75111e-005  46.9436 46.9436 46.9436 32.2614 32.2614 32.2614 46.9436 0.0105843 730.236
1 1966 TIME 1 5527.08 5462.14 716.637 1513.79  716.637  2614.55 2847.59  2895.97 3418.33  197.21 197.21 197.21 108.072 108.072 108.072 197.21 0.0774181  0.277769 0.277769 0.277769 0.189589 0.189589 0.189589 0.277769 6.44476e-005  36.8073 36.8073 36.8073 25.4028 25.4028 25.4028 36.8073 0.00844437 716.637
1 1967 TIME 1 5456.6 5404.31 683.828 1753.32  683.828  2583.63 2820.69  2952.06 3472.19  187.337 187.337 187.337 102.951 102.951 102.951 187.337 0.0767446  0.251307 0.251307 0.251307 0.173297 0.173297 0.173297 0.251307 5.99374e-005  44.5795 44.5795 44.5795 31.0943 31.0943 31.0943 44.5795 0.0105033 683.828
1 1968 TIME 1 5403.69 5345.83 654.022 3346.17  654.022  2550.02 2795.8  2872.85 3384.18  146.251 146.251 146.251 80.92 80.92 80.92 146.251 0.0623176  0.216201 0.216201 0.216201 0.151291 0.151291 0.151291 0.216201 5.24956e-005  40.5153 40.5153 40.5153 28.691 28.691 28.691 40.5153 0.00970604 654.022
1 1969 TIME 1 5412.18 5338.42 637.697 1260.71  637.697  2545.96 2792.46  2857.38 3362.8  140.837 140.837 140.837 79.5345 79.5345 79.5345 140.837 0.0612999  0.242985 0.242985 0.242985 0.173273 0.173273 0.173273 0.242985 5.88629e-005  39.3736 39.3736 39.3736 28.4217 28.4217 28.4217 39.3736 0.009398 637.697
1 1970 TIME 1 5471.29 5357.03 627.598 1265.94  627.598  2557.11 2799.92  2918.93 3423.26  113.35 113.35 113.35 64.2521 64.2521 64.2521 113.35 0.0498837  2.89168 2.89168 2.89168 2.07297 2.07297 2.07297 2.89168 0.000694698  45.2636 45.2636 45.2636 32.8414 32.8414 32.8414 45.2636 0.0107091 627.598
1 1971 TIME 1 5592.86 5545.69 628.196 1940.4  628.196  2660.26 2885.43  3462.83 3993.35  92.0364 92.0364 92.0364 52.053 52.053 52.053 92.0364 0.0403669  2.79571 2.79571 2.79571 1.99877 1.99877 1.99877 2.79571 0.000665068  63.4878 63.4878 63.4878 45.9181 45.9181 45.9181 63.4878 0.0148824 628.196
1 1972 TIME 1 5713.07 5662.25 635.515 1627.19  635.515  2712.7 2949.54  3286.11 3811.7  144.022 144.022 144.022 81.6243 81.6243 81.6243 144.022 0.0625227  2.95609 2.95609 2.95609 2.11897 2.11897 2.11897 2.95609 0.000695881  52.4477 52.4477 52.4477 38.0279 38.0279 38.0279 52.4477 0.0121703 635.515
1 1973 TIME 1 5778.57 5707.66 635.329 2041.54  635.329  2728.94 2978.72  3127.34 3647.15  127.715 127.715 127.715 72.4845 72.4845 72.4845 127.715 0.0554124  2.57577 2.57577 2.57577 1.86891 1.86891 1.86891 2.57577 0.000597195  47.7262 47.7262 47.7262 35.0654 35.0654 35.0654 47.7262 0.0108892 635.329
1 1974 TIME 1 5850.68 5787.67 640.278 3124.17  640.278  2770.35 3017.32  3204.21 3728.48  114.721 114.721 114.721 65.3835 65.3835 65.3835 114.721 0.0492827  4.18383 4.18383 4.18383 3.06027 3.06027 3.06027 4.18383 0.000939964  56.8278 56.8278 56.8278 42.1064 42.1064 42.1064 56.8278 0.0125435 640.278
1 1975 TIME 1 5921.55 5839.64 650.392 1543.93  650.392  2798.29 3041.35  3173.52 3696.91  135.104 135.104 135.104 78.0522 78.0522 78.0522 135.104 0.0569521  5.61285 5.61285 5.61285 4.10306 4.10306 4.10306 5.61285 0.00122917  64.7862 64.7862 64.7862 47.9224 47.9224 47.9224 64.7862 0.0139535 650.392
1 1976 TIME 1 5991.66 5883.05 662.104 2460.9  662.104  2823.46 3059.59  3266.17 3794.75  283.349 283.349 283.349 163.651 163.651 163.651 283.349 0.117229  3.5959 3.5959 3.5959 2.60414 2.60414 2.60414 3.5959 0.000781531  37.2941 37.2941 37.2941 27.3092 27.3092 27.3092 37.2941 0.00798606 662.104
1 1977 TIME 1 5996.52 5934.1 651.455 1797.16  651.455  2846.01 3088.08  3645.56 4200.96  243.806 243.806 243.806 141.705 141.705 141.705 243.806 0.102012  5.42106 5.42106 5.42106 3.92754 3.92754 3.92754 5.42106 0.0012006  93.935 93.935 93.935 68.8051 68.8051 68.8051 93.935 0.0205069 651.455
1 1978 TIME 1 6005.74 5917.23 639.192 2795.09  639.192  2826.5 3090.73  3476.82 4029.66  191.22 191.22 191.22 111.133 111.133 111.133 191.22 0.0813479  35.7594 35.7594 35.7594 26.0402 26.0402 26.0402 35.7594 0.0080662  86.7998 86.7998 86.7998 63.9284 63.9284 63.9284 86.7998 0.0192895 639.192
1 1979 TIME 1 6059.48 5987.15 630.347 2474.41  630.347  2859.36 3127.8  3621 4182.01  190.008 190.008 190.008 111.074 111.074 111.074 190.008 0.0818064  63.7323 63.7323 63.7323 47.0688 47.0688 47.0688 63.7323 0.0143615  58.565 58.565 58.565 43.7854 43.7854 43.7854 58.565 0.0129781 630.347
1 1980 TIME 1 6130.96 6028.2 620.493 2133.25  620.493  2874.59 3153.61  3540.66 4099.69  356.153 356.153 356.153 209.543 209.543 209.543 356.153 0.15492  27.4938 27.4938 27.4938 20.5454 20.5454 20.5454 27.4938 0.00610723  50.2004 50.2004 50.2004 37.9868 37.9868 37.9868 50.2004 0.0109478 620.493
1 1981 TIME 1 6126.21 6035.6 587.789 2152.07  587.789  2869.5 3166.1  3746.33 4322.46  484.948 484.948 484.948 288.32 288.32 288.32 484.948 0.218712  19.6825 19.6825 19.6825 14.8607 14.8607 14.8607 19.6825 0.00438937  235.494 235.494 235.494 179.992 179.992 179.992 235.494 0.0515269 587.789
1 1982 TIME 1 5868.83 5789.19 516.988 1676.67  516.988  2734.54 3054.65  3732.01 4303.47  302.344 302.344 302.344 183.509 183.509 183.509 302.344 0.15081  32.8852 32.8852 32.8852 25.2437 25.2437 25.2437 32.8852 0.00779954  320.664 320.664 320.664 249.101 249.101 249.101 320.664 0.0745627 516.988
1 1983 TIME 1 5703.3 5625.45 480.39 2947.27  480.39  2653.44 2972  3630.72 4182.31  199.352 199.352 199.352 121.935 121.935 121.935 199.352 0.105916  57.3618 57.3618 57.3618 44.4854 44.4854 44.4854 57.3618 0.0141889  256.047 256.047 256.047 200.981 200.981 200.981 256.047 0.0620474 480.39
1 1984 TIME 1 5666.49 5597.32 471.527 1966.84  471.527  2644.18 2953.14  3589.32 4127.21  162.284 162.284 162.284 100.411 100.411 100.411 162.284 0.0878136  78.7156 78.7156 78.7156 61.6682 61.6682 61.6682 78.7156 0.0195459  272.602 272.602 272.602 216.215 216.215 216.215 272.602 0.0662396 471.527
1 1985 TIME 1 5623.22 5518.26 466.309 2435.56  466.309  2610.5 2907.76  3406.27 3921.62  149.792 149.792 149.792 92.9159 92.9159 92.9159 149.792 0.0820113  84.1879 84.1879 84.1879 66.1466 66.1466 66.1466 84.1879 0.0208889  338.493 338.493 338.493 269.252 269.252 269.252 338.493 0.0821434 466.309
1 1986 TIME 1 5533.96 5458.13 457.13 1457.9  457.13  2595.06 2863.07  3618.07 4127.48  127.504 127.504 127.504 79.5416 79.5416 79.5416 127.504 0.0712448  77.2874 77.2874 77.2874 60.7174 60.7174 60.7174 77.2874 0.0194715  396.605 396.605 396.605 315.336 315.336 315.336 396.605 0.097758 457.13
1 1987 TIME 1 5419.03 5333.16 447.537 2570.96  447.537  2540.52 2792.64  3487.31 3975.43  80.0779 80.0779 80.0779 49.7497 49.7497 49.7497 80.0779 0.0458697  196.16 196.16 196.16 153.427 153.427 153.427 196.16 0.0509171  387.401 387.401 387.401 306.578 306.578 306.578 387.401 0.098461 447.537
1 1988 TIME 1 5238.83 5178.65 431.02 1914.77  431.02  2476.07 2702.58  3497.49 3965.19  129.054 129.054 129.054 80.6736 80.6736 80.6736 129.054 0.0772877  102.389 102.389 102.389 80.5471 80.5471 80.5471 102.389 0.0278586  351.831 351.831 351.831 280.109 280.109 280.109 351.831 0.0937053 431.02
1 1989 TIME 1 5132.16 5039.59 416.899 2760.36  416.899  2406.64 2632.94  3233.96 3679.73  125.322 125.322 125.322 78.5317 78.5317 78.5317 125.322 0.0776759  126.996 126.996 126.996 100.684 100.684 100.684 126.996 0.0353257  356.445 356.445 356.445 286.112 286.112 286.112 356.445 0.0969216 416.899
1 1990 TIME 1 5008.86 4933.03 398.266 2157.83  398.266  2361.15 2571.88  3339.82 3779.11  43.9285 43.9285 43.9285 27.8908 27.8908 27.8908 43.9285 0.0283986  86.0324 86.0324 86.0324 68.8169 68.8169 68.8169 86.0324 0.0245006  405.744 405.744 405.744 328.578 328.578 328.578 405.744 0.112849 398.266
1 1991 TIME 1 4963.01 4863.09 395.048 1451  395.048  2333.71 2529.38  3248.36 3671.57  48.1917 48.1917 48.1917 30.6838 30.6838 30.6838 48.1917 0.0315108  64.7171 64.7171 64.7171 51.6589 51.6589 51.6589 64.7171 0.0186286  312.974 312.974 312.974 252.821 252.821 252.821 312.974 0.0880351 395.048
1 1992 TIME 1 5035.72 4958.79 405.787 1489.77  405.787  2388.51 2570.28  3465.6 3897.83  60.0475 60.0475 60.0475 37.7849 37.7849 37.7849 60.0475 0.0384578  0.0120469 0.0120469 0.0120469 0.00953953 0.00953953 0.00953953 0.0120469 3.43468e-006  323.43 323.43 323.43 259.175 259.175 259.175 323.43 0.0901949 405.787
1 1993 TIME 1 5134.4 5080 421.071 1193.64  421.071  2448.16 2631.84  3480.81 3918.83  47.4162 47.4162 47.4162 29.4346 29.4346 29.4346 47.4162 0.0294783  62.302 62.302 62.302 49.0623 49.0623 49.0623 62.302 0.0174134  311.774 311.774 311.774 248.514 248.514 248.514 311.774 0.0852468 421.071
1 1994 TIME 1 5151.22 5097.08 430.913 2245.94  430.913  2454.35 2642.73  3265.4 3693.18  3.14329 3.14329 3.14329 1.92453 1.92453 1.92453 3.14329 0.0019217  75.0053 75.0053 75.0053 58.9414 58.9414 58.9414 75.0053 0.0206334  356.586 356.586 356.586 283.766 283.766 283.766 356.586 0.0959133 430.913
1 1995 TIME 1 5097.72 5047.68 440.651 1347.42  440.651  2434.88 2612.8  3088.24 3499.59  5.59719 5.59719 5.59719 3.42449 3.42449 3.42449 5.59719 0.00337082  66.5313 66.5313 66.5313 52.257 52.257 52.257 66.5313 0.0180011  241.502 241.502 241.502 192.129 192.129 192.129 241.502 0.0638596 440.651
1 1996 TIME 1 5115.12 5035.85 465.715 1014.08  465.715  2433.8 2602.05  2887.24 3286.72  4.0125 4.0125 4.0125 2.43042 2.43042 2.43042 4.0125 0.00230272  5.20463 5.20463 5.20463 4.03013 4.03013 4.03013 5.20463 0.00135932  259.389 259.389 259.389 203.35 203.35 203.35 259.389 0.0662955 465.715
1 1997 TIME 1 5143.61 5094.94 498.837 2007.68  498.837  2474.85 2620.1  3054.34 3461.6  7.21756 7.21756 7.21756 4.2997 4.2997 4.2997 7.21756 0.00390616  4.39073 4.39073 4.39073 3.3197 3.3197 3.3197 4.39073 0.00111943  221.758 221.758 221.758 169.622 169.622 169.622 221.758 0.0554797 498.837
1 1998 TIME 1 5165.18 5122.13 535.582 1122.48  535.582  2492.62 2629.51  2934.45 3339.2  64.845 64.845 64.845 38.315 38.315 38.315 64.845 0.0331356  2.08646 2.08646 2.08646 1.5461 1.5461 1.5461 2.08646 0.000526273  231.852 231.852 231.852 173.688 173.688 173.688 231.852 0.0575412 535.582
1 1999 TIME 1 5096.94 5026.47 553.562 2595.29  553.562  2443.91 2582.55  2713.77 3110.04  1.71125 1.71125 1.71125 0.998064 0.998064 0.998064 1.71125 0.000854896  1.75674 1.75674 1.75674 1.28591 1.28591 1.28591 1.75674 0.000448764  214.662 214.662 214.662 158.897 158.897 158.897 214.662 0.0540054 553.562
1 2000 TIME 1 5091.83 5042.23 576.549 1701.55  576.549  2461.3 2580.93  2854.46 3255.92  0.179324 0.179324 0.179324 0.104341 0.104341 0.104341 0.179324 8.70409e-005  0.00183923 0.00183923 0.00183923 0.00133897 0.00133897 0.00133897 0.00183923 4.6818e-007  217.092 217.092 217.092 159.876 159.876 159.876 217.092 0.05442 576.549
1 2001 TIME 1 5092.33 4999.95 590.827 947.651  590.827  2443.38 2556.58  2703.99 3097.29  0 0 0 0 0 0 0 0  9.19612e-005 9.19612e-005 9.19612e-005 6.63671e-005 6.63671e-005 6.63671e-005 9.19612e-005 2.34547e-008  188.3 188.3 188.3 137.426 137.426 137.426 188.3 0.0473273 590.827
1 2002 TIME 1 5143.56 5083.84 603.938 1027.07  603.938  2494.12 2589.72  3036.64 3447.25  0.0479324 0.0479324 0.0479324 0.0273137 0.0273137 0.0273137 0.0479324 2.25211e-005  9.19612e-005 9.19612e-005 9.19612e-005 6.56611e-005 6.56611e-005 6.56611e-005 9.19612e-005 2.34919e-008  229.32 229.32 229.32 165.585 165.585 165.585 229.32 0.0577721 603.938
1 2003 TIME 1 5150.61 5114.74 606.282 2314.76  606.282  2509.2 2605.54  3033.68 3446.49  0.0819077 0.0819077 0.0819077 0.0461148 0.0461148 0.0461148 0.0819077 3.85602e-005  0.00744886 0.00744886 0.00744886 0.00529675 0.00529675 0.00529675 0.00744886 1.9236e-006  232.981 232.981 232.981 167.586 167.586 167.586 232.981 0.0593279 606.282
1 2004 TIME 1 5127.79 5082.72 603.433 1571.98  603.433  2488.49 2594.23  2799.26 3201.08  0.927079 0.927079 0.927079 0.523648 0.523648 0.523648 0.927079 0.000440216  9.19612e-005 9.19612e-005 9.19612e-005 6.60324e-005 6.60324e-005 6.60324e-005 9.19612e-005 2.38367e-008  259.514 259.514 259.514 188.63 188.63 188.63 259.514 0.0662587 603.433
1 2005 TIME 1 5067.01 4984.33 593.925 1772.71  593.925  2438.76 2545.57  2615.94 3004  0.0024287 0.0024287 0.0024287 0.00137393 0.00137393 0.00137393 0.0024287 1.1724e-006  0.000551767 0.000551767 0.000551767 0.00039983 0.00039983 0.00039983 0.000551767 1.42825e-007  325.044 325.044 325.044 238.595 238.595 238.595 325.044 0.0827365 593.925
1 2006 TIME 1 4959.3 4899.46 575.956 3518.39  575.956  2404.62 2494.84  2834.13 3224.17  1.92681 1.92681 1.92681 1.09569 1.09569 1.09569 1.92681 0.000956512  0.033106 0.033106 0.033106 0.0240009 0.0240009 0.0240009 0.033106 8.69545e-006  311.535 311.535 311.535 228.657 228.657 228.657 311.535 0.0804671 575.956
1 2007 TIME 1 4889.11 4813.83 563.683 1739.28  563.683  2362.95 2450.88  2795.26 3179.32  0.864436 0.864436 0.864436 0.502569 0.502569 0.502569 0.864436 0.00043758  0 0 0 0 0 0 0 0  286.451 286.451 286.451 210.146 210.146 210.146 286.451 0.0760813 563.683
1 2008 TIME 1 4901.78 4779.46 557.159 3345.58  557.159  2346.07 2433.39  2832.27 3215.86  0.0478198 0.0478198 0.0478198 0.0278909 0.0278909 0.0278909 0.0478198 2.4525e-005  0 0 0 0 0 0 0 0  222.173 222.173 222.173 163.105 163.105 163.105 222.173 0.060544 557.159
1 2009 TIME 1 5053.17 4979.87 557.678 517.92  557.678  2451.14 2528.73  3417.69 3834.75  0.00275884 0.00275884 0.00275884 0.00162718 0.00162718 0.00162718 0.00275884 1.41552e-006  0 0 0 0 0 0 0 0  250.847 250.847 250.847 186.468 186.468 186.468 250.847 0.0682262 557.678
1 2010 TIME 1 5229.81 5119.37 550.631 2669.82  550.631  2510.55 2608.82  3361.03 3784.07  0.0335659 0.0335659 0.0335659 0.0195474 0.0195474 0.0195474 0.0335659 1.73881e-005  0 0 0 0 0 0 0 0  218.521 218.521 218.521 163.597 163.597 163.597 218.521 0.0589164 550.631
1 2011 TIME 1 5457.4 5426.9 549.699 1157.14  549.699  2660.65 2766.25  3813.53 4269.85  0.997384 0.997384 0.997384 0.583456 0.583456 0.583456 0.997384 0.000514741  0 0 0 0 0 0 0 0  230.709 230.709 230.709 176.119 176.119 176.119 230.709 0.0599238 549.699
1 2012 TIME 1 5642.3 5550.32 552.12 1898.71  552.12  2704.51 2845.81  3326.64 3770.46  0.953467 0.953467 0.953467 0.555877 0.555877 0.555877 0.953467 0.000486356  0.0404629 0.0404629 0.0404629 0.0308574 0.0308574 0.0308574 0.0404629 1.01693e-005  280.595 280.595 280.595 216.918 216.918 216.918 280.595 0.0690223 552.12
1 2013 TIME 1 5746.22 5699.11 556.614 1901.21  556.614  2780.12 2919  3554.95 4012.8  0.00919612 0.00919612 0.00919612 0.00538019 0.00538019 0.00538019 0.00919612 4.61259e-006  0 0 0 0 0 0 0 0  325.057 325.057 325.057 252.522 252.522 252.522 325.057 0.0760428 556.614
1 2014 TIME 1 5761.26 5690.27 567.001 1906.86  567.001  2772.51 2917.76  3270.89 3716.15  1.05331 1.05331 1.05331 0.619248 0.619248 0.619248 1.05331 0.00051561  0.0137942 0.0137942 0.0137942 0.010494 0.010494 0.010494 0.0137942 3.19638e-006  355.075 355.075 355.075 273.551 273.551 273.551 355.075 0.0805786 567.001
1 2015 FORE 1 5715.83 5644.74 582.254 1914.85  582.254  2754.8 2889.93  3247.53 3688.38  1 1 1 0.58877 0.58877 0.58877  _ 0.000476627  0 0 0 0 0 0  _ 0  282 282 282 214.165 214.165 214.165  _ 0.0637071 582.254
1 2016 FORE 1 5723.19 5651.86 609.616 1928.33  609.616  2763.23 2888.63  3253.09 3695.17  1 1 1 0.586304 0.586304 0.586304  _ 0.000458013  0 0 0 0 0 0  _ 0  282 282 282 210.913 210.913 210.913  _ 0.0634009 609.616
1 2017 FORE 1 5722.78 5651.12 632.104 1938.66  632.104  2766.91 2884.21  3261.15 3704.54  0.986198 0.986198 0.986198 0.574484 0.574484 0.574484  _ 0.000438861  0.0118615 0.0118615 0.0118615 0.00866698 0.00866698 0.00866698  _ 2.7206e-006  303.641 303.641 303.641 224.357 224.357 224.357  _ 0.0685844 632.104
1 2018 FORE 1 5701.14 5629 643.037 1943.46  643.037  2758.71 2870.29  3265.05 3708.3  0.996957 0.996957 0.996957 0.577141 0.577141 0.577141  _ 0.000438861  0.0117276 0.0117276 0.0117276 0.00852016 0.00852016 0.00852016  _ 2.7206e-006  300.124 300.124 300.124 220.54 220.54 220.54  _ 0.0685844 643.037
1 2019 FORE 1 5687.27 5614.77 646.195 1944.82  646.195  2753.13 2861.64  3274.15 3717.7  0.997546 0.997546 0.997546 0.574662 0.574662 0.574662  _ 0.000438861  0.0116263 0.0116263 0.0116263 0.00844095 0.00844095 0.00844095  _ 2.7206e-006  297.653 297.653 297.653 218.664 218.664 218.664  _ 0.0685844 646.195
1 2020 FORE 1 5681.64 5608.98 644.086 1943.91  644.086  2750.79 2858.2  3285.89 3730.07  0.992395 0.992395 0.992395 0.5701 0.5701 0.5701  _ 0.000438861  0.0115705 0.0115705 0.0115705 0.00841541 0.00841541 0.00841541  _ 2.7206e-006  296.379 296.379 296.379 218.171 218.171 218.171  _ 0.0685844 644.086
1 2021 FORE 1 5682.75 5610.05 640.028 1942.15  640.028  2751.22 2858.83  3297.55 3742.56  0.985814 0.985814 0.985814 0.56582 0.56582 0.56582  _ 0.000438861  0.0115486 0.0115486 0.0115486 0.00841927 0.00841927 0.00841927  _ 2.7206e-006  295.927 295.927 295.927 218.378 218.378 218.378  _ 0.0685844 640.028
1 2022 FORE 1 5688.63 5615.97 636.274 1940.5  636.274  2753.71 2862.27  3307.78 3753.71  0.980346 0.980346 0.980346 0.562863 0.562863 0.562863  _ 0.000438861  0.0115488 0.0115488 0.0115488 0.00843755 0.00843755 0.00843755  _ 2.7206e-006  296 296 296 218.911 218.911 218.911  _ 0.0685844 636.274
1 2023 FORE 1 5697.43 5624.83 633.677 1939.36  633.677  2757.52 2867.31  3315.96 3762.8  0.976859 0.976859 0.976859 0.561337 0.561337 0.561337  _ 0.000438861  0.0115632 0.0115632 0.0115632 0.00846242 0.00846242 0.00846242  _ 2.7206e-006  296.412 296.412 296.412 219.589 219.589 219.589  _ 0.0685844 633.677
1 2024 FORE 1 5707.54 5635 632.31 1938.75  632.31  2762 2873  3322.09 3769.75  0.975308 0.975308 0.975308 0.560969 0.560969 0.560969  _ 0.000438861  0.011586 0.011586 0.011586 0.00848903 0.00848903 0.00848903  _ 2.7206e-006  297.02 297.02 297.02 220.294 220.294 220.294  _ 0.0685844 632.31
1 2025 FORE 1 5717.76 5645.26 631.968 1938.6  631.968  2766.62 2878.64  3326.48 3774.89  0.975299 0.975299 0.975299 0.561408 0.561408 0.561408  _ 0.000438861  0.0116124 0.0116124 0.0116124 0.00851403 0.00851403 0.00851403  _ 2.7206e-006  297.704 297.704 297.704 220.944 220.944 220.944  _ 0.0685844 631.968
1 2026 FORE 1 5727.29 5654.82 632.385 1938.78  632.385  2771.01 2883.81  3329.58 3778.63  0.976358 0.976358 0.976358 0.562328 0.562328 0.562328  _ 0.000438861  0.0116387 0.0116387 0.0116387 0.00853545 0.00853545 0.00853545  _ 2.7206e-006  298.376 298.376 298.376 221.493 221.493 221.493  _ 0.0685844 632.385
