Area Yr Era Seas Bio_all Bio_smry SpawnBio Recruit_0  SpawnBio_GP:1 SmryBio_SX:1_GP:1 SmryBio_SX:2_GP:1 SmryNum_SX:1_GP:1 SmryNum_SX:2_GP:1 sel(B):_1 dead(B):_1 retain(B):_1 sel(N):_1 dead(N):_1 retain(N):_1 obs_cat:_1 F:_1 sel(B):_2 dead(B):_2 retain(B):_2 sel(N):_2 dead(N):_2 retain(N):_2 obs_cat:_2 F:_2 sel(B):_3 dead(B):_3 retain(B):_3 sel(N):_3 dead(N):_3 retain(N):_3 obs_cat:_3 F:_3 sel(B):_4 dead(B):_4 retain(B):_4 sel(N):_4 dead(N):_4 retain(N):_4 obs_cat:_4 F:_4 SSB_vir_LH ABC_buffer
1 1874 VIRG 1 54743.2 54086.6 33405.9 0  33405.9  36576.3 17510.4  43094.2 40999.9 0 0 0 0 0 0 0 0  0 0 0 0 0 0 0 0  0 0 0 0 0 0 0 0  0 0 0 0 0 0 0 0  33405.9 NA
1 1875 INIT 1 54743.2 54086.6 33405.9 0  33405.9  36576.3 17510.4  43094.2 40999.9  0 0 0 0 0 0 0 0  0 0 0 0 0 0 0 0  0 0 0 0 0 0 0 0  0 0 0 0 0 0 0 0 33405.9 NA
1 1876 TIME 1 54743.5 54086.9 33406 20361.5  33406  36576.4 17510.5  43094.5 41000.2  0 0 0 0 0 0 0 0  0 0 0 0 0 0 0 0  0 0 0 0 0 0 0 0  1.03347 1.03347 1 1.28243 1.28243 1.10463 1 2.02703e-05 33406 NA
1 1877 TIME 1 54742.5 54085.9 33405.4 20361.6  33405.4  36575.8 17510.1  43094 40999.6  0 0 0 0 0 0 0 0  0 0 0 0 0 0 0 0  0 0 0 0 0 0 0 0  1.03347 1.03347 1 1.28244 1.28244 1.10463 1 2.02707e-05 33405.4 NA
1 1878 TIME 1 54741.6 54085 33404.8 20361.6  33404.8  36575.2 17509.9  43093.6 40999.1  0 0 0 0 0 0 0 0  0 0 0 0 0 0 0 0  0 0 0 0 0 0 0 0  1.03347 1.03347 1 1.28244 1.28244 1.10464 1 2.0271e-05 33404.8 NA
1 1879 TIME 1 54740.8 54084.2 33404.2 20361.7  33404.2  36574.6 17509.6  43093.3 40998.7  0 0 0 0 0 0 0 0  0 0 0 0 0 0 0 0  0 0 0 0 0 0 0 0  1.03347 1.03347 1 1.28245 1.28245 1.10464 1 2.02713e-05 33404.2 NA
1 1880 TIME 1 54740.1 54083.4 33403.7 20361.7  33403.7  36574.1 17509.4  43093 40998.4  0 0 0 0 0 0 0 0  0 0 0 0 0 0 0 0  0 0 0 0 0 0 0 0  11.9366 11.9366 11.55 14.8125 14.8125 12.7587 11.55 0.000234161 33403.7 NA
1 1881 TIME 1 54728.9 54072.3 33396.5 20361.6  33396.5  36566.6 17505.7  43087 40991.4  0 0 0 0 0 0 0 0  0 0 0 0 0 0 0 0  0 0 0 0 0 0 0 0  22.8398 22.8398 22.1 28.3436 28.3436 24.4132 22.1 0.000448189 33396.5 NA
1 1882 TIME 1 54708 54051.4 33382.8 20361.3  33382.8  36552.6 17498.8  43076.2 40978.8  0 0 0 0 0 0 0 0  0 0 0 0 0 0 0 0  0 0 0 0 0 0 0 0  33.7433 33.7433 32.65 41.8776 41.8776 36.0689 32.65 0.000662477 33382.8 NA
1 1883 TIME 1 54677.9 54021.3 33362.9 20360.8  33362.9  36532.4 17489  43061.2 40961.4  0 0 0 0 0 0 0 0  0 0 0 0 0 0 0 0  0 0 0 0 0 0 0 0  44.6472 44.6472 43.2 55.4164 55.4164 47.7268 43.2 0.000877137 33362.9 NA
1 1884 TIME 1 54639.5 53982.9 33337.4 20360.2  33337.4  36506.4 17476.5  43042.7 40939.9  0 0 0 0 0 0 0 0  0 0 0 0 0 0 0 0  0 0 0 0 0 0 0 0  55.5518 55.5518 53.75 68.9621 68.9621 59.3884 53.75 0.00109227 33337.4 NA
1 1885 TIME 1 54593.4 53936.8 33306.7 20359.5  33306.7  36475.3 17461.6  43021 40914.8  0 0 0 0 0 0 0 0  0 0 0 0 0 0 0 0  0 0 0 0 0 0 0 0  66.457 66.457 64.3 82.517 82.517 71.0551 64.3 0.00130795 33306.7 NA
1 1886 TIME 1 54540.4 53883.9 33271.2 20358.6  33271.2  36439.3 17444.6  42996.6 40886.6  0 0 0 0 0 0 0 0  0 0 0 0 0 0 0 0  0 0 0 0 0 0 0 0  77.3632 77.3632 74.85 96.0829 96.0829 82.7281 74.85 0.00152426 33271.2 NA
1 1887 TIME 1 54481.3 53824.7 33231.4 20357.6  33231.4  36399.1 17425.7  42969.8 40855.8  0 0 0 0 0 0 0 0  0 0 0 0 0 0 0 0  0 0 0 0 0 0 0 0  88.2703 88.2703 85.4 109.662 109.662 94.4088 85.4 0.00174127 33231.4 NA
1 1888 TIME 1 54416.5 53760 33187.8 20356.6  33187.8  36354.9 17405.1  42940.9 40822.8  0 0 0 0 0 0 0 0  0 0 0 0 0 0 0 0  0 0 0 0 0 0 0 0  99.1784 99.1784 95.95 123.255 123.255 106.098 95.95 0.00195903 33187.8 NA
1 1889 TIME 1 54346.8 53690.4 33140.7 20355.4  33140.7  36307.3 17383.1  42910.3 40787.7  0 0 0 0 0 0 0 0  0 0 0 0 0 0 0 0  0 0 0 0 0 0 0 0  110.088 110.088 106.5 136.864 136.864 117.797 106.5 0.00217759 33140.7 NA
1 1890 TIME 1 54272.8 53616.4 33090.5 20354.2  33090.5  36256.5 17359.9  42878.1 40750.9  0 0 0 0 0 0 0 0  0 0 0 0 0 0 0 0  0 0 0 0 0 0 0 0  120.998 120.998 117.05 150.489 150.489 129.507 117.05 0.00239698 33090.5 NA
1 1891 TIME 1 54194.9 53538.5 33037.5 20353  33037.5  36203 17335.5  42844.4 40712.5  0 0 0 0 0 0 0 0  0 0 0 0 0 0 0 0  0 0 0 0 0 0 0 0  131.91 131.91 127.6 164.133 164.133 141.228 127.6 0.00261724 33037.5 NA
1 1892 TIME 1 54113.5 53457.1 32982.1 20351.7  32982.1  36147 17310.2  42809.6 40672.9  0 0 0 0 0 0 0 0  0 0 0 0 0 0 0 0  0 0 0 0 0 0 0 0  142.822 142.822 138.15 177.795 177.795 152.961 138.15 0.00283839 32982.1 NA
1 1893 TIME 1 54029.1 53372.8 32924.6 20350.4  32924.6  36088.8 17284  42773.7 40632.1  0 0 0 0 0 0 0 0  0 0 0 0 0 0 0 0  0 0 0 0 0 0 0 0  153.747 153.747 148.71 191.49 191.49 164.717 148.71 0.00306068 32924.6 NA
1 1894 TIME 1 53942.1 53285.8 32865.1 20349.1  32865.1  36028.7 17257.1  42736.8 40590.4  0 0 0 0 0 0 0 0  0 0 0 0 0 0 0 0  0 0 0 0 0 0 0 0  164.662 164.662 159.26 205.191 205.191 176.475 159.26 0.0032837 32865.1 NA
1 1895 TIME 1 53852.7 53196.5 32803.9 20347.8  32803.9  35966.9 17229.6  42699.2 40547.8  0 0 0 0 0 0 0 0  0 0 0 0 0 0 0 0  0 0 0 0 0 0 0 0  175.579 175.579 169.81 218.913 218.913 188.246 169.81 0.00350768 32803.9 NA
1 1896 TIME 1 53761.3 53105.1 32741.3 20346.5  32741.3  35903.6 17201.5  42660.8 40504.4  0 0 0 0 0 0 0 0  0.24656 0.24656 0.241594 0.255639 0.255639 0.237712 0.241594 5.51089e-06  0 0 0 0 0 0 0 0  186.497 186.497 180.36 232.656 232.656 200.031 180.36 0.00373265 32741.3 NA
1 1897 TIME 1 53667.9 53011.7 32677.2 20345.2  32677.2  35838.9 17172.8  42621.7 40460.3  0 0 0 0 0 0 0 0  0.201983 0.201983 0.197908 0.209509 0.209509 0.1948 0.197908 4.52372e-06  0 0 0 0 0 0 0 0  197.417 197.417 190.91 246.42 246.42 211.829 190.91 0.00395862 32677.2 NA
1 1898 TIME 1 53572.9 52916.8 32612 20343.9  32612  35773 17143.8  42582.1 40415.6  0 0 0 0 0 0 0 0  0.157402 0.157402 0.154222 0.163339 0.163339 0.151858 0.154222 3.53258e-06  0 0 0 0 0 0 0 0  208.338 208.338 201.46 260.206 260.206 223.641 201.46 0.00418558 32612 NA
1 1899 TIME 1 53476.6 52820.5 32545.8 20342.8  32545.8  35706.1 17114.4  42542.1 40370.5  0 0 0 0 0 0 0 0  0.153123 0.153123 0.150024 0.15897 0.15897 0.147783 0.150024 3.44377e-06  0 0 0 0 0 0 0 0  219.26 219.26 212.01 274.013 274.013 235.467 212.01 0.00441355 32545.8 NA
1 1900 TIME 1 53379.1 52723.1 32478.7 20341.7  32478.7  35638.4 17084.6  42501.7 40325  0 0 0 0 0 0 0 0  0.148893 0.148893 0.145875 0.15465 0.15465 0.143753 0.145875 3.35578e-06  0 0 0 0 0 0 0 0  230.184 230.184 222.56 287.843 287.843 247.307 222.56 0.00464254 32478.7 NA
1 1901 TIME 1 53280.5 52624.6 32410.8 20340.6  32410.8  35569.9 17054.7  42460.9 40279.1  0 0 0 0 0 0 0 0  0.144663 0.144663 0.141726 0.150327 0.150327 0.139722 0.141726 3.26748e-06  0 0 0 0 0 0 0 0  241.109 241.109 233.11 301.694 301.694 259.162 233.11 0.00487255 32410.8 NA
1 1902 TIME 1 53181.1 52525.2 32342.3 20339.7  32342.3  35500.7 17024.4  42419.9 40233  0 0 0 0 0 0 0 0  0.140432 0.140432 0.137577 0.146002 0.146002 0.135688 0.137577 3.17886e-06  0 0 0 0 0 0 0 0  252.036 252.036 243.66 315.568 315.568 271.031 243.66 0.0051036 32342.3 NA
1 1903 TIME 1 53080.9 52425 32273.2 20338.9  32273.2  35430.9 16994  42378.7 40186.7  0 0 0 0 0 0 0 0  0.136152 0.136152 0.133378 0.141621 0.141621 0.131604 0.133378 3.08876e-06  0 0 0 0 0 0 0 0  262.964 262.964 254.21 329.465 329.465 282.914 254.21 0.00533569 32273.2 NA
1 1904 TIME 1 52980 52324.1 32203.5 20338.3  32203.5  35360.7 16963.4  42337.3 40140.1  0 0 0 0 0 0 0 0  0.131921 0.131921 0.129229 0.137288 0.137288 0.127566 0.129229 2.99944e-06  0 0 0 0 0 0 0 0  273.894 273.894 264.76 343.385 343.385 294.813 264.76 0.00556882 32203.5 NA
1 1905 TIME 1 52878.6 52222.7 32133.5 20337.8  32133.5  35290 16932.7  42295.8 40093.5  0 0 0 0 0 0 0 0  0.12769 0.12769 0.12508 0.132952 0.132952 0.123524 0.12508 2.90975e-06  0 0 0 0 0 0 0 0  284.825 284.825 275.31 357.328 357.328 306.726 275.31 0.005803 32133.5 NA
1 1906 TIME 1 52776.7 52120.8 32063 20337.6  32063  35218.9 16901.9  42254.2 40046.7  0 0 0 0 0 0 0 0  0.123408 0.123408 0.120882 0.12856 0.12856 0.119432 0.120882 2.81853e-06  0 0 0 0 0 0 0 0  295.758 295.758 285.86 371.294 371.294 318.654 285.86 0.00603824 32063 NA
1 1907 TIME 1 52674.3 52018.5 31992.3 20337.6  31992.3  35147.6 16870.9  42212.6 39999.9  0 0 0 0 0 0 0 0  0.119177 0.119177 0.116733 0.124216 0.124216 0.115384 0.116733 2.72807e-06  0 0 0 0 0 0 0 0  306.692 306.692 296.41 385.284 385.284 330.597 296.41 0.00627453 31992.3 NA
1 1908 TIME 1 52571.7 51915.9 31921.2 20337.8  31921.2  35075.9 16839.9  42171 39953.2  0 0 0 0 0 0 0 0  0.114945 0.114945 0.112584 0.119868 0.119868 0.111334 0.112584 2.63721e-06  0 0 0 0 0 0 0 0  317.628 317.628 306.96 399.298 399.298 342.555 306.96 0.00651189 31921.2 NA
1 1909 TIME 1 52468.9 51813 31850 20338.3  31850  35004.1 16808.9  42129.5 39906.5  0 0 0 0 0 0 0 0  0.110663 0.110663 0.108386 0.115463 0.115463 0.107232 0.108386 2.5448e-06  0 0 0 0 0 0 0 0  328.566 328.566 317.51 413.335 413.335 354.528 317.51 0.00675031 31850 NA
1 1910 TIME 1 52365.8 51710 31778.5 20339.2  31778.5  34932.2 16777.8  42088.1 39859.9  0 0 0 0 0 0 0 0  0.106431 0.106431 0.104236 0.111107 0.111107 0.103175 0.104236 2.45312e-06  0 0 0 0 0 0 0 0  339.505 339.505 328.06 427.397 427.397 366.517 328.06 0.00698979 31778.5 NA
1 1911 TIME 1 52262.7 51606.8 31707 20340.4  31707  34860.1 16746.7  42046.9 39813.4  0 0 0 0 0 0 0 0  0.102198 0.102198 0.100087 0.106745 0.106745 0.0991153 0.100087 2.36101e-06  0 0 0 0 0 0 0 0  350.446 350.446 338.61 441.484 441.484 378.522 338.61 0.00723033 31707 NA
1 1912 TIME 1 52159.6 51503.7 31635.3 20342.1  31635.3  34788 16715.7  42005.9 39767.2  0 0 0 0 0 0 0 0  0.097965 0.097965 0.0959381 0.10238 0.10238 0.0950518 0.0959381 2.26847e-06  0 0 0 0 0 0 0 0  361.388 361.388 349.16 455.596 455.596 390.543 349.16 0.00747194 31635.3 NA
1 1913 TIME 1 52056.5 51400.5 31563.7 20344.3  31563.7  34715.9 16684.7  41965.2 39721.2  0 0 0 0 0 0 0 0  0.0936818 0.0936818 0.09174 0.0979576 0.0979576 0.0909362 0.09174 2.17434e-06  0 0 0 0 0 0 0 0  372.333 372.333 359.71 469.733 469.733 402.579 359.71 0.00771461 31563.7 NA
1 1914 TIME 1 51953.5 51297.5 31492 20347  31492  34643.8 16653.7  41924.9 39675.6  0 0 0 0 0 0 0 0  0.0894483 0.0894483 0.0875908 0.0935829 0.0935829 0.0868657 0.0875908 2.08092e-06  0 0 0 0 0 0 0 0  383.279 383.279 370.26 483.896 483.896 414.632 370.26 0.00795833 31492 NA
1 1915 TIME 1 51850.7 51194.6 31420.3 20350.3  31420.3  34571.8 16622.8  41885 39630.3  0 0 0 0 0 0 0 0  0.0852145 0.0852145 0.0834416 0.0892034 0.0892034 0.0827915 0.0834416 1.98706e-06  0 0 0 0 0 0 0 0  394.226 394.226 380.81 498.086 498.086 426.702 380.81 0.00820311 31420.3 NA
1 1916 TIME 1 51748.2 51092.1 31348.8 20354.1  31348.8  34500 16592.1  41845.6 39585.6  0 0 0 0 0 0 0 0  0.0809304 0.0809304 0.0792435 0.0847666 0.0847666 0.078665 0.0792435 1.89148e-06  0 0 0 0 0 0 0 0  400.061 400.061 386.42 505.833 505.833 433.249 386.42 0.00834186 31348.8 NA
1 1917 TIME 1 51651 50994.7 31280.5 20358.7  31280.5  34431.6 16563.1  41809.5 39544.6  0 0 0 0 0 0 0 0  0.0766964 0.0766964 0.0750943 0.0803809 0.0803809 0.0745848 0.0750943 1.79893e-06  0 0 0 0 0 0 0 0  545.038 545.038 526.41 689.716 689.716 590.587 526.41 0.0114028 31280.5 NA
1 1918 TIME 1 51425.1 50768.7 31129.2 20361.3  31129.2  34277.4 16491.3  41701.8 39419.6  0 0 0 0 0 0 0 0  0.0724627 0.0724627 0.0709452 0.0759953 0.0759953 0.0705038 0.0709452 1.70603e-06  0 0 0 0 0 0 0 0  438.895 438.895 423.85 555.951 555.951 475.874 423.85 0.00921421 31129.2 NA
1 1919 TIME 1 51319 50662.4 31053.6 20367.1  31053.6  34202.7 16459.7  41667.7 39381.1  0 0 0 0 0 0 0 0  0.068228 0.068228 0.066796 0.0716 0.0716 0.0664176 0.066796 1.60866e-06  0 0 0 0 0 0 0 0  345.304 345.304 333.44 437.772 437.772 374.63 333.44 0.00725805 31053.6 NA
1 1920 TIME 1 51315.6 50659 31044.4 20375.9  31044.4  34196.5 16462.5  41690.2 39408.5  0 0 0 0 0 0 0 0  0.0639419 0.0639419 0.0625979 0.0671384 0.0671384 0.0622755 0.0625979 1.50632e-06  0 0 0 0 0 0 0 0  238.699 238.699 230.49 302.792 302.792 259.113 230.49 0.00501225 31044.4 NA
1 1921 TIME 1 51422 50765.1 31107.2 20388  31107.2  34263.5 16501.6  41767.6 39499.5  0 0 0 0 0 0 0 0  0.0597043 0.0597043 0.0584487 0.0627144 0.0627144 0.0581729 0.0584487 1.40441e-06  0 0 0 0 0 0 0 0  304.217 304.217 293.76 386.004 386.004 330.371 293.76 0.00637825 31107.2 NA
1 1922 TIME 1 51465.3 50808.1 31131.7 20399.8  31131.7  34289.1 16519  41800.2 39537.1  0 0 0 0 0 0 0 0  0.0554662 0.0554662 0.0542995 0.0582822 0.0582822 0.0540624 0.0542995 1.30531e-06  0 0 0 0 0 0 0 0  439.898 439.898 424.78 558.288 558.288 477.858 424.78 0.0092269 31131.7 NA
1 1923 TIME 1 51379.2 50721.7 31073.7 20409.7  31073.7  34229 16492.7  41757.7 39486.2  0 0 0 0 0 0 0 0  0.0511785 0.0511785 0.0501014 0.0537934 0.0537934 0.049897 0.0501014 1.2066e-06  0 0 0 0 0 0 0 0  442.582 442.582 427.36 561.894 561.894 480.892 427.36 0.00929946 31073.7 NA
1 1924 TIME 1 51297.7 50639.8 31017.4 20420.6  31017.4  34172.1 16467.7  41723.6 39445  0 0 0 0 0 0 0 0  0.0469413 0.0469413 0.0459523 0.0493558 0.0493558 0.0457769 0.0459523 1.10986e-06  0 0 0 0 0 0 0 0  551.876 551.876 532.86 701.013 701.013 599.804 532.86 0.0116275 31017.4 NA
1 1925 TIME 1 51118.9 50460.6 30897.4 20430.3  30897.4  34050.3 16410.3  41639.1 39344.5  0 0 0 0 0 0 0 0  0.0427047 0.0427047 0.0418031 0.0449211 0.0449211 0.0416572 0.0418031 1.01354e-06  0 0 0 0 0 0 0 0  547.386 547.386 528.47 695.858 695.858 595.155 528.47 0.0115744 30897.4 NA
1 1926 TIME 1 50958.2 50299.7 30787.4 20441.2  30787.4  33940.3 16359.3  41572.1 39264.9  0 0 0 0 0 0 0 0  0.0384182 0.0384182 0.037605 0.0404344 0.0404344 0.0374893 0.037605 9.14989e-07  0 0 0 0 0 0 0 0  540.406 540.406 521.67 687.626 687.626 587.87 521.67 0.0114634 30787.4 NA
1 1927 TIME 1 50819.1 50160.2 30690.2 20453.7  30690.2  33844.2 16316  41521.9 39204.8  0 0 0 0 0 0 0 0  0.0358663 0.0358663 0.0351047 0.0377746 0.0377746 0.0350157 0.0351047 8.579e-07  0 0 0 0 0 0 0 0  654.823 654.823 632.04 834.13 834.13 712.809 632.04 0.0139458 30690.2 NA
1 1928 TIME 1 50584.8 49925.6 30531.3 20465.1  30531.3  33684.2 16241.3  41420 39084  0 0 0 0 0 0 0 0  0.000505496 0.000505496 0.000494722 0.000532848 0.000532848 0.000493805 0.000494722 1.21527e-08  0 0 0 0 0 0 0 0  642.539 642.539 620.09 819.571 819.571 700.007 620.09 0.0137482 30531.3 NA
1 1929 TIME 1 50383.1 49723.4 30391.9 20478.4  30391.9  33545.2 16178.2  41342.5 38992.1  0 0 0 0 0 0 0 0  1.57622 1.57622 1.54249 1.66316 1.66316 1.54087 1.54249 3.81032e-05  0 0 0 0 0 0 0 0  731.72 731.72 706.04 934.71 934.71 797.914 706.04 0.0157356 30391.9 NA
1 1930 TIME 1 50114.7 49454.7 30208.9 20492.3  30208.9  33361.3 16093.4  41230.7 38860.1  0 0 0 0 0 0 0 0  1.25151 1.25151 1.2246 1.32202 1.32202 1.22446 1.2246 3.04216e-05  0 0 0 0 0 0 0 0  682.916 682.916 658.83 873.813 873.813 745.491 658.83 0.0147602 30208.9 NA
1 1931 TIME 1 49918.6 49258.1 30070.9 20512.6  30070.9  33224.8 16033.4  41164.7 38781.9  0 0 0 0 0 0 0 0  83.2491 83.2491 81.4511 88.0487 88.0487 81.5268 81.4511 0.00203324  67.3894 67.3894 63.3932 88.4097 88.4097 72.0578 63.3932 0.00144909  550.386 550.386 530.879 705.467 705.467 601.533 530.879 0.0119461 30070.9 NA
1 1932 TIME 1 49730.8 49069.8 29936.2 20542.8  29936.2  33092.3 15977.5  41108.8 38717.1  1.99797 1.99797 1.99 1.86534 1.86534 1.84587 1.99 5.49145e-05  256.448 256.448 250.878 271.646 271.646 251.434 250.878 0.00630043  38.6999 38.6999 36.3958 50.8823 50.8823 41.4401 36.3958 0.000836522  539.133 539.133 519.912 692.506 692.506 590.092 519.912 0.0117636 29936.2 NA
1 1933 TIME 1 49441.2 48779.5 29731.8 20588.6  29731.8  32888.7 15890.8  41002.9 38604.8  5.984 5.984 5.96 5.59434 5.59434 5.53566 5.96 0.00016578  417.567 417.567 408.431 443.163 443.163 410.005 408.431 0.0103328  41.0204 41.0204 38.5658 54.0829 54.0829 44.0043 38.5658 0.000892311  406.687 406.687 392.08 523.783 523.783 445.945 392.08 0.00893063 29731.8 NA
1 1934 TIME 1 49155 48492.2 29524.4 20664.1  29524.4  32683.8 15808.4  40910.3 38515.1  9.97027 9.97027 9.93 9.33696 9.33696 9.23838 9.93 0.000280765  580.685 580.685 567.855 617.847 617.847 571.235 567.855 0.0145917  148.348 148.348 139.408 196.332 196.332 159.51 139.408 0.00327311  930.126 930.126 896.363 1202.33 1202.33 1022.32 896.363 0.0207188 29524.4 NA
1 1935 TIME 1 48142.7 47478.2 28846.5 20761.4  28846.5  31992.3 15486  40414.8 37954.8  13.9569 13.9569 13.9 13.0988 13.0988 12.9593 13.9 0.000402834  664.86 664.86 649.957 709.871 709.871 655.636 649.957 0.0170999  165.471 165.471 155.383 220.238 220.238 178.475 155.383 0.00373017  806.999 806.999 777.206 1048.81 1048.81 889.799 777.206 0.0183693 28846.5 NA
1 1936 TIME 1 47228.2 46561.1 28219.6 20902.2  28219.6  31361.4 15199.7  40017.9 37512.4  15.9458 15.9458 15.88 15.005 15.005 14.8434 15.88 0.000469745  787.736 787.736 769.786 844.499 844.499 779.083 769.786 0.020645  101.777 101.777 95.4917 136.339 136.339 110.186 95.4917 0.00233311  448.373 448.373 431.506 586.329 586.329 496.254 431.506 0.0103803 28219.6 NA
1 1937 TIME 1 46688.3 46017.7 27821.7 21078.4  27821.7  30973.9 15043.9  39871.3 37368.5  19.8329 19.8329 19.75 18.7244 18.7244 18.5201 19.75 0.000597679  1076.41 1076.41 1051.41 1159.65 1159.65 1068.42 1051.41 0.0288024  79.5046 79.5046 74.5253 107.292 107.292 86.4638 74.5253 0.00185637  770.633 770.633 741.046 1014.94 1014.94 856.865 741.046 0.0181756 27821.7 NA
1 1938 TIME 1 45663.2 44987.9 27103.9 21207.4  27103.9  30256.3 14731.6  39463.7 36928.4  27.6075 27.6075 27.49 26.1734 26.1734 25.8831 27.49 0.000858911  1215.8 1215.8 1186.87 1318.05 1318.05 1212.28 1186.87 0.0335016  51.1199 51.1199 47.86 69.6419 69.6419 55.9106 47.86 0.00122544  926.506 926.506 890 1231.37 1231.37 1036.14 890 0.0224402 27103.9 NA
1 1939 TIME 1 44486.9 43806.4 26278.1 21166.8  26278.1  29432.7 14373.7  39008.5 36431.7  35.3738 35.3738 35.22 33.7104 33.7104 33.329 35.22 0.00114584  1583.35 1583.35 1544.54 1729.95 1729.95 1587.67 1544.54 0.0452832  32.9922 32.9922 30.8393 45.4852 45.4852 36.336 30.8393 0.000817684  1072.64 1072.64 1028.96 1441.99 1441.99 1208.1 1028.96 0.0268685 26278.1 NA
1 1940 TIME 1 42960.3 42277 25212.5 20775  25212.5  28369.2 13907.8  38406.5 35775.4  39.2653 39.2653 39.09 37.6611 37.6611 37.2245 39.09 0.00132966  1781.87 1781.87 1736.58 1965.69 1965.69 1799.2 1736.58 0.053066  173.444 173.444 161.807 242.627 242.627 192.671 161.807 0.00445464  623.088 623.088 596.696 849.433 849.433 707.94 596.696 0.0161804 25212.5 NA
1 1941 TIME 1 41689.1 41009.7 24300.3 19979.7  24300.3  27473.2 13536.5  37994.5 35339.1  41.5914 41.5914 41.4 40.1963 40.1963 39.7176 41.4 0.00146259  1851.52 1851.52 1802.66 2064.43 2064.43 1884.6 1802.66 0.0570116  119.011 119.011 110.81 168.979 168.979 133.492 110.81 0.00314428  346.397 346.397 331.166 479.114 479.114 397.48 331.166 0.00925686 24300.3 NA
1 1942 TIME 1 40800.5 40136.6 23641.5 18954.5  23641.5  26836 13300.6  37770.9 35131.3  46.2203 46.2203 46 45.0819 45.0819 44.5283 46 0.00170029  3001.8 3001.8 2919.25 3388.8 3388.8 3084.93 2919.25 0.0961928  26.2252 26.2252 24.3679 37.8474 37.8474 29.7537 24.3679 0.000716926  225.873 225.873 215.556 317.439 317.439 262.212 215.556 0.00624817 23641.5 NA
1 1943 TIME 1 39123.9 38487 22491.7 18052.2  22491.7  25673.1 12813.9  36978.9 34362.7  50.8625 50.8625 50.61 50.1686 50.1686 49.531 50.61 0.00198329  2952.2 2952.2 2867.3 3381.69 3381.69 3069.39 2867.3 0.0996558  77.2817 77.2817 71.6586 113.515 113.515 88.8729 71.6586 0.00221101  361.877 361.877 344.717 517.559 517.559 425.916 344.717 0.0104807 22491.7 NA
1 1944 TIME 1 37408.9 36803.9 21368.6 17762.4  21368.6  24500.6 12303.3  35943.1 33328.8  55.4951 55.4951 55.21 55.3546 55.3546 54.6329 55.21 0.00226609  2109.44 2109.44 2046.97 2447.04 2447.04 2217.98 2046.97 0.0741698  92.3222 92.3222 85.5299 137.221 137.221 107.463 85.5299 0.00273854  469.52 469.52 446.913 679.752 679.752 559.448 446.913 0.0141021 21368.6 NA
1 1945 TIME 1 36420 35839.6 20775.8 18287.1  20775.8  23831 12008.6  35084.5 32478.1  60.1349 60.1349 59.82 60.5387 60.5387 59.7425 59.82 0.00252683  1923.35 1923.35 1866.05 2249.22 2249.22 2040.11 1866.05 0.0693676  109.767 109.767 101.753 163.729 163.729 128.798 101.753 0.00333493  461.315 461.315 439.343 670.718 670.718 554.151 439.343 0.0141913 20775.8 NA
1 1946 TIME 1 35586.9 35010.2 20325.3 18996.2  20325.3  23271.6 11738.7  34152.3 31561.7  64.7721 64.7721 64.43 65.6761 65.6761 64.8131 64.43 0.00284836  2568.72 2568.72 2492.36 3020.7 3020.7 2742.34 2492.36 0.0967564  77.5322 77.5322 71.9122 115.89 115.89 91.4224 71.9122 0.00245864  1170.75 1170.75 1115.57 1706.34 1706.34 1413.33 1115.57 0.0375913 20325.3 NA
1 1947 TIME 1 33479.8 32885.4 19063.8 19027.4  19063.8  21865.5 11019.8  32497.1 29845.3  69.3975 69.3975 69.03 70.723 70.723 69.7966 69.03 0.00323548  1832.59 1832.59 1777.99 2164.78 2164.78 1964.85 1777.99 0.0730682  165.791 165.791 153.68 249.162 249.162 196.013 153.68 0.00555732  1147.25 1147.25 1092.65 1680.36 1680.36 1388.7 1092.65 0.0389455 19063.8 NA
1 1948 TIME 1 32062.9 31450.3 18188.1 18837.7  18188.1  20913.3 10537  31582.5 28896.6  74.0334 74.0334 73.64 75.6821 75.6821 74.6882 73.64 0.00372797  2387.27 2387.27 2314.74 2834.14 2834.14 2565.89 2314.74 0.102618  294.904 294.904 272.662 448.637 448.637 349.293 272.662 0.0106197  1870.96 1870.96 1778.02 2770.09 2770.09 2269.04 1778.02 0.0682651 18188.1 NA
1 1949 TIME 1 29372.9 28760.9 16439.5 18621.4  16439.5  19117.5 9643.37  30170.1 27359.4  76.3551 76.3551 75.94 78.3909 78.3909 77.3334 75.94 0.00429842  1868.85 1868.85 1808.64 2243.3 2243.3 2017.67 1808.64 0.0893564  670.938 670.938 616.958 1046.84 1046.84 800.025 616.958 0.0266355  1916.07 1916.07 1812.18 2903.9 2903.9 2339.92 1812.18 0.0771411 16439.5 NA
1 1950 TIME 1 26903.1 26297.3 14790.1 18497.4  14790.1  17465.8 8831.56  28942.8 25963.8  157.108 157.108 156.21 162.63 162.63 160.313 156.21 0.010064  2407.08 2407.08 2322.24 2944.65 2944.65 2623.51 2322.24 0.1297  464.655 464.655 424.238 750.798 750.798 562.197 424.238 0.0204948  1742.95 1742.95 1638.09 2731.15 2731.15 2160.68 1638.09 0.0780595 14790.1 NA
1 1951 TIME 1 24369 23769.6 13076.5 18448.8  13076.5  15753 8016.54  27669.1 24600.8  118.7 118.7 117.97 124.673 124.673 122.766 117.97 0.0084568  1732.78 1732.78 1665.61 2174.04 2174.04 1919.12 1665.61 0.102423  229.852 229.852 208.45 385.285 385.285 284.118 208.45 0.0109374  1062.62 1062.62 992.794 1725.83 1725.83 1346.6 992.794 0.0514091 13076.5 NA
1 1952 TIME 1 23550.7 22954.6 12452.2 18587.7  12452.2  15162.6 7792.02  27453.5 24438.2  131.877 131.877 131.01 140.933 140.933 138.654 131.01 0.00993236  1450.21 1450.21 1390.43 1860.87 1860.87 1634.65 1390.43 0.0894884  361.054 361.054 326.309 620.02 620.02 455.236 326.309 0.0177205  946.555 946.555 881.699 1575.25 1575.25 1224.19 881.699 0.04727 12452.2 NA
1 1953 TIME 1 23082.7 22487.1 12094.1 18469.3  12094.1  14811.7 7675.35  27345 24344.7  46.3889 46.3889 46.07 50.3826 50.3826 49.5442 46.07 0.00358524  769.724 769.724 737.103 1003.72 1003.72 880.734 737.103 0.048314  590.613 590.613 533.36 1026.66 1026.66 755.248 533.36 0.0293022  1054.02 1054.02 981.167 1776.61 1776.61 1382.97 981.167 0.0532247 12094.1 NA
1 1954 TIME 1 23076.3 22478.1 12073.1 17903  12073.1  14786.2 7691.88  27429 24370.6  26.7473 26.7473 26.56 29.3885 29.3885 28.897 26.56 0.00210624  943.577 943.577 903.363 1241.75 1241.75 1090.3 903.363 0.0600735  886.333 886.333 800.58 1548.51 1548.51 1141.74 800.58 0.0445092  1152.85 1152.85 1073.4 1953.66 1953.66 1523.97 1073.4 0.0589278 12073.1 NA
1 1955 TIME 1 22566.7 21975.5 11765.6 17072  11765.6  14453 7522.52  27159.6 23978.7  57.5466 57.5466 57.14 63.7334 63.7334 62.6674 57.14 0.00463041  901.245 901.245 862.592 1193.81 1193.81 1048.04 862.592 0.0584538  582.331 582.331 525.579 1023.58 1023.58 753.42 525.579 0.0297232  1130.33 1130.33 1051.75 1926.68 1926.68 1500.86 1051.75 0.0587372 11765.6 NA
1 1956 TIME 1 22390.9 21819.8 11659.2 16198.9  11659.2  14345.6 7474.23  27115.5 23906.3  138.233 138.233 137.251 153.856 153.856 151.281 137.251 0.011155  793.403 793.403 759.217 1055 1055 926.203 759.217 0.051525  563.402 563.402 508.296 993.346 993.346 731.22 508.296 0.0287557  860.885 860.885 800.73 1472.04 1472.04 1146.69 800.73 0.0447354 11659.2 NA
1 1957 TIME 1 22503.7 21959.7 11751.5 15183.5  11751.5  14436.1 7523.55  27130.3 23933.5  172.178 172.178 170.947 192.357 192.357 189.128 170.947 0.0140348  1153.14 1153.14 1103.29 1537.79 1537.79 1350.55 1103.29 0.075535  584.109 584.109 527.212 1030.16 1030.16 760.706 527.212 0.0300531  1103.98 1103.98 1027.18 1889.35 1889.35 1475.55 1027.18 0.0578246 11751.5 NA
1 1958 TIME 1 21938.3 21423.2 11475.8 14552.3  11475.8  14096.6 7326.67  26453.1 23240  99.8986 99.8986 99.1799 111.996 111.996 110.111 99.1799 0.0083634  1204.29 1204.29 1152.19 1610.22 1610.22 1415.21 1152.19 0.0808788  628.733 628.733 567.972 1108.12 1108.12 821.621 567.972 0.0331528  1028.11 1028.11 957.288 1759.33 1759.33 1378.85 957.288 0.0551842 11475.8 NA
1 1959 TIME 1 21339.2 20853.7 11215.1 14827.5  11215.1  13742 7111.79  25620.4 22423.2  334.508 334.508 332.103 375.843 375.843 369.548 332.103 0.0284518  989.096 989.096 946.779 1322.45 1322.45 1164.71 946.779 0.0674592  418.88 418.88 379.043 734.861 734.861 548.104 379.043 0.0224613  775.501 775.501 723.17 1321.75 1321.75 1041.36 723.17 0.0423223 11215.1 NA
1 1960 TIME 1 21083.8 20611 11171.6 17846.1  11171.6  13603.4 7007.6  24947.7 21833.5  242.6 242.6 240.868 272.78 272.78 268.258 240.868 0.021005  1434.46 1434.46 1374.2 1913.76 1913.76 1689.84 1374.2 0.0996799  573.037 573.037 519.638 998.102 998.102 749.259 519.638 0.0313945  689.035 689.035 643.737 1166.75 1166.75 924.451 643.737 0.0384075 11171.6 NA
1 1961 TIME 1 20365.2 19864.6 10828.8 21665.4  10828.8  13134.6 6730.01  23899.8 20871.7  218.201 218.201 216.656 245.262 245.262 241.235 216.656 0.0199208  1613.74 1613.74 1546.63 2150.11 2150.11 1899.78 1546.63 0.11832  597.443 597.443 542.056 1038.55 1038.55 779.627 542.056 0.0345793  1100.55 1100.55 1028.73 1859.81 1859.81 1473.61 1028.73 0.0648066 10828.8 NA
1 1962 TIME 1 19093.6 18497.5 10062.3 13814.2  10062.3  12250.2 6247.28  22674 19694.1  296.956 296.956 294.855 333.654 333.654 328.168 294.855 0.029362  1578.63 1578.63 1511.89 2110.02 2110.02 1856.92 1511.89 0.125183  569.667 569.667 514.912 1003.7 1003.7 741.727 514.912 0.0355137  922.257 922.257 859.369 1576.43 1576.43 1232.45 859.369 0.058539 10062.3 NA
1 1963 TIME 1 18090.4 17445.2 9309.98 12694.2  9309.98  11525.8 5919.4  22677.3 19752.7  668.133 668.133 663.294 752.406 752.406 739.634 663.294 0.0724671  1087.82 1087.82 1038.41 1473.06 1473.06 1281.22 1038.41 0.0940048  597.891 597.891 534.032 1097.3 1097.3 778.868 534.032 0.0400043  1059.89 1059.89 977.639 1876.9 1876.9 1418.16 977.639 0.0723592 9309.98 NA
1 1964 TIME 1 17146.6 16704.3 8530.81 19967.5  8530.81  10961.1 5743.27  23837.4 20834.2  284.526 284.526 282.319 323.209 323.209 317.268 282.319 0.0335015  1149.25 1149.25 1090.04 1595.04 1595.04 1364.08 1090.04 0.106277  429.441 429.441 377.62 827.817 827.817 567.127 377.62 0.0299936  1019.13 1019.13 926.798 1891.45 1891.45 1383.05 926.798 0.0727737 8530.81 NA
1 1965 TIME 1 16725.1 16270 8170.22 15367  8170.22  10652.6 5617.38  22637 19622.9  373.652 373.652 370.455 432.287 432.287 423.586 370.455 0.0462066  1006.88 1006.88 950.391 1434.47 1434.47 1219.21 950.391 0.0960148  424.03 424.03 373.691 822.59 822.59 579.498 373.691 0.0301791  937.022 937.022 852.882 1763.8 1763.8 1316.06 852.882 0.0680948 8170.22 NA
1 1966 TIME 1 16472.7 15848.8 8060.69 33481.2  8060.69  10395.9 5452.89  21352.1 18337  369.379 369.379 366.063 436.67 436.67 427.752 366.063 0.0470142  1027.92 1027.92 971.694 1484.73 1484.73 1273.2 971.694 0.0997222  365.121 365.121 324.878 702.54 702.54 508.225 324.878 0.0264822  1006.21 1006.21 924.626 1880.23 1880.23 1440.91 924.626 0.0745402 8060.69 NA
1 1967 TIME 1 16312.1 15706.8 7973.77 14607.3  7973.77  10274.9 5431.98  22469.4 19463.4  412.253 412.253 408.625 492.386 492.386 482.724 408.625 0.0537254  837.726 837.726 793.421 1214.3 1214.3 1043.4 793.421 0.0830641  601.507 601.507 532.275 1175.03 1175.03 828.323 532.275 0.0444187  955.164 955.164 874.079 1803.51 1803.51 1353.16 874.079 0.0721887 7973.77 NA
1 1968 TIME 1 16357.7 15404.1 7783.01 15534.9  7783.01  10080.4 5323.73  21950.9 18896.1  286.919 286.919 284.404 343.054 343.054 336.292 284.404 0.0379522  858.322 858.322 810.617 1253.9 1253.9 1064.67 810.617 0.0862264  411.667 411.667 360.61 827.987 827.987 563.917 360.61 0.0305284  960.42 960.42 870.757 1861.1 1861.1 1354.03 870.757 0.0729274 7783.01 NA
1 1969 TIME 1 16891.8 16413.6 7748.09 17403.3  7748.09  10578.4 5835.14  27290.5 24147.4  192.098 192.098 190.34 230.48 230.48 225.663 190.34 0.0254142  946.165 946.165 887.299 1409.02 1409.02 1173.63 887.299 0.0942274  492.637 492.637 421 1051.57 1051.57 673.508 421 0.0352051  955.422 955.422 848 1950.01 1950.01 1345.99 848 0.0701972 7748.09 NA
1 1970 TIME 1 17392.9 16878.1 7844.49 19795.5  7844.49  10860.9 6017.23  25890.1 22611.8  415.967 415.967 411.706 507.956 507.956 496.077 411.706 0.055817  1161.95 1161.95 1081.31 1779.57 1779.57 1468.48 1081.31 0.114882  549.38 549.38 472 1167.05 1167.05 785.179 472 0.038514  1204.52 1204.52 1071 2480.32 2480.32 1771.79 1071 0.0864818 7844.49 NA
1 1971 TIME 1 17132.7 16556.9 7845.35 17690  7845.35  10705.5 5851.44  24437.5 20952.5  750.825 750.825 742.624 942.668 942.668 920.194 742.624 0.103112  945.517 945.517 882.607 1468.36 1468.36 1232.88 882.607 0.0940842  616.216 616.216 540 1275.23 1275.23 906.688 540 0.0437929  1120.96 1120.96 1016 2256.24 2256.24 1700.08 1016 0.0815751 7845.35 NA
1 1972 TIME 1 16718.8 16096.9 7891.97 14126.8  7891.97  10478 5618.84  23752 20134.7  738.139 738.139 730.423 937.485 937.485 916.763 730.423 0.104276  1082.23 1082.23 1016.88 1670.04 1670.04 1422.59 1016.88 0.110807  798.188 798.188 703 1633.98 1633.98 1160.49 703 0.058801  1097.44 1097.44 1000 2177.15 2177.15 1643.82 1000 0.0828893 7891.97 NA
1 1973 TIME 1 15972.8 15427.3 7601.61 12674.1  7601.61  10084.3 5342.98  23670.3 19975.1  499.984 499.984 497.47 566.568 566.568 560.774 497.47 0.0938883  1323.19 1323.19 1271.83 1854.22 1854.22 1663.85 1271.83 0.162951  535.339 535.339 417 1837.01 1837.01 722.909 417 0.0342413  871.9 871.9 742 2169.86 2169.86 1255.99 742 0.0604542 7601.61 NA
1 1974 TIME 1 15535.2 15095.7 7384.81 15686.7  7384.81  9826.87 5268.84  22847.4 19504.7  519.597 519.597 516.994 588.093 588.093 582.047 516.994 0.103164  1678.09 1678.09 1610.53 2349.73 2349.73 2100.58 1610.53 0.219222  848.863 848.863 665 2812.37 2812.37 1161.92 665 0.0578501  1048.2 1048.2 893 2572.82 2572.82 1523.19 893 0.077119 7384.81 NA
1 1975 TIME 1 14050.4 13633.4 6645.34 15866.7  6645.34  8860.51 4772.94  20142.7 17096.2  541.76 541.76 538.952 615.295 615.295 608.733 538.952 0.12047  1626.37 1626.37 1559.16 2293.85 2293.85 2049.56 1559.16 0.236935  709.923 709.923 561 2413.68 2413.68 988.612 561 0.0540116  1047.75 1047.75 901 2540.24 2540.24 1553.07 901 0.0860442 6645.34 NA
1 1976 TIME 1 12533.5 12037.7 5905.6 20697.5  5905.6  7826.64 4211.04  17602.3 14781  508.405 508.405 505.729 581.06 581.06 574.845 505.729 0.125116  990.777 990.777 951.117 1401.41 1401.41 1257.26 951.117 0.159566  904.543 904.543 713 3225.49 3225.49 1248.12 713 0.0761933  853.804 853.804 737 2089.03 2089.03 1263.54 737 0.078041 5905.6 NA
1 1977 TIME 1 11537.9 11012.6 5402 22092.3  5402  7154.69 3857.88  16716.6 14006.6  685.606 685.606 682.084 784.328 784.328 776.214 682.084 0.180812  772.89 772.89 742.771 1089.89 1089.89 977.585 742.771 0.134169  628.373 628.373 484 2465.3 2465.3 840.267 484 0.0563155  580.654 580.654 495 1466.77 1466.77 839.708 495 0.0571193 5402 NA
1 1978 TIME 1 11202 10546.7 5065.21 17848.8  5065.21  6837.96 3708.75  16681.3 13967.1  750.095 750.095 746.249 857.809 857.809 848.874 746.25 0.223631  1146.25 1146.25 1097.75 1633.22 1633.22 1445.49 1097.75 0.223865  570.584 570.584 419 2506.46 2506.46 741.77 419 0.0542492  969.005 969.005 801 2647.66 2647.66 1379.51 801 0.10313 5065.21 NA
1 1979 TIME 1 10334.9 9673.87 4296.15 13330.6  4296.15  6216.64 3457.23  17393.6 14533.1  738.425 738.425 734.308 853.418 853.418 843.579 734.309 0.277584  1145.16 1145.16 1085.56 1700.97 1700.97 1462.89 1085.56 0.272573  513.287 513.287 353 2421.11 2421.11 662.288 353 0.0531607  1202.85 1202.85 945 3656.88 3656.88 1714.16 945 0.142202 4296.15 NA
1 1980 TIME 1 9426.25 8897.42 3540.01 13426.9  3540.01  5654.02 3243.41  17989.1 14849.5  385.012 385.012 382.498 457.64 457.64 451.44 382.498 0.181955  1044.24 1044.24 976.23 1647.55 1647.55 1376.38 976.23 0.294122  776.673 776.673 518 3610.67 3610.67 1043.1 518 0.0860975  894.345 894.345 680 2860.7 2860.7 1319.9 680 0.113455 3540.01 NA
1 1981 TIME 1 8897.05 8486.51 3223.82 11285.8  3223.82  5363.26 3123.24  17144.4 14049.4  766.609 766.609 760.672 952.432 952.432 937.557 760.672 0.427549  504.93 504.93 467.915 838.183 838.183 694.885 467.915 0.156417  526.604 526.604 359.662 2367.93 2367.93 755.01 359.662 0.0619332  1160.6 1160.6 895.219 3640.12 3640.12 1817.91 895.219 0.154725 3223.82 NA
1 1982 TIME 1 8344.95 7940.79 3109.44 11010.4  3109.44  5068.4 2872.4  15378.3 12179.7  1050.46 1050.46 1041.18 1375.68 1375.68 1352.49 1041.19 0.677685  832.493 832.493 770.689 1427.68 1427.68 1193.96 770.689 0.278466  372.501 372.501 261.529 1633.67 1633.67 553.731 261.529 0.047024  635.622 635.622 502.073 1955.48 1955.48 1032.94 502.073 0.0903576 3109.44 NA
1 1983 TIME 1 7774.29 7420.42 3001.95 12310.4  3001.95  4775.22 2645.2  14402.6 11370.6  718.175 718.175 696.317 1201.73 1201.73 1131.45 696.317 0.249089  1046.5 1046.5 935.349 1988.93 1988.93 1550.38 935.349 0.282116  299.919 299.919 272.604 594.523 594.523 493.393 272.604 0.0714264  459.719 459.719 361.122 1463.34 1463.34 733.727 361.122 0.0674519 3001.95 NA
1 1984 TIME 1 7386.88 7021.05 2993.45 17513.9  2993.45  4615.41 2405.64  13475.3 10417.4  427.694 427.694 415.775 692.135 692.135 653.672 415.775 0.14687  820.299 820.299 739.015 1511.6 1511.6 1188.4 739.015 0.221631  284.722 284.722 259.831 547.504 547.504 455.613 259.831 0.0681174  416.784 416.784 328.992 1307.55 1307.55 650.774 328.992 0.0625388 2993.45 NA
1 1985 TIME 1 7462.94 7036.2 3108.34 10978.4  3108.34  4652.06 2384.14  13106.9 10289  402.644 402.644 392.133 632.761 632.761 598.868 392.133 0.132096  610.056 610.056 552.897 1094.19 1094.19 865.183 552.897 0.160144  298.373 298.373 273.266 558.81 558.81 466.849 273.266 0.0695355  595.204 595.204 471.133 1871.87 1871.87 910.072 471.133 0.0886341 3108.34 NA
1 1986 TIME 1 7608.15 7091.57 3165.79 7223.15  3165.79  4683.61 2407.96  13195 10515.2  486.461 486.461 474.122 750.132 750.132 710.124 474.122 0.160024  788.127 788.127 714.446 1400.07 1400.07 1098.49 714.446 0.209061  439.988 439.988 402.914 814.745 814.745 677.926 402.914 0.10396  459.698 459.698 355.058 1518.48 1518.48 678.719 355.059 0.0683084 3165.79 NA
1 1987 TIME 1 7543.94 7215.46 3022.32 8333.28  3022.32  4703.32 2512.14  14731.6 12098.7  878.592 878.592 854.515 1363.41 1363.41 1283.46 854.515 0.316204  639.814 639.814 572.676 1162.91 1162.91 885.249 572.677 0.183261  343.455 343.455 311.093 654.563 654.563 530.968 311.093 0.0872893  742.904 742.904 556.084 2478.39 2478.39 1090.89 556.085 0.114282 3022.32 NA
1 1988 TIME 1 6988.7 6746.87 2701.86 12633.8  2701.86  4398.62 2348.25  13566 10846.4  767.164 767.164 742.905 1235.15 1235.15 1154.14 742.905 0.306835  691.777 691.777 610.438 1302.44 1302.44 976.745 610.438 0.215006  389.43 389.43 349.109 776.522 776.522 622.54 349.109 0.106241  538.278 538.278 411.039 1721.91 1721.91 842.278 411.039 0.0885254 2701.86 NA
1 1989 TIME 1 6498.19 6199.08 2576.67 16946.5  2576.67  4091.56 2107.53  11643 8967.16  718.725 718.725 695.998 1184.19 1184.19 1110.37 695.998 0.306695  655.543 655.543 583.018 1237.53 1237.53 955.419 583.019 0.215914  433.826 433.826 392.608 861.653 861.653 709.515 392.608 0.12574  521.225 521.225 414.735 1620.42 1620.42 848.267 414.736 0.0932744 2576.67 NA
1 1990 TIME 1 6000.5 5566.35 2478.72 16145.1  2478.72  3739.06 1827.29  10399.1 7801.94  658.946 658.946 640.66 1064.65 1064.65 1006.25 640.66 0.297601  509.155 509.155 459.823 938.509 938.509 740.66 459.823 0.179264  348.663 348.663 319.428 665.798 665.798 559.395 319.428 0.109038  472.343 472.343 372.683 1554.2 1554.2 733.96 372.683 0.0913002 2478.72 NA
1 1991 TIME 1 5892.43 5357.14 2365.54 10105.4  2365.54  3592.72 1764.42  10950.4 8470.84  814.352 814.352 792.59 1281.51 1281.51 1209.72 792.591 0.411819  442.642 442.642 397.341 819.012 819.012 623.478 397.341 0.174457  492.202 492.202 448.013 935.52 935.52 766.921 448.014 0.172445  425.653 425.653 310.12 1592.09 1592.09 606.291 310.12 0.0863415 2365.54 NA
1 1992 TIME 1 5791.71 5315.82 2020.56 6230.25  2020.56  3483 1832.82  12598.5 10131.1  661.331 661.331 639.529 1068.66 1068.66 993.264 639.529 0.376121  422.196 422.196 365.978 832.872 832.872 586.519 365.978 0.181272  307.024 307.024 271.708 628.394 628.394 486.453 271.708 0.115527  457.324 457.324 307.262 1837.41 1837.41 641.364 307.263 0.090694 2020.56 NA
1 1993 TIME 1 6061.73 5759.9 1927.09 11478.8  1927.09  3683.85 2076.05  13909.9 11361.9  705.375 705.375 685.391 1126.68 1126.68 1062.42 685.391 0.486733  500.038 500.038 392.081 1183.11 1183.11 708.174 392.081 0.165379  248.763 248.763 237.095 411.1 411.1 379.034 237.095 0.155597  266.901 266.901 233.986 622.972 622.972 464.678 233.986 0.0865116 1927.09 NA
1 1994 TIME 1 6468.92 6231.18 2121.22 14369.6  2121.22  3968.43 2262.75  13548.5 11089  534.397 534.397 518.132 900.218 900.218 849.33 518.132 0.31687  443.84 443.84 355.431 1030.78 1030.78 663.811 355.431 0.124603  258.251 258.251 245.851 448.839 448.839 414.909 245.851 0.137477  335.357 335.357 299.402 775.089 775.089 609.366 299.402 0.0919071 2121.22 NA
1 1995 TIME 1 6953.95 6567.94 2632.93 8763.2  2632.93  4262.79 2305.15  12192.5 9718.5  607.037 607.037 591.372 1005.58 1005.58 958.66 591.372 0.287473  537.364 537.364 453.929 1156.68 1156.68 819.082 453.929 0.130723  245.975 245.975 235.563 418.948 418.948 392.165 235.563 0.105049  311.624 311.624 287.427 666.955 666.955 557.334 287.427 0.0740176 2632.93 NA
1 1996 TIME 1 7293.61 6866.91 3069.88 10405.5  3069.88  4518.44 2348.47  12601.8 10136.5  603.221 603.221 591.037 942.759 942.759 907.129 591.037 0.248165  504.154 504.154 439.745 1014.77 1014.77 743.791 439.745 0.116235  421.32 421.32 405.925 675.498 675.498 638.558 405.925 0.158226  421.213 421.213 393.944 838.384 838.384 709.561 393.944 0.0950476 3069.88 NA
1 1997 TIME 1 7376.66 7083.05 3160.04 10573.4  3160.04  4657.41 2425.63  13689.3 11327.5  632.596 632.596 621.06 937.967 937.967 903.345 621.061 0.252743  497.021 497.021 430.038 986.524 986.524 696.887 430.038 0.115156  464.017 464.017 447.638 706.101 706.101 667.208 447.638 0.17095  477.679 477.679 442.283 938.875 938.875 769.147 442.283 0.108272 3160.04 NA
1 1998 TIME 1 7313.11 6967.75 3030.42 25032.2  3030.42  4567.32 2400.43  12799.4 10615.7  532.539 532.539 522.148 781.225 781.225 749.574 522.148 0.208669  675.342 675.342 577.356 1352.46 1352.46 940.868 577.356 0.153516  229.237 229.237 220.736 346.358 346.358 325.774 220.736 0.0830033  326.014 326.014 300.46 649.63 649.63 530.741 300.46 0.0723946 3030.42 NA
1 1999 TIME 1 7560.44 7128.08 3108.76 16296.9  3108.76  4641.51 2486.56  12762 10702.1  472.577 472.577 463.349 696.846 696.846 669.295 463.349 0.172983  583.659 583.659 504.254 1158.17 1158.17 826.264 504.254 0.125983  297.738 297.738 286.804 452.745 452.745 426.674 286.804 0.100704  287.243 287.243 267.038 565.675 565.675 471.891 267.038 0.0606791 3108.76 NA
1 2000 TIME 1 8132.23 7386.58 3302.05 11594.8  3302.05  4799.31 2587.27  12930.9 10915.4  621.626 621.626 610.163 911.262 911.262 877.32 610.163 0.217645  673.873 673.873 585.537 1333.55 1333.55 948.383 585.537 0.141185  385.889 385.889 372.219 582.598 582.598 550.534 372.219 0.125102  259.207 259.207 241.456 505.244 505.244 419.955 241.456 0.0532695 3302.05 NA
1 2001 TIME 1 8708.91 8215.54 3321.87 10760.7  3321.87  5213.93 3001.61  17358.1 15293.8  704.77 704.77 691.418 1029.79 1029.79 989.067 691.418 0.245617  703.923 703.923 596.992 1447.84 1447.84 966.928 596.992 0.143465  319.97 319.97 308.34 481.452 481.452 453.355 308.34 0.10336  284.799 284.799 260.294 576.702 576.702 455.846 260.294 0.0569644 3321.87 NA
1 2002 TIME 1 9353.74 8984.98 3363.22 11689.8  3363.22  5624.49 3360.48  18336 16241.5  682.434 682.434 666.977 1027.04 1027.04 978.692 666.978 0.22999  866.968 866.968 713.856 1861.14 1861.14 1205.74 713.856 0.161922  349.371 349.371 335.161 542.853 542.853 506.512 335.161 0.1086  216.764 216.764 195.158 463.022 463.022 361.179 195.158 0.0395408 3363.22 NA
1 2003 TIME 1 9885.11 9533.38 3661.81 9430.13  3661.81  5977.12 3556.26  17614.6 15376.5  548.811 548.811 544.488 793.487 793.487 782.108 544.488 0.195655  798.018 798.018 713.301 1508.33 1508.33 1190.77 713.301 0.160094  263.501 263.501 256.208 487.638 487.638 460.883 256.208 0.0536604  186.253 186.253 179.837 342.256 342.256 317.247 179.837 0.0380145 3661.81 NA
1 2004 TIME 1 10588.9 10225.3 4360.03 12377.9  4360.03  6463.02 3762.33  17045.5 14778.5  1017.33 1017.33 1009.92 1482.7 1482.7 1464.03 1009.92 0.308825  820.877 820.877 749.514 1490.63 1490.63 1231.95 749.514 0.145027  181.548 181.548 177.479 325.121 325.121 310.662 177.479 0.0324344  278.754 278.754 271.045 495.614 495.614 466.494 271.045 0.0498398 4360.03 NA
1 2005 TIME 1 10700.7 10376.1 4808.75 13730.1  4808.75  6658.16 3717.9  16598.6 14199.6  969.871 969.871 963.691 1374.96 1374.96 1359.93 963.691 0.276189  1154.18 1154.18 1068.78 1994.98 1994.98 1684.43 1068.78 0.200304  349.225 349.225 342.671 593.437 593.437 570.184 342.671 0.0611375  546.206 546.206 533.418 924.155 924.155 875.579 533.418 0.0956759 4808.75 NA
1 2006 TIME 1 10009 9594.08 4641.29 24870.5  4641.29  6264.95 3329.13  14974.5 12562  540.557 540.557 537.45 735.699 735.699 728.269 537.45 0.15084  1086.6 1086.6 1011.63 1807.1 1807.1 1530.54 1011.63 0.192503  127.501 127.501 125.285 207.73 207.73 199.807 125.285 0.0226863  463.652 463.652 453.538 753.108 753.108 714.174 453.538 0.0827328 4641.29 NA
1 2007 TIME 1 10016.4 9495.73 4615.3 30481.5  4615.3  6203.04 3292.69  15019.9 12821.5  935.817 935.817 930.727 1231.74 1231.74 1219.65 930.727 0.259645  575.406 575.406 536.068 938.806 938.806 789.52 536.068 0.104314  411.351 411.351 404.355 653.387 653.387 628.128 404.355 0.0748201  485.367 485.367 474.865 769.922 769.922 728.547 474.865 0.0885967 4615.3 NA
1 2008 TIME 1 10159 9313.69 4379.07 40004.3  4379.07  6057.23 3256.46  15488.5 13364  847.109 847.109 842.469 1098.09 1098.09 1086.9 842.469 0.243178  382.338 382.338 353.815 632.626 632.626 518.747 353.815 0.0717901  529.173 529.173 519.448 842.241 842.241 806.336 519.448 0.100117  424.148 424.148 414.031 676.103 676.103 634.513 414.031 0.0804372 4379.07 NA
1 2009 TIME 1 11102.4 10070.1 4259.57 16393.2  4259.57  6401.51 3668.61  19518.2 17371  851.768 851.768 846.718 1112.48 1112.48 1099.8 846.718 0.254217  745.957 745.957 641.985 1299.38 1299.38 907.097 641.985 0.141252  480.266 480.266 469.664 791.479 791.479 751.004 469.664 0.0924273  256.364 256.364 250.383 424.883 424.883 397.369 250.383 0.0493466 4259.57 NA
1 2010 TIME 1 12644.4 11515 4226.91 12636.6  4226.91  7109.59 4405.37  24520.3 22318.3  307.816 307.816 263.741 413.885 413.885 341.362 263.741 0.082945  350.095 350.095 292.349 645.395 645.395 427.539 292.349 0.0572129  86.3291 86.3291 77.6024 150.617 150.617 120.478 77.6024 0.0143949  124.503 124.503 120.961 218.111 218.111 201.935 120.961 0.0207758 4226.91 NA
1 2011 TIME 1 15968.4 15463.3 5378.05 15343.9  5378.05  9335.1 6128.23  32718 30459.2  223.769 223.769 223.688 300.296 300.296 300 223.688 0.0492573  441.591 441.591 426.737 679.678 679.678 618.163 426.737 0.0782819  39.6842 39.6842 39.585 65.6203 65.6203 65.2341 39.585 0.00567389  79.9919 79.9919 77.7056 146.073 146.073 136.18 77.7056 0.00967936 5378.05 NA
1 2012 TIME 1 19390.6 18960.3 7204.97 22945.8  7204.97  11459.7 7500.59  32448.4 30308.2  409.875 409.875 409.743 564.366 564.366 563.918 409.743 0.0663447  507.896 507.896 493.503 778.307 778.307 724.645 493.503 0.0667132  124.73 124.73 124.46 208.796 208.796 207.824 124.46 0.013046  110.431 110.431 107.785 199.932 199.932 189.36 107.785 0.00986253 7204.97 NA
1 2013 TIME 1 22223.2 21683.2 9487.6 13483.2  9487.6  13274.4 8408.77  30867.7 28702.7  513.083 513.083 512.957 707.367 707.367 706.977 512.957 0.0627274  1066.96 1066.96 1044.72 1583.73 1583.73 1507.44 1044.72 0.108373  130.313 130.313 130.101 211.951 211.951 211.256 130.101 0.0105683  284.464 284.464 279.578 489.559 489.559 471.248 279.578 0.0201281 9487.6 NA
1 2014 TIME 1 23953.3 23276.7 11432.6 13528.7  11432.6  14477.1 8799.65  29829.6 27556.5  853.061 853.061 852.906 1139.57 1139.57 1139.12 852.906 0.0839112  874.023 874.023 860.571 1230.32 1230.32 1185.29 860.571 0.0737225  273.73 273.73 273.393 417.661 417.661 416.62 273.393 0.0188183  390.881 390.881 386.051 623.703 623.703 605.725 386.051 0.0240086 11432.6 NA
1 2015 TIME 1 24922.1 24487.5 12690.8 12792.4  12690.8  15453.6 9033.9  31184.9 28639.9  1040.11 1040.11 1039.95 1316.82 1316.82 1316.38 1039.95 0.0884789  1090.74 1090.74 1076.66 1445.4 1445.4 1397.79 1076.66 0.0819372  215.616 215.616 215.385 305.783 305.783 305.078 215.385 0.0135259  357.773 357.773 354.027 530.525 530.525 516.117 354.027 0.020429 12690.8 NA
1 2016 TIME 1 25175 24741.5 13206.2 16460.4  13206.2  15841.9 8899.59  29264.3 26636.3  864.664 864.664 864.545 1035.8 1035.8 1035.47 864.545 0.067289  1182.46 1182.46 1168.42 1485.68 1485.68 1438.96 1168.42 0.0830965  237.735 237.735 237.489 318.761 318.761 318.025 237.489 0.0141844  237.858 237.858 235.489 335.002 335.002 325.911 235.49 0.0130739 13206.2 NA
1 2017 TIME 1 25211.2 24774.1 13519.1 16517.2  13519.1  16028.1 8745.99  27765.9 25213  1142.44 1142.44 1142.29 1311.33 1311.33 1310.94 1142.29 0.0852698  1285.09 1285.09 1270.92 1551.56 1551.56 1505.64 1270.92 0.0879077  201.284 201.284 201.086 260.41 260.41 259.837 201.086 0.0118104  397.065 397.065 393.383 540.361 540.361 526.479 393.383 0.0216315 13519.1 NA
1 2018 TIME 1 24529.4 23996.7 13365.4 19018.3  13365.4  15653.3 8343.44  26028.7 23562.5  957.403 957.403 957.286 1066.99 1066.99 1066.68 957.286 0.0711812  1275.63 1275.63 1262.43 1497.08 1497.08 1454.38 1262.43 0.0876739  218.24 218.24 218.035 274.998 274.998 274.42 218.035 0.012991  405.733 405.733 402.225 537.68 537.68 524.42 402.225 0.022531 13365.4 NA
1 2019 FORE 1 23900.1 23350.8 13077.7 18972.4  13077.7  15285.3 8065.49  25799.4 23432  1034.78 1034.78 1034.66 1127.94 1127.94 1127.62  _ 0.0783513  1316.69 1316.69 1303.27 1513.75 1513.75 1469.22  _ 0.0925621  140.811 140.811 140.681 173.649 173.649 173.276  _ 0.0086508  415.718 415.718 412.158 540.085 540.085 526.288  _ 0.0238832 13077.7 1
1 2020 FORE 1 23254.6 22641.7 12558.1 18884.8  12558.1  14824.6 7817.15  25620.7 23359.2  1024.92 1024.92 1024.79 1099.87 1099.87 1099.53  _ 0.0806309  1198.74 1198.74 1185.96 1363 1363 1319.23  _ 0.0875968  242.869 242.869 242.634 296.262 296.262 295.569  _ 0.0155882  378.477 378.477 375.011 488.777 488.777 475.032  _ 0.0227054 12558.1 1
1 2021 FORE 1 22791.6 22180.5 12019 18786.9  12019  14470.4 7710.05  26296.9 24108.2  1349.96 1349.96 1349.78 1443.95 1443.95 1443.45  _ 0.116077  1709.25 1709.25 1689.12 1953.92 1953.92 1882.78  _ 0.135825  394.747 394.747 394.331 485.632 485.632 484.357  _ 0.0275251  661.478 661.478 654.635 867.611 867.611 840.049  _ 0.0429088 12019 1
1 2022 FORE 1 21326.5 20718.4 10798.7 18534  10798.7  13417.6 7300.74  26182 24029.6  1187.27 1187.27 1187.1 1288.58 1288.58 1288.07  _ 0.115393  1520.84 1520.84 1500.45 1782.31 1782.31 1708.69  _ 0.13504  353.747 353.747 353.332 448.452 448.452 447.133  _ 0.0273671  598.304 598.304 591.165 814.012 814.012 785.095  _ 0.0426656 10798.7 1
1 2023 FORE 1 20495.8 19891.8 10038.2 18349.6  10038.2  12779.4 7112.39  26255.8 24120.2  1076.82 1076.82 1076.64 1200.19 1200.19 1199.67  _ 0.114866  1398.46 1398.46 1377.76 1693.34 1693.34 1618.09  _ 0.134435  328.62 328.62 328.204 432.376 432.376 431.024  _ 0.0272454  561.144 561.144 553.768 794.11 794.11 764.333  _ 0.042478 10038.2 1
1 2024 FORE 1 20104.6 19508.3 9654.65 18247.3  9654.65  12454 7054.21  26402.8 24248.2  1011.33 1011.33 1011.15 1161.34 1161.34 1160.81  _ 0.114346  1329.43 1329.43 1308.6 1659.65 1659.65 1583.91  _ 0.133835  315.556 315.556 315.141 428.665 428.665 427.303  _ 0.0271239  542.7 542.7 535.225 791.841 791.841 761.804  _ 0.0422898 9654.65 1
1 2025 FORE 1 19974.8 19383.8 9522.99 18210.5  9522.99  12331.1 7052.71  26501.2 24300  978.454 978.454 978.28 1150.91 1150.91 1150.38  _ 0.113682  1296.31 1296.31 1275.54 1653.51 1653.51 1578.13  _ 0.133064  309.998 309.998 309.584 429.763 429.763 428.405  _ 0.0269675  535.183 535.183 527.719 794.904 794.904 765.019  _ 0.0420467 9522.99 1
1 2026 FORE 1 19973.4 19385.2 9526.66 18211.5  9526.66  12318.9 7066.26  26541.8 24284.8  967.743 967.743 967.57 1154.91 1154.91 1154.38  _ 0.113147  1286.3 1286.3 1265.67 1659.62 1659.62 1584.92  _ 0.13244  308.938 308.938 308.527 432.317 432.317 430.971  _ 0.0268408  533.94 533.94 526.535 798.789 798.789 769.208  _ 0.0418495 9526.66 1
1 2027 FORE 1 20011.5 19424.3 9579.74 18226.5  9579.74  12349.3 7075.01  26538.2 24231.9  967.082 967.082 966.911 1161.17 1161.17 1160.64  _ 0.1126  1285.56 1285.56 1265.11 1665.09 1665.09 1591.16  _ 0.131804  309.299 309.299 308.892 433.689 433.689 432.357  _ 0.0267116  534.332 534.332 527.008 799.92 799.92 770.688  _ 0.0416487 9579.74 1
1 2028 FORE 1 20048.3 19460.9 9635.34 18241.9  9635.34  12385.4 7075.52  26513.9 24172.5  968.228 968.228 968.057 1163.37 1163.37 1162.85  _ 0.111909  1285.35 1285.35 1265.1 1664.05 1664.05 1590.92  _ 0.130999  309.281 309.281 308.877 432.93 432.93 431.612  _ 0.0265487  533.787 533.787 526.549 797.304 797.304 768.412  _ 0.0413956 9635.34 1
1 2029 FORE 1 20074.6 19486.8 9676.85 18253.4  9676.85  12414.6 7072.18  26489.5 24128.5  969.889 969.889 969.72 1163.25 1163.25 1162.74  _ 0.111353  1285.49 1285.49 1265.39 1660.59 1660.59 1588.02  _ 0.130352  309.11 309.11 308.709 431.489 431.489 430.182  _ 0.0264178  533.01 533.01 525.834 793.866 793.866 765.209  _ 0.0411924 9676.85 1
1 2030 FORE 1 20089.9 19501.6 9701.05 18260  9701.05  12433.4 7068.17  26472.7 24103.9  969.659 969.659 969.491 1160.19 1160.19 1159.68  _ 0.110797  1283.57 1283.57 1263.6 1654.24 1654.24 1582.1  _ 0.129705  308.399 308.399 308 429.434 429.434 428.134  _ 0.0262871  531.451 531.451 524.321 789.702 789.702 761.221  _ 0.0409896 9701.05 1
