Area Yr Era Seas Bio_all Bio_smry SpawnBio Recruit_0  SpawnBio_GP:1 SmryBio_SX:1_GP:1 SmryBio_SX:2_GP:1 SmryNum_SX:1_GP:1 SmryNum_SX:2_GP:1 sel(B):_1 dead(B):_1 retain(B):_1 sel(N):_1 dead(N):_1 retain(N):_1 obs_cat:_1 F:_1 sel(B):_2 dead(B):_2 retain(B):_2 sel(N):_2 dead(N):_2 retain(N):_2 obs_cat:_2 F:_2 sel(B):_3 dead(B):_3 retain(B):_3 sel(N):_3 dead(N):_3 retain(N):_3 obs_cat:_3 F:_3 SSB_vir_LH ABC_buffer
1 1888 VIRG 1 419070 393647 168875 16391.8  168875  203865 189781  87562 109662 0 0 0 0 0 0 0 0  0 0 0 0 0 0 0 0  0 0 0 0 0 0 0 0  168875 NA
1 1889 INIT 1 419070 393647 168875 16391.8  168875  203865 189781  87562 109662  0 0 0 0 0 0 0 0  0 0 0 0 0 0 0 0  0 0 0 0 0 0 0 0 168875 NA
1 1890 TIME 1 405749 382012 163972 15122  163972  197595 184417  84648.4 106357  2.25491 2.1431 2.115 1.108 1.03077 1.01037 2.115 1.95171e-05  0 0 0 0 0 0 0 0  0 0 0 0 0 0 0 0 163972 NA
1 1891 TIME 1 404869 381233 163640 15055.5  163640  197178 184055  84459.2 106139  6.47679 6.1557 6.075 3.18224 2.96048 2.90189 6.075 5.62124e-05  0 0 0 0 0 0 0 0  0 0 0 0 0 0 0 0 163640 NA
1 1892 TIME 1 403935 380417 163290 14986.2  163290  196740 183677  84261 105911  7.19633 6.83965 6.75 3.53547 3.28915 3.22407 6.75 6.26355e-05  0 0 0 0 0 0 0 0  0 0 0 0 0 0 0 0 163290 NA
1 1893 TIME 1 402950 379566 162923 14914  162923  196283 183283  84054.7 105673  10.7144 10.1834 10.05 5.26335 4.89673 4.79987 10.05 9.35335e-05  0 0 0 0 0 0 0 0  0 0 0 0 0 0 0 0 162923 NA
1 1894 TIME 1 401911 378633 162533 14838.9  162533  195782 182851  83822.1 105407  13.0595 12.4126 12.25 6.41444 5.96781 5.84982 12.25 0.000114373  0 0 0 0 0 0 0 0  0 0 0 0 0 0 0 0 162533 NA
1 1895 TIME 1 400820 377653 162119 14760.7  162119  195256 182397  83580.2 105130  17.7498 16.8709 16.65 8.71672 8.11 7.94973 16.65 0.000156002  0 0 0 0 0 0 0 0  0 0 0 0 0 0 0 0 162119 NA
1 1896 TIME 1 399677 376625 161680 14679.3  161680  194703 181922  83327.8 104842  19.9081 18.9227 18.675 9.77529 9.0951 8.91543 18.675 0.000175625  0 0 0 0 0 0 0 0  0 0 0 0 0 0 0 0 161680 NA
1 1897 TIME 1 398483 375550 161219 14594.4  161219  194124 181426  83065.5 104542  22.0664 20.9744 20.7 10.8338 10.0801 9.88104 20.7 0.000195424  0 0 0 0 0 0 0 0  0 0 0 0 0 0 0 0 161219 NA
1 1898 TIME 1 397237 374430 160738 14505.9  160738  193521 180908  82792.8 104230  24.2247 23.0262 22.725 11.8921 11.065 10.8465 22.725 0.000215411  0 0 0 0 0 0 0 0  0 0 0 0 0 0 0 0 160738 NA
1 1899 TIME 1 395939 373262 160235 14413.6  160235  192893 180369  82509.3 103905  26.3828 25.078 24.75 12.9501 12.0497 11.8119 24.75 0.000235589  0 0 0 0 0 0 0 0  0 0 0 0 0 0 0 0 160235 NA
1 1900 TIME 1 394588 372045 159711 14317.3  159711  192239 179807  82214.6 103567  53.1773 50.5478 49.887 26.0993 24.2851 23.806 49.887 0.000476943  0 0 0 0 0 0 0 0  0 0 0 0 0 0 0 0 159711 NA
1 1901 TIME 1 393158 370757 159152 14217.1  159152  191541 179216  81900.6 103212  81.3276 77.3073 76.2969 39.9108 37.1372 36.4049 76.2969 0.000732823  0 0 0 0 0 0 0 0  1.53104 1.45302 1.37449 1.15649 1.01016 0.860152 1.37449 1.73428e-05 159152 NA
1 1902 TIME 1 391645 369392 158555 14113  158555  190797 178595  81566.6 102838  109.478 104.068 102.708 53.7192 49.987 49.0017 102.708 0.00099135  0 0 0 0 0 0 0 0  3.06466 2.90881 2.75194 2.31309 2.02081 1.72121 2.75194 3.48766e-05 158555 NA
1 1903 TIME 1 390049 367949 157920 14005.4  157920  190008 177942  81212.6 102446  137.627 130.828 129.119 67.5237 62.8337 61.5957 129.119 0.00125276  0 0 0 0 0 0 0 0  4.59756 4.36424 4.1294 3.46722 3.02973 2.58127 4.1294 5.25783e-05 157920 NA
1 1904 TIME 1 388368 366428 157248 13894.5  157248  189172 177257  80838.4 102035  165.777 157.589 155.531 81.325 75.6778 74.1874 155.531 0.0015173  0 0 0 0 0 0 0 0  6.12968 5.81928 5.50685 4.61878 4.03683 3.44031 5.50685 7.04624e-05 157248 NA
1 1905 TIME 1 386602 364827 156537 13780  156537  188289 176538  80443.9 101605  147.19 139.922 138.096 72.1983 67.1864 65.8637 138.096 0.00135486  0 0 0 0 0 0 0 0  7.66098 7.27391 6.8843 5.76762 5.04202 4.29824 6.8843 8.85397e-05 156537 NA
1 1906 TIME 1 384792 363189 155813 13661.9  155813  187392 175797  80043.2 101160  144.104 136.991 135.203 70.675 65.7703 64.4761 135.203 0.00133416  0 0 0 0 0 0 0 0  9.19143 8.72811 8.26176 6.9135 6.04512 5.15499 8.26176 0.00010682 155813 NA
1 1907 TIME 1 382924 361497 155069 13539.6  155069  186468 175029  79630.9 100700  151.35 143.882 142.005 74.218 69.0693 67.7109 142.005 0.00140968  0 0 0 0 0 0 0 0  10.7209 10.1818 9.63921 8.05629 7.04603 6.01049 9.63921 0.000125318 155069 NA
1 1908 TIME 1 380986 359740 154296 13413.6  154296  185510 174230  79203.3 100221  91.436 86.9258 85.7924 44.8306 41.7217 40.9016 85.7924 0.000856827  0 0 0 0 0 0 0 0  12.2494 11.6351 11.0167 9.19559 8.04449 6.86461 11.0167 0.000144041 154296 NA
1 1909 TIME 1 379037 357980 153534 13285  153534  184563 173416  78780.6 99733.5  150.328 142.917 141.054 73.692 68.5839 67.2366 141.054 0.00141762  0 0 0 0 0 0 0 0  13.7451 13.0576 12.3656 10.3075 9.01955 7.69945 12.3656 0.000162635 153534 NA
1 1910 TIME 1 376966 356102 152712 13154.5  152712  183544 172558  78325 99219.5  209.218 198.907 196.316 102.541 95.4366 93.5628 196.316 0.00198656  0 0 0 0 0 0 0 0  15.24 14.4798 13.7146 11.4165 9.9926 8.53313 13.7146 0.000181509 152712 NA
1 1911 TIME 1 374772 354106 151831 13022.6  151831  182451 171655  77837.4 98679.1  268.104 254.896 251.577 131.38 122.28 119.881 251.577 0.00256466  0 0 0 0 0 0 0 0  16.7342 15.9016 15.0636 12.5229 10.9638 9.36568 15.0636 0.000200685 151831 NA
1 1912 TIME 1 372457 351993 150890 12887  150890  181286 170707  77318.5 98112.4  326.988 310.885 306.839 160.21 149.117 146.193 306.839 0.00315293  0 0 0 0 0 0 0 0  18.2277 17.3231 16.4126 13.6271 11.9333 10.1973 16.4126 0.000220182 150890 NA
1 1913 TIME 1 370023 349764 149890 12745.1  149890  180050 169714  76769.6 97519.9  385.87 366.874 362.101 189.034 175.95 172.5 362.101 0.00375229  0 0 0 0 0 0 0 0  19.7204 18.7442 17.7616 14.7287 12.9011 11.028 17.7616 0.000240022 149890 NA
1 1914 TIME 1 367472 347423 148831 12595.6  148831  178744 168678  76192.2 96902.3  444.751 422.862 417.362 217.852 202.778 198.804 417.362 0.00436358  0 0 0 0 0 0 0 0  21.2119 20.1646 19.1105 15.8269 13.8666 11.8575 19.1105 0.000260229 148831 NA
1 1915 TIME 1 364804 344973 147715 12442.9  147715  177373 167599  75587.6 96260.6  503.474 478.701 472.476 246.592 229.532 225.036 472.476 0.00498605  0 0 0 0 0 0 0 0  22.3299 21.2306 20.124 16.6435 14.5862 12.4777 20.124 0.000276238 147715 NA
1 1916 TIME 1 362021 342416 146545 12291.8  146545  175938 166478  74956.5 95594.8  1372.36 1304.85 1287.88 672.119 625.626 613.372 1287.88 0.0137531  0 0 0 0 0 0 0 0  29.1995 27.7651 26.3213 21.7458 19.062 16.3114 26.3213 0.000364694 146545 NA
1 1917 TIME 1 358368 338999 144861 12132.2  144861  173877 165122  74052.9 94791  1806.15 1717.26 1694.92 884.679 823.461 807.324 1694.92 0.0183838  0 0 0 0 0 0 0 0  317.645 302.066 286.385 236.423 207.275 177.403 286.385 0.00401432 144861 NA
1 1918 TIME 1 354001 334914 142821 11972.9  142821  171390 163524  72968.4 93844.8  2860.04 2719.17 2683.77 1401.3 1304.26 1278.68 2683.77 0.0296827  0 0 0 0 0 0 0 0  174.194 165.648 157.046 129.668 113.676 97.2855 157.046 0.0022317 142821 NA
1 1919 TIME 1 348777 329931 140221 11807.3  140221  168234 161697  71600.8 92767  979.525 931.221 919.083 480.161 446.876 438.1 919.083 0.0103342  0 0 0 0 0 0 0 0  116.939 111.203 105.429 87.0535 76.3206 65.3209 105.429 0.00151678 140221 NA
1 1920 TIME 1 345374 326759 138705 11644.1  138705  166436 160323  70846.3 91963.4  668.261 635.291 627.007 327.652 304.934 298.945 627.007 0.00711956  0 0 0 0 0 0 0 0  272.589 259.257 245.839 202.72 177.785 152.23 245.839 0.00357308 138705 NA
1 1921 TIME 1 342093 323747 137334 11479  137334  164801 158946  70155.1 91157.5  902.088 857.593 846.413 442.272 411.618 403.539 846.413 0.00970414  0 0 0 0 0 0 0 0  356.79 339.396 321.889 265.025 232.493 199.152 321.889 0.00472987 137334 NA
1 1922 TIME 1 338474 320406 135808 11317.7  135808  162955 157452  69360.3 90277.9  757.98 720.617 711.229 371.533 345.8 339.019 711.229 0.00823602  0 0 0 0 0 0 0 0  93.6734 89.1168 84.5305 69.5218 60.9999 52.2663 84.5305 0.00125561 135808 NA
1 1923 TIME 1 335206 317359 134441 11152.4  134441  161297 156061  68645.8 89459.8  1341.72 1275.63 1259.02 657.465 611.96 599.97 1259.02 0.0147492  0 0 0 0 0 0 0 0  187.716 178.605 169.434 139.212 122.177 104.719 169.434 0.0025447 134441 NA
1 1924 TIME 1 331274 313676 132710 10980.1  132710  159196 154480  67736.3 88531.3  1635.75 1555.2 1534.96 801.444 745.986 731.374 1534.96 0.018251  0 0 0 0 0 0 0 0  325.398 309.635 293.77 241.152 211.685 181.488 293.77 0.0044693 132710 NA
1 1925 TIME 1 326912 309597 130764 9775.53  130764  156838 152759  66717.9 87522.3  1992.13 1894.01 1869.37 976.003 908.457 890.745 1869.37 0.0226118  0 0 0 0 0 0 0 0  251.849 239.664 227.407 186.515 163.74 140.45 227.407 0.00350889 130764 NA
1 1926 TIME 1 322007 305222 128637 9913.06  128637  154265 150957  65609 86467  1746.91 1660.85 1639.23 855.999 796.771 781.218 1639.23 0.0201735  0 0 0 0 0 0 0 0  60.9645 58.1339 55.2854 44.5961 39.3794 34.0351 55.2854 0.000866154 128637 NA
1 1927 TIME 1 317324 301233 126714 9490.01  126714  151958 149275  64626.1 85487.3  2350.99 2235.1 2205.99 1152.24 1072.49 1051.57 2205.99 0.0276489  0 0 0 0 0 0 0 0  344.153 328.351 312.45 250.641 221.253 191.157 312.45 0.00500279 126714 NA
1 1928 TIME 1 311579 296474 124330 9250.06  124330  149145 147329  63422.4 84352.9  1940.63 1844.96 1820.93 951.218 885.402 868.146 1820.93 0.0232608  0 0 0 0 0 0 0 0  317.661 303.187 288.622 230.251 203.342 175.777 288.622 0.0047466 124330 NA
1 1929 TIME 1 306056 291145 122070 9450.82  122070  146123 145023  61976.7 82870.9  1933.65 1838.7 1814.85 946.475 881.288 864.156 1814.85 0.0236768  0 0 0 0 0 0 0 0  515.041 491.792 468.389 372.353 329.157 284.86 468.389 0.00783588 122070 NA
1 1930 TIME 1 300310 285821 119643 9365.17  119643  143119 142702  60639.5 81472.2  2233.15 2123.94 2096.51 1091.25 1016.35 996.647 2096.51 0.0281118  0 0 0 0 0 0 0 0  490.951 468.466 445.832 356.123 314.03 270.873 445.832 0.0076278 119643 NA
1 1931 TIME 1 294348 279971 116972 9151.94  116972  139789 140182  59147.8 79945.4  1136.21 1080.75 1066.82 554.771 516.749 506.743 1066.82 0.0146626  0 0 0 0 0 0 0 0  364.263 347.366 330.36 265.243 233.621 201.216 330.36 0.00574693 116972 NA
1 1932 TIME 1 289605 275158 114916 8771.19  114916  137232 137927  58018 78595.3  1432.48 1362.68 1345.15 698.895 651.053 638.472 1345.15 0.0189364  0 0 0 0 0 0 0 0  334.457 318.935 303.315 243.819 214.86 185.201 303.315 0.00534133 114916 NA
1 1933 TIME 1 284630 270447 112733 8755.94  112733  134678 135768  56965.3 77373.9  1165.21 1108.36 1094.08 568.717 529.718 519.454 1094.08 0.0157692  0 0 0 0 0 0 0 0  472.184 450.528 428.731 343.125 302.874 261.622 428.731 0.00767825 112733 NA
1 1934 TIME 1 279822 266021 110717 8658.74  110717  132342 133679  56011.8 76199.1  2085.7 1983.65 1958.01 1019.11 949.025 930.569 1958.01 0.0288849  0 0 0 0 0 0 0 0  750.518 716.078 681.414 545.284 481.023 415.155 681.414 0.0124673 110717 NA
1 1935 TIME 1 273950 260520 108134 10284.2  108134  129272 131248  54712.7 74804.5  2643.71 2514.08 2481.48 1293.19 1204.08 1180.36 2481.48 0.0376458  0 0 0 0 0 0 0 0  993.725 947.796 901.509 723.669 637.785 549.342 901.509 0.0169029 108134 NA
1 1936 TIME 1 267870 254136 105171 7799.76  105171  125645 128490  53134.8 73185.2  2147.2 2041.82 2015.35 1050.51 977.999 958.957 2015.35 0.0314319  0 0 0 0 0 0 0 0  374.947 356.003 336.953 280.625 244.296 207.206 336.953 0.00642368 105171 NA
1 1937 TIME 1 262816 248888 102708 7874.64  102708  122719 126169  51909.2 71857.5  2446.96 2326.78 2296.59 1197.48 1114.85 1093.12 2296.59 0.0367438  0 0 0 0 0 0 0 0  255.911 243.75 231.517 188.499 166.247 143.474 231.517 0.00444408 102708 NA
1 1938 TIME 1 257597 243652 100260 10039.4  100260  119757 123895  50688 70574.8  2362.95 2246.45 2217.14 1158.39 1078.13 1056.7 2217.14 0.0363044  0 0 0 0 0 0 0 0  283.94 271.003 257.963 207.385 183.533 158.942 257.963 0.00501856 100260 NA
1 1939 TIME 1 252975 240312 98068.9 9666.47  98068.9  117845 122467  50196.9 70026.9  2611.22 2480.99 2448.23 1285.76 1195.54 1171.51 2448.23 0.0406972  0 0 0 0 0 0 0 0  329.172 312.346 295.399 247.579 215.071 181.698 295.399 0.00600163 98068.9 NA
1 1940 TIME 1 248579 234837 95759.2 9075.17  95759.2  114775 120062  48740.7 68499.9  2003.24 1903.2 1878.04 987.344 918.131 899.76 1878.04 0.0315174  0 0 0 0 0 0 0 0  337.606 319.58 301.437 258.374 224.177 189.153 301.437 0.00610651 95759.2 NA
1 1941 TIME 1 245103 230069 93820.3 7995.19  93820.3  112204 117865  47591 67175.2  1761.8 1674.34 1652.36 866.22 805.839 789.9 1652.36 0.0282908  0 0 0 0 0 0 0 0  544.761 516.33 487.735 416.451 363.419 309.214 487.735 0.00976156 93820.3 NA
1 1942 TIME 1 241652 227525 92209 8079.23  92209  110881 116643  47352.1 66749.6  2305.2 2295.81 2293.38 1137.06 1130.16 1127.86 2293.38 0.0374529  0 0 0 0 0 0 0 0  937.215 936.353 935.37 703.469 701.265 698.152 935.37 0.0173195 92209 NA
1 1943 TIME 1 237063 224049 90368.4 8369.4  90368.4  108982 115067  46697.5 65973.9  1847.76 1840.14 1838.17 915.572 909.968 908.086 1838.17 0.0300481  0 0 0 0 0 0 0 0  2088.75 2086.81 2084.58 1553.43 1548.42 1541.23 2084.58 0.0401208 90368.4 NA
1 1944 TIME 1 231729 219698 88490.8 8436.82  88490.8  106757 112941  45743.2 64740  1493.31 1487.17 1485.58 739.899 735.388 733.867 1485.58 0.0244781  0 0 0 0 0 0 0 0  3005.2 3002.28 2998.92 2238.18 2230.58 2219.7 2998.92 0.0599358 88490.8 NA
1 1945 TIME 1 225805 213876 86382.8 9173.28  86382.8  103846 110031  44308 62890.6  1699.66 1692.75 1690.96 838.774 833.725 831.965 1690.96 0.0284437  0 0 0 0 0 0 0 0  2732.02 2729.28 2726.11 2049.79 2042.66 2032.23 2726.11 0.0556395 86382.8 NA
1 1946 TIME 1 220201 207920 84072.2 8036.47  84072.2  100803 107117  42880.6 61101.5  2796.66 2785.43 2782.52 1373.85 1365.64 1362.85 2782.52 0.048521  0 0 0 0 0 0 0 0  1676.23 1674.41 1672.34 1285.16 1280.38 1273.79 1672.34 0.0344276 84072.2 NA
1 1947 TIME 1 214666 202028 81397.8 8430.11  81397.8  97547.1 104481  41474.3 59575.2  1798.88 1733.09 1716.51 882.916 837.012 824.55 1716.51 0.0322772  0 0 0 0 0 0 0 0  647.442 581.993 516.309 496.436 394.56 291.003 516.309 0.0133792 81397.8 NA
1 1948 TIME 1 211623 198523 79776.1 8133.39  79776.1  95728.8 102794  40797.6 58686.3  1978.18 1905.27 1886.9 973.379 922.292 908.449 1886.9 0.0363438  0 0 0 0 0 0 0 0  1187.75 1066.91 945.646 916.291 727.563 535.833 945.646 0.0246417 79776.1 NA
1 1949 TIME 1 208171 195683 78138.8 9241.07  78138.8  94256 101427  40410.9 58112.5  2084.11 2006.19 1986.53 1031.27 976.364 961.336 1986.53 0.0389086  0 0 0 0 0 0 0 0  1235.8 1109.68 983.059 954.139 757.155 556.576 983.059 0.0262575 78138.8 NA
1 1950 TIME 1 205059 192187 76595.5 10081  76595.5  92427.1 99760.1  39662 57180.4  1704.25 1639.97 1623.74 846.616 801.198 788.672 1623.74 0.0320448  0 0 0 0 0 0 0 0  1289.94 1153.5 1016.48 1017.05 799.672 578.186 1016.48 0.0274285 76595.5 NA
1 1951 TIME 1 202939 189512 75366.8 9833.75  75366.8  91111.6 98400.1  39191.7 56477.3  2365.08 2275.59 2253 1176.52 1113.2 1095.77 2253 0.04502  0 0 0 0 0 0 0 0  2591.61 2302.29 2011.83 2094.39 1627.95 1153.42 2011.83 0.0550251 75366.8 NA
1 1952 TIME 1 199603 185189 73531.2 12292.9  73531.2  88836.1 96353  38219.5 55306  1551.53 1492.7 1477.81 772.87 731.188 719.442 1477.81 0.029763  0 0 0 0 0 0 0 0  1511.22 1337.59 1163.16 1235.13 958.48 676.092 1163.16 0.0316514 73531.2 NA
1 1953 TIME 1 199096 183489 72658 9740.28  72658  88076.8 95412.4  38084 54931  1013.7 974.98 965.208 506.063 478.499 470.926 965.208 0.0193243  0 0 0 0 0 0 0 0  917.282 804.644 691.617 778.924 594.1 406.512 691.617 0.0186506 72658 NA
1 1954 TIME 1 199998 183775 72562.4 11544.7  72562.4  88465.5 95309.1  38528 55112.9  1390.67 1336.93 1323.34 697.635 659.27 648.592 1323.34 0.025971  0 0 0 0 0 0 0 0  1319.81 1158.77 997.095 1103.1 850.534 593.436 997.095 0.0265268 72562.4 NA
1 1955 TIME 1 200861 183660 72539.4 17909.7  72539.4  88586.5 95073.7  38740.1 55122.7  1355.51 1302.58 1289.13 683.463 645.489 634.393 1289.13 0.0246872  0 0 0 0 0 0 0 0  1189.73 1044.45 898.317 1007.54 775.185 536.72 898.317 0.0233919 72539.4 NA
1 1956 TIME 1 204001 186119 72962.9 14912.8  72962.9  90085.8 96033.6  39855.4 56102.7  1021.65 981.151 970.893 517.953 488.648 480.35 970.893 0.0179971  0 0 0 0 0 0 0 0  3387.23 2912.08 2434.9 3113.77 2294.64 1460.94 2434.9 0.0645598 72962.9 NA
1 1957 TIME 1 206785 185470 73214.9 15735.1  73214.9  90043.5 95426.6  39711.2 55649.6  1682.83 1616.19 1599.31 853.395 805.363 791.723 1599.31 0.0286267  0 0 0 0 0 0 0 0  1344.33 1148.42 951.73 1234.82 915.988 591.589 951.73 0.0237632 73214.9 NA
1 1958 TIME 1 211813 186954 74003.2 14423  74003.2  90947 96007.2  40265 56149.4  804.039 772.169 764.107 407.653 384.631 378.179 764.107 0.013317  0 0 0 0 0 0 0 0  1076.72 922.655 768.055 983.438 736.196 485.108 768.055 0.0177255 74003.2 NA
1 1959 TIME 1 218398 195332 76205.1 21143.4  76205.1  95699.1 99633  43361.1 59185.6  1301.05 1247.97 1234.49 667.375 628.642 617.411 1234.49 0.0202014  0 0 0 0 0 0 0 0  1367.15 1176.26 984.388 1231.64 927.722 616.769 984.388 0.0227482 76205.1 NA
1 1960 TIME 1 226149 201417 78746.6 14240  78746.6  99166.6 102250  45101.2 60927.9  1766.99 1693.85 1675.39 911.662 858.165 843.486 1675.39 0.025267  0 0 0 0 0 0 0 0  1700 1446.35 1191.87 1609.14 1181.53 748.03 1191.87 0.0267967 78746.6 NA
1 1961 TIME 1 233028 207679 81279.2 15711.8  81279.2  102644 105034  46812.9 62749.3  1112.79 1067.04 1055.49 572.992 539.781 530.626 1055.49 0.0149677  0 0 0 0 0 0 0 0  1063.98 910.268 756.023 965.794 724.677 479.747 756.023 0.016335 81279.2 NA
1 1962 TIME 1 241012 213725 84605 21605.5  84605  106117 107609  48227.8 64176.4  1064.54 1021.19 1010.21 546.48 515.103 506.2 1010.21 0.0135176  0 0 0 0 0 0 0 0  2217.53 1917.77 1616.57 1971.65 1500.79 1019.54 1616.57 0.0327618 84605 NA
1 1963 TIME 1 249214 224918 88139.9 13503.5  88139.9  112351 112568  51775.7 67833  1000.23 959.288 948.973 513.873 484.126 476.105 948.973 0.0119309  0 0 0 0 0 0 0 0  1225.34 1047.63 869.384 1141.52 842.036 538.72 869.384 0.0182248 88139.9 NA
1 1964 TIME 1 257333 230920 91854.2 22161.9  91854.2  115820 115100  52773.4 68868.9  1062.58 1019.62 1008.75 544.021 513.108 504.424 1008.75 0.0119047  0 0 0 0 0 0 0 0  1431.83 1235.27 1037.79 1264.64 961.405 651.58 1037.79 0.0204301 91854.2 NA
1 1965 TIME 1 266341 237401 95449 15609.7  95449  119501 117900  54185.6 70357.8  957.582 919.504 909.904 486.602 459.244 451.812 909.904 0.010465  0 0 0 0 0 0 0 0  1420.83 1222.52 1023.56 1298.09 970.64 638.6 1023.56 0.019145 95449 NA
1 1966 TIME 1 274829 249075 99285.2 220342  99285.2  125953 123122  57696.2 74053.8  780.206 748.911 740.199 404.275 381.193 368.896 740.199 0.00818003  0 0 0 0 0 0 0 0  1572.61 1357.14 1132.49 1456.31 1112.16 701.613 1132.49 0.02152 99285.2 NA
1 1967 TIME 1 335666 253644 103099 10773.3  103099  128648 124996  58065.6 74450.3  2593.64 2486.66 2459.77 1333.45 1249.2 1227.1 2459.77 0.026276  0 0 0 0 0 0 0 0  4606.74 3213.78 1819.11 7391.98 4355.6 1308.13 1819.11 0.0297042 103099 NA
1 1968 TIME 1 390908 262983 105801 15509.4  105801  133502 129482  60813.4 77674  1497.91 1436.58 1421.13 767.11 721.592 709.371 1421.13 0.0149615  0 0 0 0 0 0 0 0  2532.45 1923.36 1313.86 2858.8 1984.37 1107.08 1313.86 0.0125985 105801 NA
1 1969 TIME 1 442934 268474 117917 10284.1  117917  136510 131963  61567 78637.2  3609.63 3450.79 3410.91 1896.57 1775.65 1744.17 3410.91 0.0335703  0 0 0 0 0 0 0 0  2881.07 2474.66 2067.98 2555.65 2054.58 1551.58 2067.98 0.0121051 117917 NA
1 1970 TIME 1 478308 459427 146379 14552.6  146379  238407 221019  135562 157006  1896.12 1792.03 1765.93 1097.99 1015.17 993.861 1765.93 0.0113836  0 0 0 0 0 0 0 0  3539.37 3190.15 2839.89 2721.07 2240.78 1753.02 2839.89 0.0349863 146379 NA
1 1971 TIME 1 500821 480207 176229 10793.7  176229  250735 229472  128554 150757  1499.83 1425.82 1407.28 838.043 782.799 768.76 1407.28 0.00579832  0 0 0 0 0 0 0 0  3009 2744.7 2479.75 2234.9 1848.12 1456.64 2479.75 0.0284994 176229 NA
1 1972 TIME 1 511625 493717 196299 11886.9  196299  258789 234927  123977 146831  3251.43 3116.05 3082.13 1695.29 1599.91 1575.53 3082.14 0.0125308  0 0 0 0 0 0 0 0  4210.5 3875.01 3538.53 2966.25 2483 1992.58 3538.53 0.0405888 196299 NA
1 1973 TIME 1 510472 491151 205308 18010.4  205308  257481 233670  117058 140618  1464.53 1410.22 1396.59 728.373 691.4 681.782 1396.59 0.00574921  0 0 0 0 0 0 0 0  5038.66 4657.97 4275.5 3481.47 2923.28 2352.37 4275.5 0.0483973 205308 NA
1 1974 TIME 1 505429 486834 208275 14144  208275  255225 231609  112554 136419  5352.77 5168.66 5122.47 2579.16 2455.98 2424.03 5122.47 0.0223847  0 0 0 0 0 0 0 0  4173.95 3826.62 3478.06 3002.46 2443.37 1875.53 3478.06 0.0406192 208275 NA
1 1975 TIME 1 494039 472486 204892 20931.8  204892  246602 225884  106058 130730  10779.1 10423.2 10333.7 5103.15 4866.82 4803.82 10333.7 0.0517233  0 0 0 0 0 0 0 0  4808.72 4388.37 3966.03 3466.32 2821.01 2161.4 3966.03 0.0467504 204892 NA
1 1976 TIME 1 476917 451149 195746 34095.8  195746  233075 218074  98755.8 124911  21382.4 20683.6 20506.8 10069.8 9602.32 9469.77 20506.8 0.126954  0 0 0 0 0 0 0 0  4832.84 4362.04 3888.01 3699.7 2935.82 2148.76 3888.01 0.0467683 195746 NA
1 1977 TIME 1 454316 424521 179811 13566.6  179811  214820 209700  91098.5 120143  5475.21 5290.09 5243.54 2602.88 2476.03 2442.35 5243.54 0.0399125  0 0 0 0 0 0 0 0  4661.44 4080.34 3497.85 4021.72 3004.49 1977.48 3497.85 0.0437762 179811 NA
1 1978 TIME 1 446967 410828 173568 8843.33  173568  206694 204133  87347 116583  8063.79 7780.03 7708.79 3889.06 3692.77 3641.52 7708.79 0.0681614  0 0 0 0 0 0 0 0  5919.43 5226.29 4532.11 4735.9 3711.44 2679.57 4532.11 0.0540687 173568 NA
1 1979 TIME 1 433933 400110 166961 58709.1  166961  199778 200332  85240.4 115074  17591.7 16939.8 16772 8683.61 8221.89 8070.56 16772 0.16906  0 0 0 0 0 0 0 0  8752.72 7939.41 7116.3 6455.89 5340.27 4153.79 7116.3 0.0858048 166961 NA
1 1980 TIME 1 419557 390342 155984 10638.4  155984  191913 198430  84167.9 115989  4777.67 4585.59 4537.32 2426.36 2285 2247.84 4537.32 0.0468473  0 0 0 0 0 0 0 0  6436.35 5472.6 4506.94 6373.88 4470.88 2554.82 4506.94 0.0631771 155984 NA
1 1981 TIME 1 418078 379433 152668 19929.8  152668  185901 193532  80435.8 112001  6163.44 5917.41 5855.33 3133.86 2957.55 2909.27 5855.33 0.058279  0 0 0 0 0 0 0 0  7590.71 6515.45 5437.39 6548.31 4970.67 3372.85 5437.39 0.0699494 152668 NA
1 1982 TIME 1 414289 362284 149051 12137.2  149051  176339 185945  74938.7 106309  8664.69 8331.69 8247.92 4337.48 4100.87 4037.92 8247.92 0.0862158  0 0 0 0 0 0 0 0  14102.1 12111.2 10117.7 11061.5 8532.92 5985.56 10117.7 0.099269 149051 NA
1 1983 TIME 1 399415 378975 144988 4137.94  144988  184402 194573  84061.8 116342  7500.94 7190.03 7112.16 3856.38 3629.31 3571.45 7112.16 0.072108  0 0 0 0 0 0 0 0  9700.38 8490.66 7280.22 7141.03 5680.87 4215.74 7280.22 0.071242 144988 NA
1 1984 TIME 1 384154 363082 142381 25175.5  142381  175493 187589  77416.3 109715  5654.59 5422.49 5363.84 2912.59 2746.39 2700.32 5363.84 0.0496011  0 0 0 0 0 0 0 0  10403.1 9311.62 8215.94 7005.7 5824.47 4612.97 8215.94 0.085317 142381 NA
1 1985 TIME 1 370974 353853 138846 23427.5  138846  170440 183413  74738.6 106804  6949.28 6679.27 6611.02 3503.45 3312.22 3258.95 6611.02 0.0643695  0 0 0 0 0 0 0 0  9325.05 8235.19 7141.24 7033.72 5482.5 3902.11 7141.24 0.0830286 138846 NA
1 1986 TIME 1 359298 337711 133034 15929.1  133034  161487 176224  69655.9 101499  6623 6374.39 6311.73 3292.58 3118.46 3071.21 6311.73 0.0644995  0 0 0 0 0 0 0 0  9000.47 7729.86 6456.36 7291.26 5439.4 3567.03 6456.36 0.0836271 133034 NA
1 1987 TIME 1 348846 315440 126423 3419.76  126423  149328 166112  62727.7 94078.7  6147.25 5926.9 5871.7 2997.36 2845.53 2806.75 5871.7 0.0659576  0 0 0 0 0 0 0 0  9124.29 7789.57 6454.05 7288.35 5494.76 3695.71 6454.05 0.085916 126423 NA
1 1988 TIME 1 335756 310605 121081 18219.9  121081  146549 164056  63404.8 94516  5308.34 5111.96 5062.31 2614.82 2477.04 2438.53 5062.31 0.0616793  0 0 0 0 0 0 0 0  7239.55 6344.34 5446.62 5177.23 4169.28 3143.25 5446.62 0.0703173 121081 NA
1 1989 TIME 1 325473 307837 117897 11615.7  117897  145073 162764  63811.5 94647.6  4638.98 4456.38 4410.42 2340.09 2209 2173.97 4410.42 0.053457  0 0 0 0 0 0 0 0  7449.45 6559.39 5667.45 5569.58 4385.05 3187.27 5667.45 0.0736575 117897 NA
1 1990 TIME 1 314813 300195 114731 33468.5  114731  141165 159029  61799.1 92162.4  3976.76 3820.4 3780.55 2013.6 1902.09 1868.61 3780.55 0.0462901  0 0 0 0 0 0 0 0  6764.32 5938.66 5108.3 5017.65 3942.01 2832.59 5108.3 0.0706676 114731 NA
1 1991 TIME 1 310687 283270 110981 1399.02  110981  132403 150867  56209 85793.9  4532.48 4361.93 4319.25 2251.72 2131.28 2100.88 4319.25 0.0562152  0 0 0 0 0 0 0 0  7128.97 6030.83 4932.1 6220.96 4497.82 2770.84 4932.1 0.0724764 110981 NA
1 1992 TIME 1 303048 277625 106863 7433.31  106863  129513 148113  55913.3 85044.2  4058.06 3906.6 3868.54 2007.18 1901.2 1873.25 3868.54 0.0538631  0 0 0 0 0 0 0 0  7438.13 6375.14 5311.01 5626.07 4364.21 3094.19 5311.01 0.077626 106863 NA
1 1993 TIME 1 293824 267656 103876 3850.08  103876  124439 143218  53493.6 81987.1  3306.01 3179.5 3147.79 1649.6 1560.15 1537.17 3147.79 0.0441939  0 0 0 0 0 0 0 0  6293.1 5551.2 4808.73 4477.7 3630.61 2779.37 4808.73 0.0678014 103876 NA
1 1994 TIME 1 283168 277423 102757 9836.95  102757  129991 147432  58737.3 86976.2  3906.87 3748.73 3708.95 1993.06 1879.22 1848.95 3708.95 0.0507309  0 0 0 0 0 0 0 0  4678.54 4219.47 3759.34 3090.44 2594.05 2089.98 3759.34 0.0544488 102757 NA
1 1995 TIME 1 272436 262596 100679 24339.5  100679  122366 140229  52920.6 80536.2  4219.37 4053.7 4011.64 2138.64 2021.68 1987.75 4011.64 0.0532342  0 0 0 0 0 0 0 0  4730.75 4264.66 3795.59 3238.27 2647.7 2035.7 3795.59 0.0614294 100679 NA
1 1996 TIME 1 265014 250938 96752.6 704.369  96752.6  116304 134634  49575.3 76660.2  4275.94 4119.83 4080.78 2101.69 1993.31 1966.05 4080.78 0.0601075  0 0 0 0 0 0 0 0  5714.51 4923.11 4131.29 4743.09 3483.08 2220.47 4131.29 0.0760394 96752.6 NA
1 1997 TIME 1 254933 235548 91619.2 541.295  91619.2  108249 127300  45254 71653.4  4771.42 4251.71 4121.76 2502.52 2170.23 2087 4121.76 0.0787018  0 0 0 0 0 0 0 0  5108.99 4421.69 3734.32 3731.8 2918.06 2103.72 3734.32 0.0717776 91619.2 NA
1 1998 TIME 1 243067 225432 87304.8 5894.78  87304.8  102941 122491  43262.8 69173.9  2565.7 2253.25 2175.02 1474.24 1250.08 1193.17 2175.02 0.0398851  0 0 0 0 0 0 0 0  2696.47 2419.95 2142.96 1757.34 1485.26 1209.89 2142.96 0.0398709 87304.8 NA
1 1999 TIME 1 234111 231783 85897 21514.7  85897  106701 125082  47147.5 72724.3  3960.19 3519.12 3408.12 2135.05 1851.53 1775.24 3408.12 0.0676321  0 0 0 0 0 0 0 0  3790.23 3454.94 3117.12 2470.14 2086.02 1683.65 3117.12 0.0596859 85897 NA
1 2000 TIME 1 226417 217407 82606.6 69677.3  82606.6  99275.2 118132  42123.8 67078  4034.38 3613.47 3505.46 2078.48 1823.65 1739.53 3505.46 0.0787747  0 0 0 0 0 0 0 0  3544.24 3083.88 2615.74 2952.17 2194.45 1380.68 2615.74 0.0564876 82606.6 NA
1 2001 TIME 1 235580 202295 78017.1 17570.6  78017.1  91385.9 110909  37667.3 61940.5  3479.57 3106.64 3012.75 1807.91 1567.61 1502.68 3012.75 0.0739387  0 0 0 0 0 0 0 0  4964.2 3765.23 2563.61 6073.43 3789.26 1486.77 2563.61 0.0581373 78017.1 NA
1 2002 TIME 1 247510 192151 74104 10865.1  74104  86212.9 105938  35604.8 59209.1  2594.92 2271.26 2190.07 1518.91 1277.74 1215.43 2190.07 0.0495941  0 0 0 0 0 0 0 0  2928.07 2242.67 1556.61 2991.82 2021.29 1046.07 1556.61 0.0276618 74104 NA
1 2003 TIME 1 260995 198234 75410.6 2277.3  75410.6  89769.5 108465  39474.3 62787.6  3649.17 3138.33 3010.56 2355.78 1933.4 1827.38 3010.56 0.0479231  0 0 0 0 0 0 0 0  2917.23 2565.55 2213.78 2057.94 1658.39 1258.24 2213.78 0.013906 75410.6 NA
1 2004 TIME 1 267813 248499 82490 7243.73  82490  116921 131578  59676.3 83815.7  3915.11 3405.83 3278.36 2409.75 2029.92 1933.86 3278.36 0.040923  0 0 0 0 0 0 0 0  2961.35 2686.24 2410.93 1879.31 1611.1 1341.47 2410.93 0.0138202 82490 NA
1 2005 TIME 1 269384 258167 90497 499.957  90497  122571 135595  59908 84181.8  4227.01 3725.14 3599.66 2423.07 2080.14 1994.32 3599.66 0.0395569  0 0 0 0 0 0 0 0  2828.73 2612.61 2396.47 1703.27 1493.23 1283 2396.47 0.0132041 90497 NA
1 2006 TIME 1 264799 259196 95212.3 2107.05  95212.3  123441 135756  57716 82008.2  3920.87 3488.52 3380.39 2108.39 1834.08 1765.21 3380.39 0.0363922  0 0 0 0 0 0 0 0  2908.55 2722.35 2536.1 1631.72 1471.42 1310.7 2536.1 0.0139932 95212.3 NA
1 2007 TIME 1 256132 249884 96184.2 768.183  96184.2  118713 131170  52733.2 76729.8  3014.33 2699.78 2621.13 1541.11 1352.67 1305.48 2621.13 0.0288203  0 0 0 0 0 0 0 0  2796.88 2641.46 2486.01 1505.3 1376.27 1247.07 2486.01 0.0140943 96184.2 NA
1 2008 TIME 1 245042 243353 94814 41725.6  94814  115482 127871  50246 73844.6  3197.47 2877.02 2796.21 1578.65 1394.58 1343.46 2796.21 0.0328715  0 0 0 0 0 0 0 0  3211.79 3051.92 2890.67 1676.9 1550.78 1414.62 2890.67 0.017233 94814 NA
1 2009 TIME 1 241872 229030 91041.9 2029.67  91041.9  108006 121024  45394.9 68419.5  4451.7 4001.6 3889.01 2199.58 1912.17 1839.85 3889.01 0.0524314  0 0 0 0 0 0 0 0  3669.82 3365.74 3061.45 2419.79 1952.88 1484.6 3061.45 0.0195662 91041.9 NA
1 2010 TIME 1 236498 213797 85111.8 16187.4  85111.8  99787.9 114009  41156.2 63726.8  4691.24 4182.3 4054.53 2425.83 2075.46 1983.97 4054.53 0.0646294  0 0 0 0 0 0 0 0  3102.44 2821.15 2539.32 1918.62 1598.3 1274.12 2539.32 0.0169742 85111.8 NA
1 2011 TIME 1 234090 197753 80351.5 6445.91  80351.5  91117.5 106636  36908.5 58977.1  4893.21 4515.62 4420.85 2572.41 2288.16 2214.42 4420.85 0.110451  0 0 0 0 0 0 0 0  1748.19 1738.35 1728.4 1071.15 1048.48 1025 1728.4 0.00821749 80351.5 NA
1 2012 TIME 1 231379 219764 79223 2759.31  79223  102666 117098  47609.5 70203.8  4135.89 3763.43 3670.22 2383.54 2100.26 2028.71 3670.22 0.0703132  0 0 0 0 0 0 0 0  1525.72 1520.17 1514.58 902.692 891.49 879.983 1514.58 0.00726203 79223 NA
1 2013 TIME 1 227296 210986 79605.1 34307.6  79605.1  98095.5 112891  43366.2 65761.1  2880.55 2644.86 2585.07 1591.47 1420.78 1371.73 2585.07 0.0495883  0 0 0 0 0 0 0 0  1408.68 1405.62 1402.13 797.969 792.302 783.547 1402.13 0.00685349 79605.1 NA
1 2014 TIME 1 230136 214890 80187.9 6708.58  80187.9  100435 114455  45089.6 67288.8  3250.43 2989.63 2924.26 1773.5 1585.58 1537.3 2924.26 0.0513771  0 0 0 0 0 0 0 0  1318.23 1305.27 1292.2 854.124 821.427 787.986 1292.2 0.00623882 80187.9 NA
1 2015 TIME 1 231760 210057 79676.1 18010.9  79676.1  98042 112015  43036.3 64960.6  3917.12 3627.85 3554.94 2051.88 1853.83 1799.95 3554.94 0.0646503  0 0 0 0 0 0 0 0  1484.82 1477.67 1470.29 919.578 905.334 889.401 1470.29 0.00699543 79676.1 NA
1 2016 TIME 1 234433 200261 78633.2 55594.5  78633.2  92845 107416  39599.7 61230.8  4248.59 3915.25 3829.86 2290.62 2045.43 1969.11 3829.86 0.0720526  0 0 0 0 0 0 0 0  1495.63 1486.14 1475.95 948.913 926.812 899.56 1475.95 0.0069366 78633.2 NA
1 2017 TIME 1 247736 218814 79326.7 10688.7  79326.7  102736 116078  47879 69836.4  4124.8 3769.76 3680.67 2328.23 2060.04 1990.61 3680.67 0.0591992  0 0 0 0 0 0 0 0  1721.82 1696 1669.97 1279.86 1215.26 1149.26 1669.97 0.00734728 79326.7 NA
1 2018 TIME 1 260117 214801 80687.2 8151.38  80687.2  100708 114094  45357.4 67232.5  4062.98 3731.74 3648.68 2231.41 1990.35 1928.27 3648.68 0.0593563  0 0 0 0 0 0 0 0  1498.61 1488.48 1478.26 1029.65 1009.58 988.793 1478.26 0.00608532 80687.2 NA
1 2019 TIME 1 270037 220274 83925.1 6274.11  83925.1  103691 116582  47271.9 69243.1  4174.85 3689.71 3568.27 2408.16 2093.74 2013.99 3568.27 0.0528954  0 0 0 0 0 0 0 0  1740.68 1683.1 1625.44 1111.61 1035.03 957.787 1625.44 0.00684878 83925.1 NA
1 2020 TIME 1 275029 261038 90756.5 12455.3  90756.5  125606 135432  62730.8 85542.7  3114.69 2751.1 2660.03 1827.07 1591.1 1530.81 2660.03 0.0301606  0 0 0 0 0 0 0 0  1160.33 1131.59 1102.72 696.824 660.461 623.29 1102.72 0.0045059 90756.5 NA
1 2021 FORE 1 278378 265655 97801.9 15207.7  97801.9  128524 137131  60995.6 83834.4  4902.05 4353.6 4216.15 2702.04 2371.22 2286  _ 0.0475423  0 0 0 0 0 0  _ 0  1836.94 1791.8 1746.44 1086.18 1021 954.233  _ 0.00710619 97801.9 1
1 2022 FORE 1 277953 262727 100591 15280.5  100591  127001 135726  57821 80819  4343.03 3870.27 3751.76 2284.73 2013.65 1943.52  _ 0.044525  0 0 0 0 0 0  _ 0  1664.4 1619.07 1573.52 988.907 919.188 848  _ 0.00645019 100591 1
1 2023 FORE 1 277683 256312 100927 15289  100927  123581 132731  54467.8 77422.5  8161.33 7282.81 7062.5 4191.03 3697.56 3569.22  _ 0.0937399  0.0291121 0.0291121 0.0291121 0.018587 0.018587 0.018587  _ 1.05468e-07  2952.81 2866.91 2780.64 1766.43 1633.8 1498.53  _ 0.0115562 100927 1
1 2024 FORE 1 272904 249474 97775.7 15207  97775.7  119282 130191  52326.5 75727.9  7289.2 6497.16 6298.48 3785.13 3331.38 3213.05  _ 0.0928809  0.0284053 0.0284053 0.0284053 0.018264 0.018264 0.018264  _ 1.04494e-07  2879.29 2792.48 2705.31 1735.18 1601.34 1464.89  _ 0.0114495 97775.7 1
1 2025 FORE 1 269318 245886 95181.6 15136.2  95181.6  116892 128994  51593.6 75302.2  6751.85 6008.38 5821.86 3581.65 3144.64 3030.56  _ 0.0920025  0.0278141 0.0278141 0.0278141 0.0179757 0.0179757 0.0179757  _ 1.03513e-07  2818.28 2731.82 2645 1707.56 1574.49 1438.85  _ 0.0113421 95181.6 1
1 2026 FORE 1 266607 243231 93297.4 15082.7  93297.4  115129 128102  51056.7 74981.7  6462.28 5744.5 5564.4 3481.58 3052.8 2940.84  _ 0.0911051  0.027301 0.027301 0.027301 0.0177069 0.0177069 0.0177069  _ 1.02526e-07  2765.72 2680.1 2594.13 1681.85 1550.21 1416.05  _ 0.011234 93297.4 1
1 2027 FORE 1 264458 241191 91907.9 15042.2  91907.9  113772 127419  50629 74722.4  6349.86 5641.7 5464.02 3448.29 3022.11 2910.86  _ 0.0902002  0.0268357 0.0268357 0.0268357 0.0174498 0.0174498 0.0174498  _ 1.01535e-07  2718.26 2633.66 2548.71 1657.21 1527.17 1394.64  _ 0.0111253 91907.9 1
1 2028 FORE 1 262630 239453 90801 15009.1  90801  112620 126833  50231.9 74466.6  6319.42 5613.96 5436.96 3440 3014.7 2903.72  _ 0.0892985  0.0263994 0.0263994 0.0263994 0.0172003 0.0172003 0.0172003  _ 1.00541e-07  2673.88 2590.32 2506.43 1633.27 1504.84 1373.94  _ 0.0110162 90801 1
1 2029 FORE 1 260998 237888 89851.4 14980.2  89851.4  111585 126304  49852.9 74210.1  6313.71 5609.09 5432.3 3436.46 3011.9 2901.16  _ 0.0885139  0.026015 0.026015 0.026015 0.0169782 0.0169782 0.0169782  _ 9.967e-08  2634.84 2552.22 2469.27 1611.94 1484.92 1355.46  _ 0.0109207 89851.4 1
1 2030 FORE 1 259503 236446 89000.8 14953.9  89000.8  110635 125811  49493.2 73957.1  6286.19 5584.98 5409.06 3419.07 2996.97 2886.9  _ 0.087622  0.025615 0.025615 0.025615 0.0167415 0.0167415 0.0167415  _ 9.86761e-08  2594.28 2512.69 2430.76 1589.27 1463.78 1335.88  _ 0.0108117 89000.8 1
1 2031 FORE 1 258147 235136 88238.8 14930  88238.8  109776 125359  49163.7 73717.4  6238.83 5543.13 5368.6 3391.67 2973.14 2864.01  _ 0.0867318  0.0252319 0.0252319 0.0252319 0.0165122 0.0165122 0.0165122  _ 9.76833e-08  2555.51 2474.92 2394 1567.34 1443.35 1316.99  _ 0.0107028 88238.8 1
1 2032 FORE 1 256935 233963 87563.9 14908.5  87563.9  109014 124949  48870.1 73496.1  6239.23 5543.57 5369.04 3391.41 2972.98 2863.89  _ 0.0867317  0.0251164 0.0251164 0.0251164 0.0164554 0.0164554 0.0164554  _ 9.76821e-08  2543.92 2463.5 2382.74 1561.82 1438.06 1311.92  _ 0.0107026 87563.9 1
