Area Yr Era Seas Bio_all Bio_smry SpawnBio Recruit_0  Spbio_GP:1 SmryBio_SX:1_GP:1 SmryBio_SX:2_GP:1 SmryNum_SX:1_GP:1 SmryNum_SX:2_GP:1 enc(B):_1 dead(B):_1 retain(B):_1 enc(N):_1 dead(N):_1 retain(N):_1 obs_cat:_1 Hrate:_1 enc(B):_2 dead(B):_2 retain(B):_2 enc(N):_2 dead(N):_2 retain(N):_2 obs_cat:_2 Hrate:_2 enc(B):_3 dead(B):_3 retain(B):_3 enc(N):_3 dead(N):_3 retain(N):_3 obs_cat:_3 Hrate:_3 SPB_vir_LH
1 1898 VIRG 1 88698.8 87584 1.28527e+010 13952.5  1.28527e+010  51217.3 36366.7  122850 122850 0 0 0 0 0 0 0 0  0 0 0 0 0 0 0 0  0 0 0 0 0 0 0 0  1.28527e+010
1 1899 INIT 1 88698.8 87584 1.28527e+010 13952.5  1.28527e+010  51217.3 36366.7  122850 122850  0 0 0 0 0 0 0 0  0 0 0 0 0 0 0 0  0 0 0 0 0 0 0 0 1.28527e+010
1 1900 TIME 1 88698.8 87584 1.28527e+010 13952.5  1.28527e+010  51217.3 36366.7  122850 122850  0 0 0 0 0 0 0 0  0 0 0 0 0 0 0 0  0 0 0 0 0 0 0 0 1.28527e+010
1 1901 TIME 1 88698.8 87584 1.28527e+010 13952.5  1.28527e+010  51217.3 36366.7  122850 122850  0 0 0 0 0 0 0 0  0 0 0 0 0 0 0 0  5 5 5 7.1938 7.1938 7.1938 5 0.000344183 1.28527e+010
1 1902 TIME 1 88695.5 87580.7 1.2852e+010 13952.3  1.2852e+010  51214.9 36365.8  122846 122848  1.78006 1.78006 1 4.15683 4.15683 1.909 1 2.5861e-005  0 0 0 0 0 0 0 0  10 10 10 14.3876 14.3876 14.3876 10 0.0006884 1.2852e+010
1 1903 TIME 1 88687.5 87572.7 1.28505e+010 13952  1.28505e+010  51209.3 36363.3  122835 122841  1.78007 1.78007 1 4.15693 4.15693 1.90901 1 2.58638e-005  0 0 0 0 0 0 0 0  15 15 15 21.5816 21.5816 21.5816 15 0.00103273 1.28505e+010
1 1904 TIME 1 88676.4 87561.6 1.28484e+010 13951.6  1.28484e+010  51201.6 36360  122820 122832  1.7801 1.7801 1 4.15707 4.15707 1.90903 1 2.58676e-005  0 0 0 0 0 0 0 0  20 20 20 28.7758 28.7758 28.7758 20 0.0013772 1.28484e+010
1 1905 TIME 1 88662.5 87547.7 1.28458e+010 13951.1  1.28458e+010  51191.8 36355.9  122802 122820  3.56026 3.56026 2 8.31453 8.31453 3.81812 2 5.17451e-005  0 0 0 0 0 0 0 0  24 24 24 34.5314 34.5314 34.5314 24 0.001653 1.28458e+010
1 1906 TIME 1 88644.8 87530.1 1.28424e+010 13950.4  1.28424e+010  51179.5 36350.5  122779 122806  3.56034 3.56034 2 8.31499 8.31499 3.81819 2 5.17575e-005  0 0 0 0 0 0 0 0  29 29 29 41.7261 41.7261 41.7261 29 0.00199793 1.28424e+010
1 1907 TIME 1 88624.5 87509.8 1.28386e+010 13949.7  1.28386e+010  51165.4 36344.4  122752 122789  3.56043 3.56043 2 8.31554 8.31554 3.81827 2 5.17719e-005  0 0 0 0 0 0 0 0  34 34 34 48.9212 48.9212 48.9212 34 0.00234314 1.28386e+010
1 1908 TIME 1 88601.7 87487.1 1.28342e+010 13948.8  1.28342e+010  51149.4 36337.6  122722 122770  5.34081 5.34081 3 12.4743 12.4743 5.72754 3 7.7682e-005  0 0 0 0 0 0 0 0  39 39 39 56.1168 56.1168 56.1168 39 0.0026887 1.28342e+010
1 1909 TIME 1 88574.8 87460.2 1.28291e+010 13947.8  1.28291e+010  51130.7 36329.5  122686 122747  5.341 5.341 3 12.4753 12.4753 5.72771 3 7.77105e-005  0 0 0 0 0 0 0 0  44 44 44 63.3129 63.3129 63.3129 44 0.00303469 1.28291e+010
1 1910 TIME 1 88545.6 87431.1 1.28236e+010 13946.7  1.28236e+010  51110.4 36320.7  122648 122723  5.34121 5.34121 3 12.4765 12.4765 5.72789 3 7.77416e-005  0 0 0 0 0 0 0 0  49 49 49 70.5096 70.5096 70.5096 49 0.0033811 1.28236e+010
1 1911 TIME 1 88514.1 87399.7 1.28177e+010 13945.6  1.28177e+010  51088.4 36311.3  122606 122697  5.34143 5.34143 3 12.4778 12.4778 5.72809 3 7.7775e-005  0 0 0 0 0 0 0 0  54 54 54 77.7069 77.7069 77.7069 54 0.00372798 1.28177e+010
1 1912 TIME 1 88480.6 87366.2 1.28113e+010 13944.3  1.28113e+010  51065 36301.2  122562 122669  7.12223 7.12223 4 16.639 16.639 7.63774 4 0.000103748  0 0 0 0 0 0 0 0  59 59 59 84.9048 84.9048 84.9048 59 0.00407536 1.28113e+010
1 1913 TIME 1 88443.3 87329 1.28042e+010 13942.9  1.28042e+010  51039.1 36289.9  122513 122637  7.12258 7.12258 4 16.641 16.641 7.63805 4 0.000103801  0 0 0 0 0 0 0 0  63 63 63 90.6645 90.6645 90.6645 63 0.00435424 1.28042e+010
1 1914 TIME 1 88404.7 87290.6 1.2797e+010 13941.5  1.2797e+010  51012.3 36278.3  122462 122605  7.12295 7.12295 4 16.6431 16.6431 7.63837 4 0.000103855  0 0 0 0 0 0 0 0  68 68 68 97.8639 97.8639 97.8639 68 0.00470272 1.2797e+010
1 1915 TIME 1 88364.3 87250.2 1.27893e+010 13940  1.27893e+010  50984.1 36266.1  122408 122571  8.90417 8.90417 5 20.8066 20.8066 9.5484 5 0.000129891  0 0 0 0 0 0 0 0  73 73 73 105.064 105.064 105.064 73 0.00505179 1.27893e+010
1 1916 TIME 1 88320.4 87206.4 1.2781e+010 13938.3  1.2781e+010  50953.7 36252.7  122350 122533  8.90468 8.90468 5 20.8096 20.8096 9.54886 5 0.000129969  0 0 0 0 0 0 0 0  78 78 78 112.265 112.265 112.265 78 0.0054016 1.2781e+010
1 1917 TIME 1 88274.7 87160.9 1.27724e+010 13936.6  1.27724e+010  50922 36238.9  122290 122494  12.4673 12.4673 7 29.1378 29.1378 13.3691 7 0.00018207  0 0 0 0 0 0 0 0  125 125 125 179.921 179.921 179.921 125 0.00866274 1.27724e+010
1 1918 TIME 1 88196.6 87083 1.27577e+010 13933.7  1.27577e+010  50867.6 36215.4  122186 122428  16.031 16.031 9 37.4723 37.4723 17.1903 9 0.00023434  0 0 0 0 0 0 0 0  123 123 123 177.056 177.056 177.056 123 0.00853469 1.27577e+010
1 1919 TIME 1 88119.3 87005.8 1.27431e+010 13930.8  1.27431e+010  50814 36191.8  122084 122362  10.6884 10.6884 6 24.9877 24.9877 11.4611 6 0.000156392  0 0 0 0 0 0 0 0  77 77 77 110.848 110.848 110.848 77 0.0053494 1.27431e+010
1 1920 TIME 1 88079.8 86966.5 1.27358e+010 13929.3  1.27358e+010  50787 36179.5  122032 122328  10.689 10.689 6 24.991 24.991 11.4616 6 0.000156477  0 0 0 0 0 0 0 0  82 82 82 118.051 118.051 118.051 82 0.00570047 1.27358e+010
1 1921 TIME 1 88038.4 86925.3 1.27281e+010 13927.8  1.27281e+010  50758.6 36166.7  121978 122291  8.90798 8.90798 5 20.8286 20.8286 9.55182 5 0.000130471  0 0 0 0 0 0 0 0  70 70 70 100.78 100.78 100.78 70 0.00486955 1.27281e+010
1 1922 TIME 1 88007.9 86895 1.27224e+010 13926.7  1.27224e+010  50737.8 36157.1  121939 122264  7.12668 7.12668 4 16.6646 16.6646 7.64174 4 0.000104421  0 0 0 0 0 0 0 0  66 66 66 95.0243 95.0243 95.0243 66 0.00459363 1.27224e+010
1 1923 TIME 1 87982.7 86869.8 1.27178e+010 13925.7  1.27178e+010  50720.7 36149.2  121905 122241  7.12693 7.12693 4 16.666 16.666 7.64199 4 0.000104457  0 0 0 0 0 0 0 0  84 84 84 120.944 120.944 120.944 84 0.00584893 1.27178e+010
1 1924 TIME 1 87946.5 86833.7 1.2711e+010 13924.4  1.2711e+010  50695.7 36138  121857 122208  3.56364 3.56364 2 8.33395 8.33395 3.82116 2 5.22542e-005  0 0 0 0 0 0 0 0  95 95 95 136.787 136.787 136.787 95 0.00661879 1.2711e+010
1 1925 TIME 1 87907.6 86794.9 1.27037e+010 13922.9  1.27037e+010  50668.5 36126.4  121805 122175  3.56383 3.56383 2 8.33504 8.33504 3.82134 2 5.22822e-005  0 0 0 0 0 0 0 0  107 107 107 154.072 154.072 154.072 107 0.00745965 1.27037e+010
1 1926 TIME 1 87862.2 86749.7 1.26951e+010 13921.2  1.26951e+010  50636.8 36112.9  121745 122137  10.6921 10.6921 6 25.0089 25.0089 11.4646 6 0.000156945  0 0 0 0 0 0 0 0  138 138 138 198.72 198.72 198.72 138 0.00962802 1.26951e+010
1 1927 TIME 1 87791.6 86679.2 1.26818e+010 13918.5  1.26818e+010  50587.7 36091.4  121651 122076  16.0396 16.0396 9 37.5218 37.5218 17.1982 9 0.000235645  0 0 0 0 0 0 0 0  112 112 112 161.291 161.291 161.291 112 0.00782285 1.26818e+010
1 1928 TIME 1 87735.5 86623.3 1.26715e+010 13916.4  1.26715e+010  50549.5 36073.7  121577 122025  23.1699 23.1699 13 54.2072 54.2072 24.8433 13 0.000340634  0 0 0 0 0 0 0 0  101 101 101 145.458 145.458 145.458 101 0.00706078 1.26715e+010
1 1929 TIME 1 87682 86569.9 1.26618e+010 13914.5  1.26618e+010  50513.7 36056.2  121506 121975  23.1713 23.1713 13 54.2152 54.2152 24.8445 13 0.000340879  0 0 0 0 0 0 0 0  97 97 97 139.704 139.704 139.704 97 0.00678677 1.26618e+010
1 1930 TIME 1 87632.7 86520.8 1.2653e+010 13912.7  1.2653e+010  50481 36039.8  121442 121928  28.5201 28.5201 16 66.7355 66.7355 30.5793 16 0.00041982  0 0 0 0 0 0 0 0  105 105 105 151.233 151.233 151.233 105 0.00735211 1.2653e+010
1 1931 TIME 1 87574.9 86463.1 1.26427e+010 13910.6  1.26427e+010  50442.5 36020.6  121367 121872  12.4783 12.4783 7 29.2014 29.2014 13.3791 7 0.000183814  0 0 0 0 0 0 0 0  139 139 139 200.214 200.214 200.214 139 0.00974143 1.26427e+010
1 1932 TIME 1 87511.3 86399.7 1.26308e+010 13908.2  1.26308e+010  50398.7 36001.1  121283 121817  19.6105 19.6105 11 45.8975 45.8975 21.0258 11 0.000289104  0 0 0 0 0 0 0 0  68 68 68 97.9528 97.9528 97.9528 68 0.00477049 1.26308e+010
1 1933 TIME 1 87490 86378.5 1.26272e+010 13907.5  1.26272e+010  50385.4 35993.1  121257 121793  21.3937 21.3937 12 50.0727 50.0727 22.9377 12 0.000315475  0 0 0 0 0 0 0 0  60 60 60 86.4306 86.4306 86.4306 60 0.00421069 1.26272e+010
1 1934 TIME 1 87472.8 86361.5 1.26245e+010 13907  1.26245e+010  50375.3 35986.2  121236 121772  30.3082 30.3082 17 70.9388 70.9388 32.4955 17 0.000447022  0 0 0 0 0 0 0 0  48 48 48 69.1455 69.1455 69.1455 48 0.00336944 1.26245e+010
1 1935 TIME 1 87455.6 86344.4 1.26221e+010 13906.5  1.26221e+010  50365.9 35978.5  121215 121748  37.4399 37.4399 21 87.6317 87.6317 40.1417 21 0.000552319  0 0 0 0 0 0 0 0  50 50 50 72.0271 72.0271 72.0271 50 0.00351065 1.26221e+010
1 1936 TIME 1 87430.9 86319.8 1.26184e+010 13905.7  1.26184e+010  50351.6 35968.1  121183 121716  42.7889 42.7889 24 100.153 100.153 45.8766 24 0.000631414  0 0 0 0 0 0 0 0  24 24 24 34.5734 34.5734 34.5734 24 0.00168567 1.26184e+010
1 1937 TIME 1 87418.7 86307.6 1.26173e+010 13905.5  1.26173e+010  50346.7 35961  121169 121692  41.0057 41.0057 23 95.9784 95.9784 43.9647 23 0.000605181  0 0 0 0 0 0 0 0  19 19 19 27.3705 27.3705 27.3705 19 0.00133465 1.26173e+010
1 1938 TIME 1 87411.5 86300.5 1.2617e+010 13905.4  1.2617e+010  50344.9 35955.5  121162 121674  44.5708 44.5708 25 104.321 104.321 47.7871 25 0.000657846  0 0 0 0 0 0 0 0  17 17 17 24.4892 24.4892 24.4892 17 0.00119421 1.2617e+010
1 1939 TIME 1 87402.2 86291.2 1.26163e+010 13905.3  1.26163e+010  50342 35949.2  121153 121654  42.7875 42.7875 24 100.146 100.146 45.875 24 0.000631588  0 0 0 0 0 0 0 0  26 26 26 37.4537 37.4537 37.4537 26 0.00182657 1.26163e+010
1 1940 TIME 1 87388.6 86277.6 1.26148e+010 13905  1.26148e+010  50335.7 35941.9  121138 121632  30.3077 30.3077 17 70.9361 70.9361 32.4945 17 0.000447444  0 0 0 0 0 0 0 0  30 30 30 43.2157 43.2157 43.2157 30 0.00210788 1.26148e+010
1 1941 TIME 1 87384.1 86273.1 1.26145e+010 13904.9  1.26145e+010  50334.7 35938.4  121135 121622  26.742 26.742 15 62.5903 62.5903 28.6714 15 0.000394822  0 0 0 0 0 0 0 0  33 33 33 47.5371 47.5371 47.5371 33 0.00231875 1.26145e+010
1 1942 TIME 1 87381 86270 1.26144e+010 13904.9  1.26144e+010  50334.3 35935.7  121134 121614  12.4796 12.4796 7 29.2087 29.2087 13.3799 7 0.000184257  0 0 0 0 0 0 0 0  15 15 15 21.6077 21.6077 21.6077 15 0.00105401 1.26144e+010
1 1943 TIME 1 87402.8 86291.9 1.26187e+010 13905.8  1.26187e+010  50350.4 35941.4  121167 121632  71.3103 71.3103 40 166.897 166.897 76.4552 40 0.00105259  0 0 0 0 0 0 0 0  9 9 9 12.9644 12.9644 12.9644 9 0.000632198 1.26187e+010
1 1944 TIME 1 87373.9 86262.9 1.26149e+010 13905  1.26149e+010  50335.3 35927.6  121131 121589  126.576 126.576 71 296.242 296.242 135.707 71 0.00186897  0 0 0 0 0 0 0 0  1 1 1 1.44048 1.44048 1.44048 1 7.02664e-005 1.26149e+010
1 1945 TIME 1 87299.8 86188.9 1.26039e+010 13902.8  1.26039e+010  50292.5 35896.4  121037 121494  235.329 235.329 132 550.797 550.797 252.301 132 0.00347785  0 0 0 0 0 0 0 0  1 1 1 1.4405 1.4405 1.4405 1 7.03294e-005 1.26039e+010
1 1946 TIME 1 87127.3 86016.5 1.25767e+010 13897.3  1.25767e+010  50188.5 35827.9  120815 121289  169.379 169.379 95 396.497 396.497 181.587 95 0.00250839  0 0 0 0 0 0 0 0  5 5 5 7.20289 7.20289 7.20289 5 0.00035242 1.25767e+010
1 1947 TIME 1 87016.9 85906.2 1.25593e+010 13893.7  1.25593e+010  50122.7 35783.5  120680 121160  106.983 106.983 60 250.464 250.464 114.69 60 0.00158648  0 0 0 0 0 0 0 0  7 7 7 10.0844 10.0844 10.0844 7 0.000494102 1.25593e+010
1 1948 TIME 1 86965.5 85855 1.25513e+010 13892.1  1.25513e+010  50093.3 35761.7  120624 121102  106.988 106.988 60 250.494 250.494 114.692 60 0.00158757  0 0 0 0 0 0 0 0  19 19 19 27.3725 27.3725 27.3725 19 0.00134209 1.25513e+010
1 1949 TIME 1 86908 85797.9 1.2542e+010 13890.2  1.2542e+010  50059.3 35738.6  120560 121039  80.2462 80.2462 45 187.899 187.899 86.0216 45 0.0011916  0 0 0 0 0 0 0 0  23 23 23 33.1361 33.1361 33.1361 23 0.001626 1.2542e+010
1 1950 TIME 1 86874.5 85764.5 1.25366e+010 13889.1  1.25366e+010  50039.8 35724.7  120526 121004  156.935 156.935 88 367.493 367.493 168.225 88 0.00233137  0 0 0 0 0 0 0 0  24 24 24 34.5776 34.5776 34.5776 24 0.00169762 1.25366e+010
1 1951 TIME 1 86771.2 85661.5 1.25198e+010 13885.6  1.25198e+010  49977 35684.5  120398 120888  221.155 221.155 124 517.947 517.947 237.058 124 0.00328958  0 0 0 0 0 0 0 0  24 24 24 34.5795 34.5795 34.5795 24 0.00170011 1.25198e+010
1 1952 TIME 1 86612 85502.4 1.2494e+010 13880.3  1.2494e+010  49879.3 35623.1  120197 120708  239.02 239.02 134 559.893 559.893 256.195 134 0.00356225  0 0 0 0 0 0 0 0  15 15 15 21.6139 21.6139 21.6139 15 0.00106493 1.2494e+010
1 1953 TIME 1 86446.6 85337.3 1.24672e+010 13874.8  1.24672e+010  49778.4 35558.9  119991 120521  510.212 510.212 286 1195.39 1195.39 546.846 286 0.00761947  0 0 0 0 0 0 0 0  36 36 36 51.8775 51.8775 51.8775 36 0.00256174 1.24672e+010
1 1954 TIME 1 86022.8 84914 1.2398e+010 13860.4  1.2398e+010  49516 35398  119445 120045  772.674 772.674 433 1811.18 1811.18 828.062 433 0.0115992  0 0 0 0 0 0 0 0  25 25 25 36.0333 36.0333 36.0333 25 0.00178932 1.2398e+010
1 1955 TIME 1 85376 84268 1.22926e+010 13838.3  1.22926e+010  49116.1 35151.9  118613 119316  560.563 560.563 314 1314.92 1314.92 600.642 314 0.00848252  0 0 0 0 0 0 0 0  26 26 26 37.4859 37.4859 37.4859 26 0.00187742 1.22926e+010
1 1956 TIME 1 84940.3 83833.1 1.22208e+010 13823.1  1.22208e+010  48847.1 34986  118072 118840  857.225 857.225 480 2011.98 2011.98 918.38 480 0.0130428  0 0 0 0 0 0 0 0  34 34 34 49.0315 49.0315 49.0315 34 0.00247044 1.22208e+010
1 1957 TIME 1 84239.4 83133.7 1.21058e+010 13798.4  1.21058e+010  48413.7 34720  117187 118066  737.975 737.975 413 1733.61 1733.61 790.45 413 0.0113278  0 0 0 0 0 0 0 0  27 27 27 38.9509 38.9509 38.9509 27 0.00198142 1.21058e+010
1 1958 TIME 1 83672 82567.9 1.20122e+010 13777.9  1.20122e+010  48063.5 34504.4  116487 117450  600.701 600.701 336 1412.27 1412.27 643.282 336 0.00928771  0 0 0 0 0 0 0 0  11 11 11 15.8741 15.8741 15.8741 11 0.000814018 1.20122e+010
1 1959 TIME 1 83258.1 82155.3 1.19436e+010 13762.8  1.19436e+010  47809.3 34346  115991 117006  888.949 888.949 497 2091.35 2091.35 951.794 497 0.0138183  0 0 0 0 0 0 0 0  12 12 12 17.3219 17.3219 17.3219 12 0.000893716 1.19436e+010
1 1960 TIME 1 82592.5 81490.9 1.18344e+010 15341  1.18344e+010  47399.3 34091.6  115162 116271  1213.45 1213.45 678 2857.45 2857.45 1298.93 678 0.0190253  0 0 0 0 0 0 0 0  11 11 11 15.8846 15.8846 15.8846 11 0.000827447 1.18344e+010
1 1961 TIME 1 81656.6 80547.8 1.16801e+010 12580.6  1.16801e+010  46817.1 33730.7  113965 115212  990.551 990.551 553 2336.19 2336.19 1059.99 553 0.015722  0 0 0 0 0 0 0 0  12 12 12 17.347 17.347 17.347 12 0.000915425 1.16801e+010
1 1962 TIME 1 80964.7 79834.4 1.15625e+010 10288.8  1.15625e+010  46377.1 33457.2  113083 114427  745.741 745.741 416 1760.94 1760.94 797.767 416 0.0119482  0 0 0 0 0 0 0 0  9 9 9 13.0111 13.0111 13.0111 9 0.000694264 1.15625e+010
1 1963 TIME 1 80484.8 79369.8 1.1485e+010 8599.68  1.1485e+010  46091.3 33278.5  112537 113933  624.27 624.27 348 1474.66 1474.66 667.644 348 0.0100645  0 0 0 0 0 0 0 0  14 14 14 20.2246 20.2246 20.2246 14 0.00108849 1.1485e+010
1 1964 TIME 1 80054.2 79139.2 1.14287e+010 7438.21  1.14287e+010  45942.9 33196.3  112811 114241  394.863 394.863 220 932.05 932.05 422.245 220 0.00639602  0 0 0 0 0 0 0 0  14 14 14 20.1991 20.1991 20.1991 14 0.00109529 1.14287e+010
1 1965 TIME 1 79737 78980.6 1.14097e+010 6696.97  1.14097e+010  45849.6 33131  112216 113643  542.062 542.062 302 1276.53 1276.53 579.826 302 0.00879852  0 0 0 0 0 0 0 0  17 17 17 24.488 24.488 24.488 17 0.00133415 1.14097e+010
1 1966 TIME 1 79151.4 78509.1 1.13691e+010 6273.1  1.13691e+010  45574.5 32934.6  110524 111971  561.452 561.452 313 1317.33 1317.33 601.138 313 0.0091537  4664 4664 4664 10943.1 10943.1 10943.1 4664 0.0760401  18 18 18 25.8855 25.8855 25.8855 18 0.00141968 1.13691e+010
1 1967 TIME 1 74114.5 73550.8 1.06297e+010 6039.71  1.06297e+010  42539.8 31011  102527 104690  482.937 482.937 269 1132.18 1132.18 517.495 269 0.00839766  5025 5025 5025 11780.4 11780.4 11780.4 5025 0.0873784  19 19 19 27.3246 27.3246 27.3246 19 0.0016053 1.06297e+010
1 1968 TIME 1 68768.7 68252.9 9.8481e+009 5935.94  9.8481e+009  39314.2 28938.7  94096.5 96931.7  328.576 328.576 183 769.333 769.333 352.612 183 0.00614795  2778 2778 2778 6504.45 6504.45 6504.45 2778 0.0519789  14 14 14 20.1416 20.1416 20.1416 14 0.00127804 9.8481e+009
1 1969 TIME 1 65604.4 65114 9.41498e+009 5866.37  9.41498e+009  37429.5 27684.5  88678 91784.4  171.984 171.984 96 401.103 401.103 185.028 96 0.00336291  141 141 141 328.842 328.842 328.842 141 0.00275706  6 6 6 8.62956 8.62956 8.62956 6 0.000572527 9.41498e+009
1 1970 TIME 1 64951 64473.1 9.37816e+009 5710.46  9.37816e+009  37080.6 27392.6  86713.5 89715.3  183.674 183.674 103 425.486 425.486 198.24 103 0.00361134  87 87 87 201.538 201.538 201.538 87 0.00171057  7 7 7 10.0552 10.0552 10.0552 7 0.000668399 9.37816e+009
1 1971 TIME 1 64231.4 63760.9 9.32559e+009 5364.65  9.32559e+009  36691.5 27069.4  84809.2 87705.7  156.125 156.125 88 359.241 359.241 169.015 88 0.00309095  63 63 63 144.962 144.962 144.962 63 0.00124727  8 8 8 11.4771 11.4771 11.4771 8 0.000763788 9.32559e+009
1 1972 TIME 1 63464.2 63003.6 9.25922e+009 4855.41  9.25922e+009  36277.1 26726.5  83017.3 85807.5  201.202 201.202 114 459.962 459.962 218.378 114 0.00401596  86 86 86 196.602 196.602 196.602 86 0.00171655  11 11 11 15.7584 15.7584 15.7584 11 0.00104937 9.25922e+009
1 1973 TIME 1 62545.6 62105.1 9.16308e+009 4285.85  9.16308e+009  35777.4 26327.7  81200.2 83898.2  361.78 361.78 206 822.029 822.029 393.465 206 0.00730183  297 297 297 674.837 674.837 674.837 297 0.00599436  18 18 18 25.744 25.744 25.744 18 0.00171863 9.16308e+009
1 1974 TIME 1 61201.4 60794.5 8.99455e+009 3780.96  8.99455e+009  35025.9 25768.6  78966.6 81624.2  269.273 269.273 154 608.508 608.508 293.292 154 0.00553748  108 108 108 244.06 244.06 244.06 108 0.00222097  44 44 44 62.8179 62.8179 62.8179 44 0.00423486 8.99455e+009
1 1975 TIME 1 60031.8 59666.9 8.85209e+009 3467.09  8.85209e+009  34386 25281  77001.8 79595.1  290.822 290.822 167 653.66 653.66 317.123 167 0.00607912  159 159 159 357.373 357.373 357.373 159 0.00332362  36 36 36 51.2907 51.2907 51.2907 36 0.0034827 8.85209e+009
1 1976 TIME 1 58732.3 58409.2 8.68891e+009 3468.77  8.68891e+009  33668.5 24740.7  74844.9 77382.6  324.453 324.453 187 725.454 725.454 354.123 187 0.00691223  105 105 105 234.772 234.772 234.772 105 0.00223694  42 42 42 59.7122 59.7122 59.7122 42 0.00409541 8.68891e+009
1 1977 TIME 1 57388.5 57096.8 8.5186e+009 4032.06  8.5186e+009  32919 24177.9  72575.2 75059.1  425.348 425.348 246 946.226 946.226 464.648 246 0.00924757  0 0 0 0 0 0 0 0  37 37 37 52.497 52.497 52.497 37 0.00364238 8.5186e+009
1 1978 TIME 1 56007.7 55725.7 8.3406e+009 6100.87  8.3406e+009  32135.3 23590.4  70215.2 72645.4  515.263 515.263 299 1140.82 1140.82 563.38 299 0.0114482  0 0 0 0 0 0 0 0  58 58 58 82.1562 82.1562 82.1562 58 0.00577466 8.3406e+009
1 1979 TIME 1 54519.8 54206.6 8.13767e+009 11062.9  8.13767e+009  31260.5 22946.1  67718.8 70115  431.179 431.179 251 951.205 951.205 471.857 251 0.00982233  0 0 0 0 0 0 0 0  72 72 72 101.929 101.929 101.929 72 0.0072781 8.13767e+009
1 1980 TIME 1 53156.7 52733.3 7.93756e+009 5109.46  7.93756e+009  30412.3 22321  65425.9 67784  647.494 647.494 378 1426.98 1426.98 709.021 378 0.0151225  0 0 0 0 0 0 0 0  22 22 22 31.1988 31.1988 31.1988 22 0.00225893 7.93756e+009
1 1981 TIME 1 51731.6 51120.6 7.70446e+009 5702.28  7.70446e+009  29478.3 21642.3  63274.1 65603.4  815.401 815.401 477 1797.89 1797.89 892.821 477 0.0196049  0 0 0 0 0 0 0 0  84 84 84 119.019 119.019 119.019 84 0.00880584 7.70446e+009
1 1982 TIME 1 50159.4 49471.4 7.43591e+009 6248  7.43591e+009  28507.8 20963.6  61834.7 64175.8  603.034 603.034 353 1332.89 1332.89 659.539 353 0.0149918  0 0 0 0 0 0 0 0  66 66 66 93.4829 93.4829 93.4829 66 0.00710742 7.43591e+009
1 1983 TIME 1 48877.5 48445.3 7.20861e+009 7602.79  7.20861e+009  27896.4 20548.9  62755.7 65077.3  1085.73 1085.73 635 2408.56 2408.56 1184.76 635 0.0277836  0 0 0 0 0 0 0 0  63 63 63 89.2272 89.2272 89.2272 63 0.00695019 7.20861e+009
1 1984 TIME 1 47239.4 46757 6.92223e+009 6867.98  6.92223e+009  26896.6 19860.5  60636.1 62991.4  1417.9 1417.9 827 3162.75 3162.75 1542.36 827 0.0376836  0 0 0 0 0 0 0 0  59 59 59 83.6399 83.6399 83.6399 59 0.00674748 6.92223e+009
1 1985 TIME 1 45405.8 44868.2 6.60698e+009 5922.88  6.60698e+009  25771 19097.1  58480.2 60900.9  1571.91 1571.91 913 3529.82 3529.82 1704.1 913 0.0436593  0 0 0 0 0 0 0 0  111 111 111 157.498 157.498 157.498 111 0.0132843 6.60698e+009
1 1986 TIME 1 43496.8 42919.4 6.28219e+009 11561.2  6.28219e+009  24603 18316.4  56420.2 58933.4  944.824 944.824 546 2137.35 2137.35 1021.08 546 0.0275266  0 0 0 0 0 0 0 0  189 189 189 268.386 268.386 268.386 189 0.0238385 6.28219e+009
1 1987 TIME 1 42233.7 41678.3 6.05871e+009 10300.9  6.05871e+009  23856.1 17822.2  55653.9 58210.3  502.648 502.648 289 1146.89 1146.89 541.799 289 0.0151541  0 0 0 0 0 0 0 0  173 173 173 246.648 246.648 246.648 173 0.022738 6.05871e+009
1 1988 TIME 1 41555.6 40905.1 5.91707e+009 6824.2  5.91707e+009  23396.4 17508.7  55141.8 57686.7  737.665 737.665 422 1698.59 1698.59 793.234 422 0.0227374  0 0 0 0 0 0 0 0  138 138 138 197.383 197.383 197.383 138 0.0187047 5.91707e+009
1 1989 TIME 1 40798.3 39941.7 5.75744e+009 9356.46  5.75744e+009  22825.7 17116  54022.8 56568.7  666.268 666.268 379 1548.88 1548.88 714.54 379 0.0210579  0 0 0 0 0 0 0 0  75 75 75 107.439 107.439 107.439 75 0.0105378 5.75744e+009
1 1990 TIME 1 40235 39513.8 5.63142e+009 5215.14  5.63142e+009  22563.3 16950.5  55405 57924.1  771.258 771.258 436 1810.81 1810.81 824.578 436 0.0248664  0 0 0 0 0 0 0 0  115 115 115 165.263 165.263 165.263 115 0.0166879 5.63142e+009
1 1991 TIME 1 39635.6 39036.9 5.50198e+009 3650.78  5.50198e+009  22269.2 16767.7  56035.1 58553.1  1003.06 1003.06 563 2375.93 2375.93 1068.63 563 0.0330167  0 0 0 0 0 0 0 0  132 132 132 189.85 189.85 189.85 132 0.0198395 5.50198e+009
1 1992 TIME 1 38819.9 38222.1 5.3565e+009 6716.22  5.3565e+009  21779.6 16442.6  54904.7 57450.8  592.472 592.472 330 1413.02 1413.02 629.09 330 0.0199863  0 0 0 0 0 0 0 0  96 96 96 169.98 169.98 169.98 96 0.00680121 5.3565e+009
1 1993 TIME 1 38396 38006.5 5.294e+009 14122.7  5.294e+009  21648.8 16357.7  55367.5 57882.4  908.789 908.789 503 2175.99 2175.99 963.113 503 0.0310252  0 0 0 0 0 0 0 0  61 61 61 108.442 108.442 108.442 61 0.0044144 5.294e+009
1 1994 TIME 1 37768.5 37319.5 5.20311e+009 18675  5.20311e+009  21247.8 16071.6  53754.6 56263.3  842.565 842.565 464 2028.46 2028.46 892.517 464 0.0292865  0 0 0 0 0 0 0 0  19 19 19 33.9847 33.9847 33.9847 19 0.00141185 5.20311e+009
1 1995 TIME 1 37407.6 36597.8 5.13284e+009 6963.55  5.13284e+009  20835.4 15762.5  51696 54179.8  730.605 730.605 401 1774.22 1774.22 774.382 401 0.0257606  0 0 0 0 0 0 0 0  41 41 41 73.8319 73.8319 73.8319 41 0.00311148 5.13284e+009
1 1996 TIME 1 37311.6 36109.3 5.07382e+009 20173.8  5.07382e+009  20554.6 15554.7  51108.2 53563  858.724 858.724 470 2103.22 2103.22 910.321 470 0.0305977  0 0 0 0 0 0 0 0  7 7 7 12.6413 12.6413 12.6413 7 0.000540015 5.07382e+009
1 1997 TIME 1 37226.2 36042.6 5.00048e+009 5713.32  5.00048e+009  20504 15538.6  53466 55898.1  1038.55 1038.55 566 2579.58 2579.58 1098.62 566 0.0374074  0 0 0 0 0 0 0 0  8 8 8 14.5305 14.5305 14.5305 8 0.000627978 5.00048e+009
1 1998 TIME 1 37197.8 36294.2 4.91298e+009 23422.7  4.91298e+009  20624.6 15669.6  57339 59771.2  2730.58 2730.58 1477 6872.64 6872.64 2873.29 1477 0.0995622  0 0 0 0 0 0 0 0  49 49 49 89.1589 89.1589 89.1589 49 0.00392923 4.91298e+009
1 1999 TIME 1 35696.7 34430.5 4.60178e+009 61318.7  4.60178e+009  19498.1 14932.5  54030.4 56656.3  498.735 498.735 266 1285.27 1285.27 519.998 266 0.0192271  0 0 0 0 0 0 0 0  1 1 1 1.83705 1.83705 1.83705 1 8.61486e-005 4.60178e+009
1 2000 TIME 1 36871.4 35566.4 4.65128e+009 35503.6  4.65128e+009  20144 15422.4  59110.4 61668.4  239.426 239.426 126 637.951 637.951 247.48 126 0.00910478  0 0 0 0 0 0 0 0  6 6 6 11.2242 11.2242 11.2242 6 0.000517425 4.65128e+009
1 2001 TIME 1 39177.2 36216.8 4.76294e+009 44958.2  4.76294e+009  20540.1 15676.7  58370.8 60836.6  208.605 208.605 108 576.618 576.618 213.383 108 0.00770714  0 0 0 0 0 0 0 0  2 2 2 3.77859 3.77859 3.77859 2 0.000170703 4.76294e+009
1 2002 TIME 1 42119 38024.4 4.90944e+009 35903.3  4.90944e+009  21578.9 16445.5  65011.1 67386.1  122.366 122.366 62 352.674 352.674 123.354 62 0.00434191  0 0 0 0 0 0 0 0  3 3 3 5.73832 5.73832 5.73832 3 0.000252027 4.90944e+009
1 2003 TIME 1 45875 42794.3 5.12493e+009 22387.9  5.12493e+009  24268.5 18525.8  87071.1 89352  318.869 318.869 157 954.577 954.577 315.04 157 0.0107009  0 0 0 0 0 0 0 0  1 1 1 1.93208 1.93208 1.93208 1 8.2056e-005 5.12493e+009
1 2004 TIME 1 49911.2 46721.6 5.40364e+009 21043.4  5.40364e+009  26510.3 20211.3  97163.5 99382.2  382.714 382.714 182 1176.54 1176.54 369.565 182 0.0120391  0 0 0 0 0 0 0 0  0 0 0 0 0 0 0 0 5.40364e+009
1 2005 TIME 1 54090.2 51675.9 5.80689e+009 39992.1  5.80689e+009  29335.5 22340.4  110559 112732  208.898 208.898 96 650.152 650.152 198.037 96 0.006099  0 0 0 0 0 0 0 0  1 1 1 1.96999 1.96999 1.96999 1 7.74271e-005 5.80689e+009
1 2006 TIME 1 58608.4 56723.7 6.36483e+009 52273  6.36483e+009  32242 24481.7  119846 121952  609.198 609.198 273 1900.26 1900.26 573.115 273 0.0163409  0 0 0 0 0 0 0 0  1 1 1 2.00209 2.00209 2.00209 1 7.37455e-005 6.36483e+009
1 2007 TIME 1 63144.9 60728.9 6.97191e+009 78202.6  6.97191e+009  34568.3 26160.6  122499 124610  153.757 153.757 68 479.009 479.009 145.071 68 0.0038068  0 0 0 0 0 0 0 0  0 0 0 0 0 0 0 0 6.97191e+009
1 2008 TIME 1 68677.7 64922.5 7.68983e+009 12440.4  7.68983e+009  37027.4 27895.1  125191 127229  149.296 149.296 66 465.355 465.355 142.308 66 0.00338652  0 0 0 0 0 0 0 0  0 0 0 0 0 0 0 0 7.68983e+009
1 2009 FORE 1 74771.5 70196.1 8.42552e+009 12740.5  8.42552e+009  40086.8 30109.3  135582 137552  2124.9 2124.9 945.184 6576.93 6576.93 2047.44  _ 0.0442264  0 0 0 0 0 0  _ 0  0 0 0 0 0 0  _ 0 8.42552e+009
1 2010 FORE 1 78692.8 74657.3 8.91078e+009 12917.9  8.91078e+009  42604.7 32052.7  147502 149757  2251.29 2251.29 1006.19 6909.8 6909.8 2182.64  _ 0.0442264  0 0 0 0 0 0  _ 0  0 0 0 0 0 0  _ 0 8.91078e+009
1 2011 FORE 1 82141.6 81139.1 9.41937e+009 13088.8  9.41937e+009  46245.1 34894  169206 171763  2380.51 2380.51 1068.65 7201.3 7201.3 2316.54  _ 0.0442264  0 0 0 0 0 0  _ 0  0 0 0 0 0 0  _ 0 9.41937e+009
1 2012 FORE 1 84943 83920.8 9.96419e+009 13256.8  9.96419e+009  47856.7 36064.1  162686 165544  2506.95 2506.95 1132.57 7428.4 7428.4 2453.03  _ 0.0442264  0 0 0 0 0 0  _ 0  0 0 0 0 0 0  _ 0 9.96419e+009
1 2013 FORE 1 87006.1 85970 1.05305e+010 13416.8  1.05305e+010  49051.7 36918.4  156478 159635  2622.79 2622.79 1199.22 7578.12 7578.12 2594.38  _ 0.0442264  0 0 0 0 0 0  _ 0  0 0 0 0 0 0  _ 0 1.05305e+010
1 2014 FORE 1 88317.4 87267.8 1.10451e+010 13551  1.10451e+010  49814.6 37453.2  150559 154006  2720.52 2720.52 1267.87 7648.95 7648.95 2734.34  _ 0.0442264  0 0 0 0 0 0  _ 0  0 0 0 0 0 0  _ 0 1.10451e+010
1 2015 FORE 1 88920.6 87858.1 1.14445e+010 13648.4  1.14445e+010  50167.3 37690.8  144953 148677  2794.94 2794.94 1334.45 7648.24 7648.24 2859.67  _ 0.0442264  0 0 0 0 0 0  _ 0  0 0 0 0 0 0  _ 0 1.14445e+010
1 2016 FORE 1 88896.4 87822.3 1.1704e+010 13708.9  1.1704e+010  50154.7 37667.6  139683 143663  2843.86 2843.86 1393.33 7588.33 7588.33 2957.78  _ 0.0442264  0 0 0 0 0 0  _ 0  0 0 0 0 0 0  _ 0 1.1704e+010
1 2017 FORE 1 88343.7 87260.4 1.18299e+010 13737.4  1.18299e+010  49833.4 37427.1  134761 138974  2867.87 2867.87 1439.94 7483.08 7483.08 3022.09  _ 0.0442264  0 0 0 0 0 0  _ 0  0 0 0 0 0 0  _ 0 1.18299e+010
1 2018 FORE 1 87366.1 86276.6 1.18424e+010 13740.3  1.18424e+010  49263.5 37013.1  130184 134604  2869.47 2869.47 1472.04 7345.64 7345.64 3052.43  _ 0.0442264  0 0 0 0 0 0  _ 0  0 0 0 0 0 0  _ 0 1.18424e+010
1 2019 FORE 1 86062.7 84969.6 1.1765e+010 13722.8  1.1765e+010  48502.5 36467.1  125938 130537  2852.2 2852.2 1489.54 7187.24 7187.24 3052.84  _ 0.0442264  0 0 0 0 0 0  _ 0  0 0 0 0 0 0  _ 0 1.1765e+010
1 2020 FORE 1 84522 83427.7 1.162e+010 13689.6  1.162e+010  47602.2 35825.5  122002 126753  2819.91 2819.91 1493.84 7016.85 7016.85 3029.16  _ 0.0442264  0 0 0 0 0 0  _ 0  0 0 0 0 0 0  _ 0 1.162e+010
