Area Yr Era Seas Bio_all Bio_smry SpawnBio Recruit_0  SpawnBio_GP:1 SmryBio_SX:1_GP:1 SmryNum_SX:1_GP:1 sel(B):_1 dead(B):_1 retain(B):_1 sel(N):_1 dead(N):_1 retain(N):_1 obs_cat:_1 Hrate:_1 sel(B):_2 dead(B):_2 retain(B):_2 sel(N):_2 dead(N):_2 retain(N):_2 obs_cat:_2 Hrate:_2 sel(B):_3 dead(B):_3 retain(B):_3 sel(N):_3 dead(N):_3 retain(N):_3 obs_cat:_3 Hrate:_3 sel(B):_4 dead(B):_4 retain(B):_4 sel(N):_4 dead(N):_4 retain(N):_4 obs_cat:_4 Hrate:_4 sel(B):_5 dead(B):_5 retain(B):_5 sel(N):_5 dead(N):_5 retain(N):_5 obs_cat:_5 Hrate:_5 sel(B):_6 dead(B):_6 retain(B):_6 sel(N):_6 dead(N):_6 retain(N):_6 obs_cat:_6 Hrate:_6 sel(B):_7 dead(B):_7 retain(B):_7 sel(N):_7 dead(N):_7 retain(N):_7 obs_cat:_7 Hrate:_7 SSB_vir_LH
1 1887 VIRG 1 3960.21 3896.19 906.087 87.4525  906.087  3896.19  1432.97 0 0 0 0 0 0 0 0  0 0 0 0 0 0 0 0  0 0 0 0 0 0 0 0  0 0 0 0 0 0 0 0  0 0 0 0 0 0 0 0  0 0 0 0 0 0 0 0  0 0 0 0 0 0 0 0  906.087
1 1888 INIT 1 3960.21 3896.19 906.087 87.4525  906.087  3896.19  1432.97  0 0 0 0 0 0 0 0  0 0 0 0 0 0 0 0  0 0 0 0 0 0 0 0 0 0 0 0 0 0 0 0  0 0 0 0 0 0 0 0  0 0 0 0 0 0 0 0  0 0 0 0 0 0 0 0  906.087
1 1889 TIME 1 3960.2 3896.19 906.087 86.2391  906.087  3896.19  1432.97  0 0 0 0 0 0 0 0  0 0 0 0 0 0 0 0  0 0 0 0 0 0 0 0 0 0 0 0 0 0 0 0  0 0 0 0 0 0 0 0  0 0 0 0 0 0 0 0  0 0 0 0 0 0 0 0  906.087
1 1890 TIME 1 3960.19 3896.19 906.087 86.1998  906.087  3896.19  1432.97  0.02 0.02 0.02 0.00650548 0.00650548 0.00650548 0.02 5.31625e-006  0.07 0.07 0.07 0.0235762 0.0235762 0.0235762 0.07 1.83828e-005  0 0 0 0 0 0 0 0 0 0 0 0 0 0 0 0  0 0 0 0 0 0 0 0  0 0 0 0 0 0 0 0  0 0 0 0 0 0 0 0  906.087
1 1891 TIME 1 3960.07 3896.1 906.066 86.1595  906.066  3896.1  1432.94  0.03 0.03 0.03 0.00975821 0.00975821 0.00975821 0.03 7.97456e-006  0.13 0.13 0.13 0.0437843 0.0437843 0.0437843 0.13 3.41403e-005  0 0 0 0 0 0 0 0 0 0 0 0 0 0 0 0  0 0 0 0 0 0 0 0  0 0 0 0 0 0 0 0  0 0 0 0 0 0 0 0  906.066
1 1892 TIME 1 3959.85 3895.95 906.028 86.1178  906.028  3895.95  1432.89  0.05 0.05 0.05 0.0162636 0.0162636 0.0162636 0.05 1.32915e-005  0.2 0.2 0.2 0.06736 0.06736 0.06736 0.2 5.25256e-005  0 0 0 0 0 0 0 0 0 0 0 0 0 0 0 0  0 0 0 0 0 0 0 0  0 0 0 0 0 0 0 0  0 0 0 0 0 0 0 0  906.028
1 1893 TIME 1 3959.5 3895.71 905.97 86.072  905.97  3895.71  1432.81  0.06 0.06 0.06 0.0195161 0.0195161 0.0195161 0.06 1.59508e-005  0.26 0.26 0.26 0.087566 0.087566 0.087566 0.26 6.82877e-005  0 0 0 0 0 0 0 0 0 0 0 0 0 0 0 0  0 0 0 0 0 0 0 0  0 0 0 0 0 0 0 0  0 0 0 0 0 0 0 0  905.97
1 1894 TIME 1 3959.03 3895.4 905.895 86.0249  905.895  3895.4  1432.72  0.08 0.08 0.08 0.0260206 0.0260206 0.0260206 0.08 2.12695e-005  0.33 0.33 0.33 0.111136 0.111136 0.111136 0.33 8.66803e-005  0 0 0 0 0 0 0 0 0 0 0 0 0 0 0 0  0 0 0 0 0 0 0 0  0 0 0 0 0 0 0 0  0 0 0 0 0 0 0 0  905.895
1 1895 TIME 1 3958.4 3895 905.799 85.9763  905.799  3895  1432.59  0.09 0.09 0.09 0.0292716 0.0292716 0.0292716 0.09 2.39309e-005  0.39 0.39 0.39 0.131332 0.131332 0.131332 0.39 0.000102452  0 0 0 0 0 0 0 0 0 0 0 0 0 0 0 0  0 0 0 0 0 0 0 0  0 0 0 0 0 0 0 0  0 0 0 0 0 0 0 0  905.799
1 1896 TIME 1 3957.63 3894.55 905.687 85.9286  905.687  3894.55  1432.45  0.11 0.11 0.11 0.0357732 0.0357732 0.0357732 0.11 2.92529e-005  0.46 0.46 0.46 0.154886 0.154886 0.154886 0.46 0.000120859  0 0 0 0 0 0 0 0 0 0 0 0 0 0 0 0  0 0 0 0 0 0 0 0  0 0 0 0 0 0 0 0  0 0 0 0 0 0 0 0  905.687
1 1897 TIME 1 3956.7 3893.64 905.553 85.8798  905.553  3893.64  1431.44  0.12 0.12 0.12 0.0390205 0.0390205 0.0390205 0.12 3.19179e-005  0.52 0.52 0.52 0.175059 0.175059 0.175059 0.52 0.000136648  0 0 0 0 0 0 0 0 0 0 0 0 0 0 0 0  0 0 0 0 0 0 0 0  0 0 0 0 0 0 0 0  0 0 0 0 0 0 0 0  905.553
1 1898 TIME 1 3955.62 3892.59 905.4 85.8298  905.4  3892.59  1430.41  0.14 0.14 0.14 0.0455166 0.0455166 0.0455166 0.14 3.72455e-005  0.59 0.59 0.59 0.198584 0.198584 0.198584 0.59 0.000155078  0 0 0 0 0 0 0 0 0 0 0 0 0 0 0 0  0 0 0 0 0 0 0 0  0 0 0 0 0 0 0 0  0 0 0 0 0 0 0 0  905.4
1 1899 TIME 1 3954.36 3891.37 905.221 85.7788  905.221  3891.37  1429.37  0.16 0.16 0.16 0.0520089 0.0520089 0.0520089 0.16 4.25773e-005  0.66 0.66 0.66 0.222093 0.222093 0.222093 0.66 0.000173525  0 0 0 0 0 0 0 0 0 0 0 0 0 0 0 0  0 0 0 0 0 0 0 0  0 0 0 0 0 0 0 0  0 0 0 0 0 0 0 0  905.221
1 1900 TIME 1 3952.93 3889.98 905.011 85.7245  905.011  3889.98  1428.32  0.17 0.17 0.17 0.0552475 0.0552475 0.0552475 0.17 4.52524e-005  0.72 0.72 0.72 0.242222 0.242222 0.242222 0.72 0.000189362  0 0 0 0 0 0 0 0 0 0 0 0 0 0 0 0  0 0 0 0 0 0 0 0  0 0 0 0 0 0 0 0  0 0 0 0 0 0 0 0  905.011
1 1901 TIME 1 3951.36 3888.44 904.77 85.6699  904.77  3888.44  1427.26  0.19 0.19 0.19 0.0617328 0.0617328 0.0617328 0.19 5.05943e-005  0.79 0.79 0.79 0.265701 0.265701 0.265701 0.79 0.00020785  0 0 0 0 0 0 0 0 0 0 0 0 0 0 0 0  0 0 0 0 0 0 0 0  0 0 0 0 0 0 0 0  0 0 0 0 0 0 0 0  904.77
1 1902 TIME 1 3949.61 3886.73 904.49 85.6153  904.49  3886.73  1426.18  0.2 0.2 0.2 0.0649663 0.0649663 0.0649663 0.2 5.32789e-005  0.85 0.85 0.85 0.285806 0.285806 0.285806 0.85 0.000223731  0 0 0 0 0 0 0 0 0 0 0 0 0 0 0 0  0 0 0 0 0 0 0 0  0 0 0 0 0 0 0 0  0 0 0 0 0 0 0 0  904.49
1 1903 TIME 1 3947.72 3884.88 904.171 85.5553  904.171  3884.88  1425.09  0.22 0.22 0.22 0.0714459 0.0714459 0.0714459 0.22 5.86335e-005  0.92 0.92 0.92 0.309264 0.309264 0.309264 0.92 0.000242269  0 0 0 0 0 0 0 0 0 0 0 0 0 0 0 0  0 0 0 0 0 0 0 0  0 0 0 0 0 0 0 0  0 0 0 0 0 0 0 0  904.171
1 1904 TIME 1 3945.67 3882.86 903.807 85.4946  903.807  3882.86  1423.98  0.23 0.23 0.23 0.0746761 0.0746761 0.0746761 0.23 6.13296e-005  0.98 0.98 0.98 0.329354 0.329354 0.329354 0.98 0.000258203  0 0 0 0 0 0 0 0 0 0 0 0 0 0 0 0  0 0 0 0 0 0 0 0  0 0 0 0 0 0 0 0  0 0 0 0 0 0 0 0  903.807
1 1905 TIME 1 3943.48 3880.71 903.401 85.4342  903.401  3880.71  1422.87  0.25 0.25 0.25 0.0811519 0.0811519 0.0811519 0.25 6.66989e-005  1.05 1.05 1.05 0.3528 0.3528 0.3528 1.05 0.000276799  0 0 0 0 0 0 0 0 0 0 0 0 0 0 0 0  0 0 0 0 0 0 0 0  0 0 0 0 0 0 0 0  0 0 0 0 0 0 0 0  903.401
1 1906 TIME 1 3941.14 3878.41 902.949 85.3744  902.949  3878.41  1421.74  0.26 0.26 0.26 0.0843808 0.0843808 0.0843808 0.26 6.94078e-005  1.11 1.11 1.11 0.372884 0.372884 0.372884 1.11 0.000292791  0 0 0 0 0 0 0 0 0 0 0 0 0 0 0 0  0 0 0 0 0 0 0 0  0 0 0 0 0 0 0 0  0 0 0 0 0 0 0 0  902.949
1 1907 TIME 1 3938.67 3875.98 902.457 85.3191  902.457  3875.98  1420.6  0.28 0.28 0.28 0.0908548 0.0908548 0.0908548 0.28 7.47937e-005  1.18 1.18 1.18 0.396326 0.396326 0.396326 1.18 0.000311451  0 0 0 0 0 0 0 0 0 0 0 0 0 0 0 0  0 0 0 0 0 0 0 0  0 0 0 0 0 0 0 0  0 0 0 0 0 0 0 0  902.457
1 1908 TIME 1 3936.06 3873.41 901.923 85.2656  901.923  3873.41  1419.44  0.3 0.3 0.3 0.0973282 0.0973282 0.0973282 0.3 8.01894e-005  1.25 1.25 1.25 0.419769 0.419769 0.419769 1.25 0.000330148  0 0 0 0 0 0 0 0 0 0 0 0 0 0 0 0  0 0 0 0 0 0 0 0  0 0 0 0 0 0 0 0  0 0 0 0 0 0 0 0  901.923
1 1909 TIME 1 3933.32 3870.71 901.347 85.2119  901.347  3870.71  1418.26  0.31 0.31 0.31 0.100558 0.100558 0.100558 0.31 8.29206e-005  1.31 1.31 1.31 0.439855 0.439855 0.439855 1.31 0.000346238  0 0 0 0 0 0 0 0 0 0 0 0 0 0 0 0  0 0 0 0 0 0 0 0  0 0 0 0 0 0 0 0  0 0 0 0 0 0 0 0  901.347
1 1910 TIME 1 3930.46 3867.9 900.738 85.1603  900.738  3867.9  1417.07  0.33 0.33 0.33 0.107031 0.107031 0.107031 0.33 8.8335e-005  1.38 1.38 1.38 0.463302 0.463302 0.463302 1.38 0.000365007  0 0 0 0 0 0 0 0 0 0 0 0 0 0 0 0  0 0 0 0 0 0 0 0  0 0 0 0 0 0 0 0  0 0 0 0 0 0 0 0  900.738
1 1911 TIME 1 3927.48 3864.97 900.091 85.109  900.091  3864.97  1415.86  0.34 0.34 0.34 0.110262 0.110262 0.110262 0.34 9.10816e-005  1.44 1.44 1.44 0.483395 0.483395 0.483395 1.44 0.000381169  0 0 0 0 0 0 0 0 0 0 0 0 0 0 0 0  0 0 0 0 0 0 0 0  0 0 0 0 0 0 0 0  0 0 0 0 0 0 0 0  900.091
1 1912 TIME 1 3924.4 3861.93 899.415 85.0565  899.415  3861.93  1414.64  0.36 0.36 0.36 0.116738 0.116738 0.116738 0.36 9.65157e-005  1.51 1.51 1.51 0.506849 0.506849 0.506849 1.51 0.000400014  0 0 0 0 0 0 0 0 0 0 0 0 0 0 0 0  0 0 0 0 0 0 0 0  0 0 0 0 0 0 0 0  0 0 0 0 0 0 0 0  899.415
1 1913 TIME 1 3921.21 3858.78 898.706 84.9945  898.706  3858.78  1413.4  0.37 0.37 0.37 0.119971 0.119971 0.119971 0.37 9.92784e-005  1.57 1.57 1.57 0.526952 0.526952 0.526952 1.57 0.000416251  0 0 0 0 0 0 0 0 0 0 0 0 0 0 0 0  0 0 0 0 0 0 0 0  0 0 0 0 0 0 0 0  0 0 0 0 0 0 0 0  898.706
1 1914 TIME 1 3917.93 3855.54 897.97 84.9148  897.97  3855.54  1412.14  0.39 0.39 0.39 0.126448 0.126448 0.126448 0.39 0.000104733  1.64 1.64 1.64 0.550416 0.550416 0.550416 1.64 0.000435177  0 0 0 0 0 0 0 0 0 0 0 0 0 0 0 0  0 0 0 0 0 0 0 0  0 0 0 0 0 0 0 0  0 0 0 0 0 0 0 0  897.97
1 1915 TIME 1 3914.54 3852.19 897.205 84.8022  897.205  3852.19  1410.87  0.4 0.4 0.4 0.129684 0.129684 0.129684 0.4 0.000107513  1.7 1.7 1.7 0.57053 0.57053 0.57053 1.7 0.000451493  0 0 0 0 0 0 0 0 0 0 0 0 0 0 0 0  0 0 0 0 0 0 0 0  0 0 0 0 0 0 0 0  0 0 0 0 0 0 0 0  897.205
1 1916 TIME 1 3911.08 3848.77 896.417 84.6428  896.417  3848.77  1409.6  0.42 0.42 0.42 0.136163 0.136163 0.136163 0.42 0.00011299  1.77 1.77 1.77 0.594007 0.594007 0.594007 1.77 0.000470504  0 0 0 0 0 0 0 0 0 0 0 0 0 0 0 0  0 0 0 0 0 0 0 0  0 0 0 0 0 0 0 0  0 0 0 0 0 0 0 0  896.417
1 1917 TIME 1 3907.52 3845.25 895.602 84.4193  895.602  3845.25  1408.31  0.66 0.66 0.66 0.213967 0.213967 0.213967 0.66 0.000177719  2.96 2.96 2.96 0.993355 0.993355 0.993355 2.96 0.000787555  0 0 0 0 0 0 0 0 0 0 0 0 0 0 0 0  0 0 0 0 0 0 0 0  0 0 0 0 0 0 0 0  0 0 0 0 0 0 0 0  895.602
1 1918 TIME 1 3902.54 3840.33 894.445 84.0411  894.445  3840.33  1406.59  0.77 0.77 0.77 0.249631 0.249631 0.249631 0.77 0.000207607  3.48 3.48 3.48 1.1679 1.1679 1.1679 3.48 0.000927103  0 0 0 0 0 0 0 0 0 0 0 0 0 0 0 0  0 0 0 0 0 0 0 0  0 0 0 0 0 0 0 0  0 0 0 0 0 0 0 0  894.445
1 1919 TIME 1 3896.95 3834.8 893.138 83.5382  893.138  3834.8  1404.69  0.54 0.54 0.54 0.175073 0.175073 0.175073 0.54 0.000145806  1.62 1.62 1.62 0.543705 0.543705 0.543705 1.62 0.000432208  0 0 0 0 0 0 0 0 0 0 0 0 0 0 0 0  0 0 0 0 0 0 0 0  0 0 0 0 0 0 0 0  0 0 0 0 0 0 0 0  893.138
1 1920 TIME 1 3893.43 3831.37 892.325 82.9235  892.325  3831.37  1403.51  0.55 0.55 0.55 0.178318 0.178318 0.178318 0.55 0.000148641  1.84 1.84 1.84 0.617555 0.617555 0.617555 1.84 0.000491346  0 0 0 0 0 0 0 0 0 0 0 0 0 0 0 0  0 0 0 0 0 0 0 0  0 0 0 0 0 0 0 0  0 0 0 0 0 0 0 0  892.325
1 1921 TIME 1 3889.66 3827.72 891.458 82.1832  891.458  3827.72  1402.27  0.45 0.45 0.45 0.145899 0.145899 0.145899 0.45 0.000121733  1.85 1.85 1.85 0.620925 0.620925 0.620925 1.85 0.000494491  0 0 0 0 0 0 0 0 0 0 0 0 0 0 0 0  0 0 0 0 0 0 0 0  0 0 0 0 0 0 0 0  0 0 0 0 0 0 0 0  891.458
1 1922 TIME 1 3885.93 3824.17 890.614 81.3258  890.614  3824.17  1401.05  0.39 0.39 0.39 0.126448 0.126448 0.126448 0.39 0.000105601  1.68 1.68 1.68 0.563873 0.563873 0.563873 1.68 0.000449472  0 0 0 0 0 0 0 0 0 0 0 0 0 0 0 0  0 0 0 0 0 0 0 0  0 0 0 0 0 0 0 0  0 0 0 0 0 0 0 0  890.614
1 1923 TIME 1 3882.37 3820.85 889.826 80.3743  889.826  3820.85  1399.88  0.42 0.42 0.42 0.136174 0.136174 0.136174 0.42 0.000113824  1.79 1.79 1.79 0.600781 0.600781 0.600781 1.79 0.000479322  0 0 0 0 0 0 0 0 0 0 0 0 0 0 0 0  0 0 0 0 0 0 0 0  0 0 0 0 0 0 0 0  0 0 0 0 0 0 0 0  889.826
1 1924 TIME 1 3878.58 3817.37 889.007 79.3602  889.007  3817.37  1398.6  0.24 0.24 0.24 0.077811 0.077811 0.077811 0.24 6.51017e-005  2.58 2.58 2.58 0.865878 0.865878 0.865878 2.58 0.0006915  0 0 0 0 0 0 0 0 0 0 0 0 0 0 0 0  0 0 0 0 0 0 0 0  0 0 0 0 0 0 0 0  0 0 0 0 0 0 0 0  889.007
1 1925 TIME 1 3874.04 3813.25 888.047 78.3254  888.047  3813.25  1397.02  0.17 0.17 0.17 0.0551123 0.0551123 0.0551123 0.17 4.61636e-005  3.69 3.69 3.69 1.23827 1.23827 1.23827 3.69 0.000990082  0 0 0 0 0 0 0 0 0 0 0 0 0 0 0 0  0 0 0 0 0 0 0 0  0 0 0 0 0 0 0 0  0 0 0 0 0 0 0 0  888.047
1 1926 TIME 1 3868.31 3808.02 886.845 77.3265  886.845  3808.02  1394.91  0.62 0.62 0.62 0.200975 0.200975 0.200975 0.62 0.000168592  4.25 4.25 4.25 1.42594 1.42594 1.42594 4.25 0.00114191  0 0 0 0 0 0 0 0 0 0 0 0 0 0 0 0  0 0 0 0 0 0 0 0  0 0 0 0 0 0 0 0  0 0 0 0 0 0 0 0  886.845
1 1927 TIME 1 3861.37 3801.65 885.405 76.423  885.405  3801.65  1392.21  1.05 1.05 1.05 0.3403 0.3403 0.3403 1.05 0.00028599  4.87 4.87 4.87 1.63355 1.63355 1.63355 4.87 0.00131067  0 0 0 0 0 0 0 0 0 0 0 0 0 0 0 0  0 0 0 0 0 0 0 0  0 0 0 0 0 0 0 0  0 0 0 0 0 0 0 0  885.405
1 1928 TIME 1 3853.16 3794.07 883.717 75.676  883.717  3794.07  1388.85  1.34 1.34 1.34 0.434177 0.434177 0.434177 1.34 0.000365694  4.18 4.18 4.18 1.40161 1.40161 1.40161 4.18 0.0011272  0.64 0.64 0.64 0.221263 0.221263 0.221263 0.64 0.000171452 0 0 0 0 0 0 0 0  0 0 0 0 0 0 0 0  0 0 0 0 0 0 0 0  0 0 0 0 0 0 0 0  883.717
1 1929 TIME 1 3844.42 3786.02 881.97 75.1419  881.97  3786.02  1385.03  1.58 1.58 1.58 0.511752 0.511752 0.511752 1.58 0.000432082  4.07 4.07 4.07 1.36406 1.36406 1.36406 4.07 0.00109983  1.29 1.29 1.29 0.445688 0.445688 0.445688 1.29 0.000346317 0 0 0 0 0 0 0 0  0 0 0 0 0 0 0 0  0 0 0 0 0 0 0 0  0 0 0 0 0 0 0 0  881.97
1 1930 TIME 1 3834.58 3776.9 880.031 74.8504  880.031  3776.9  1380.52  1.47 1.47 1.47 0.475892 0.475892 0.475892 1.47 0.000402937  5.3 5.3 5.3 1.77517 1.77517 1.77517 5.3 0.00143561  1.48 1.48 1.48 0.510916 0.510916 0.510916 1.48 0.000398278 0 0 0 0 0 0 0 0  0 0 0 0 0 0 0 0  0 0 0 0 0 0 0 0  0 0 0 0 0 0 0 0  880.031
1 1931 TIME 1 3823.1 3766.11 877.767 74.779  877.767  3766.11  1375.1  0.88 0.88 0.88 0.284714 0.284714 0.284714 0.88 0.000241878  4.74 4.74 4.74 1.58639 1.58639 1.58639 4.74 0.00128752  1.97 1.97 1.97 0.679423 0.679423 0.679423 1.97 0.000531645 0 0 0 0 0 0 0 0  0 0 0 0 0 0 0 0  0 0 0 0 0 0 0 0  0 0 0 0 0 0 0 0  877.767
1 1932 TIME 1 3811.9 3755.55 875.635 74.8701  875.635  3755.55  1369.4  1.05 1.05 1.05 0.339455 0.339455 0.339455 1.05 0.000289376  7.08 7.08 7.08 2.36731 2.36731 2.36731 7.08 0.00192837  2.47 2.47 2.47 0.850903 0.850903 0.850903 2.47 0.000668427 0 0 0 0 0 0 0 0  0 0 0 0 0 0 0 0  0 0 0 0 0 0 0 0  0 0 0 0 0 0 0 0  875.635
1 1933 TIME 1 3797.34 3741.56 872.755 75.0016  872.755  3741.56  1362.25  1.63 1.63 1.63 0.52651 0.52651 0.52651 1.63 0.000450831  2.81 2.81 2.81 0.938598 0.938598 0.938598 2.81 0.000768149  2.96 2.96 2.96 1.01849 1.01849 1.01849 2.96 0.000803986 0 0 0 0 0 0 0 0  0 0 0 0 0 0 0 0  0 0 0 0 0 0 0 0  0 0 0 0 0 0 0 0  872.755
1 1934 TIME 1 3785.57 3730.23 870.582 75.021  870.582  3730.23  1355.73  1.61 1.61 1.61 0.519514 0.519514 0.519514 1.61 0.000446571  4.17 4.17 4.17 1.39118 1.39118 1.39118 4.17 0.00114326  3.45 3.45 3.45 1.18548 1.18548 1.18548 3.45 0.000939864 0 0 0 0 0 0 0 0  0 0 0 0 0 0 0 0  0 0 0 0 0 0 0 0  0 0 0 0 0 0 0 0  870.582
1 1935 TIME 1 3771.61 3716.58 867.912 74.7919  867.912  3716.58  1348.26  1.68 1.68 1.68 0.541501 0.541501 0.541501 1.68 0.00046761  6.31 6.31 6.31 2.10245 2.10245 2.10245 6.31 0.00173612  3.95 3.95 3.95 1.35542 1.35542 1.35542 3.95 0.00107995 0 0 0 0 0 0 0 0  0 0 0 0 0 0 0 0  0 0 0 0 0 0 0 0  0 0 0 0 0 0 0 0  867.912
1 1936 TIME 1 3754.62 3699.78 864.524 74.2673  864.524  3699.78  1339.72  1.49 1.49 1.49 0.479717 0.479717 0.479717 1.49 0.000416535  6.6 6.6 6.6 2.19631 2.19631 2.19631 6.6 0.00182396  4.44 4.44 4.44 1.52156 1.52156 1.52156 4.44 0.00121935 0 0 0 0 0 0 0 0  0 0 0 0 0 0 0 0  0 0 0 0 0 0 0 0  0 0 0 0 0 0 0 0  864.524
1 1937 TIME 1 3736.75 3681.99 860.907 73.5154  860.907  3681.99  1330.97  1.77 1.77 1.77 0.569214 0.569214 0.569214 1.77 0.00049712  4.31 4.31 4.31 1.43248 1.43248 1.43248 4.31 0.00119674  5.27 5.27 5.27 1.80375 1.80375 1.80375 5.27 0.00145418 0 0 0 0 0 0 0 0  0 0 0 0 0 0 0 0  0 0 0 0 0 0 0 0  0 0 0 0 0 0 0 0  860.907
1 1938 TIME 1 3719.78 3665.04 857.472 72.7251  857.472  3665.04  1322.77  1.67 1.67 1.67 0.536445 0.536445 0.536445 1.67 0.000471141  4.69 4.69 4.69 1.55692 1.55692 1.55692 4.69 0.00130819  5.18 5.18 5.18 1.77086 1.77086 1.77086 5.18 0.00143589 0 0 0 0 0 0 0 0  0 0 0 0 0 0 0 0  0 0 0 0 0 0 0 0  0 0 0 0 0 0 0 0  857.472
1 1939 TIME 1 3702.37 3647.67 853.885 72.117  853.885  3647.67  1314.81  1.73 1.73 1.73 0.555123 0.555123 0.555123 1.73 0.000490351  4.71 4.71 4.71 1.56185 1.56185 1.56185 4.71 0.00131997  4.53 4.53 4.53 1.54702 1.54702 1.54702 4.53 0.00126166 0 0 0 0 0 0 0 0  0 0 0 0 0 0 0 0  0 0 0 0 0 0 0 0  0 0 0 0 0 0 0 0  853.885
1 1940 TIME 1 3685.3 3630.7 850.323 71.8951  850.323  3630.7  1307.45  1.6 1.6 1.6 0.512901 0.512901 0.512901 1.6 0.000455608  2.97 2.97 2.97 0.983896 0.983896 0.983896 2.97 0.00083623  6.51 6.51 6.51 2.22114 2.22114 2.22114 6.51 0.00182159 0 0 0 0 0 0 0 0  0 0 0 0 0 0 0 0  0 0 0 0 0 0 0 0  0 0 0 0 0 0 0 0  850.323
1 1941 TIME 1 3667.91 3613.54 846.63 72.2072  846.63  3613.54  1300.45  1.16 1.16 1.16 0.371524 0.371524 0.371524 1.16 0.000331892  4.19 4.19 4.19 1.38687 1.38687 1.38687 4.19 0.00118539  6.02 6.02 6.02 2.05231 2.05231 2.05231 6.02 0.00169256 0 0 0 0 0 0 0 0  0 0 0 0 0 0 0 0  0 0 0 0 0 0 0 0  0 0 0 0 0 0 0 0  846.63
1 1942 TIME 1 3650.06 3596.03 842.767 73.22  842.767  3596.03  1293.68  0.27 0.27 0.27 0.0864088 0.0864088 0.0864088 0.27 7.76324e-005  3.1 3.1 3.1 1.02534 1.02534 1.02534 3.1 0.000881356  3.2 3.2 3.2 1.09019 1.09019 1.09019 3.2 0.000904144 0 0 0 0 0 0 0 0  0 0 0 0 0 0 0 0  0 0 0 0 0 0 0 0  0 0 0 0 0 0 0 0  842.767
1 1943 TIME 1 3636.79 3583.15 839.951 75.1989  839.951  3583.15  1288.57  2.05 2.05 2.05 0.655581 0.655581 0.655581 2.05 0.000591596  3.84 3.84 3.84 1.2692 1.2692 1.2692 3.84 0.00109576  3.06 3.06 3.06 1.04177 1.04177 1.04177 3.06 0.000867766 0 0 0 0 0 0 0 0  0 0 0 0 0 0 0 0  0 0 0 0 0 0 0 0  0 0 0 0 0 0 0 0  839.951
1 1944 TIME 1 3621.05 3567.72 836.487 78.5103  836.487  3567.72  1282.59  8.36 8.36 8.36 2.67186 2.67186 2.67186 8.36 0.00242318  16.52 16.52 16.52 5.45706 5.45706 5.45706 16.52 0.00473478  2.51 2.51 2.51 0.854057 0.854057 0.854057 2.51 0.000714923 0 0 0 0 0 0 0 0  0 0 0 0 0 0 0 0  0 0 0 0 0 0 0 0  0 0 0 0 0 0 0 0  836.487
1 1945 TIME 1 3587.11 3533.92 828.574 83.6502  828.574  3533.92  1270.52  18.54 18.54 18.54 5.9243 5.9243 5.9243 18.54 0.00542581  40.02 40.02 40.02 13.2189 13.2189 13.2189 40.02 0.0115806  3.35 3.35 3.35 1.13997 1.13997 1.13997 3.35 0.000963354 0 0 0 0 0 0 0 0  0 0 0 0 0 0 0 0  0 0 0 0 0 0 0 0  0 0 0 0 0 0 0 0  828.574
1 1946 TIME 1 3519.52 3466.13 812.43 90.8397  812.43  3466.13  1247.48  16.33 16.33 16.33 5.22143 5.22143 5.22143 16.33 0.00487329  41.42 41.42 41.42 13.6938 13.6938 13.6938 41.42 0.0122212  5.76 5.76 5.76 1.96264 1.96264 1.96264 5.76 0.00168884 0 0 0 0 0 0 0 0  0 0 0 0 0 0 0 0  0 0 0 0 0 0 0 0  0 0 0 0 0 0 0 0  812.43
1 1947 TIME 1 3451.35 3397.23 795.951 99.4442  795.951  3397.23  1224.35  7.09 7.09 7.09 2.26928 2.26928 2.26928 7.09 0.00215909  9.19 9.19 9.19 3.04243 3.04243 3.04243 9.19 0.00276672  4.59 4.59 4.59 1.56698 1.56698 1.56698 4.59 0.00137308 0 0 0 0 0 0 0 0  0 0 0 0 0 0 0 0  0 0 0 0 0 0 0 0  0 0 0 0 0 0 0 0  795.951
1 1948 TIME 1 3426.5 3370.95 789.656 106.504  789.656  3370.95  1215.52  6.49 6.49 6.49 2.07854 2.07854 2.07854 6.49 0.00199187  16.81 16.81 16.81 5.57011 5.57011 5.57011 16.81 0.00510018  9.18 9.18 9.18 3.13846 3.13846 3.13846 9.18 0.00276739 0 0 0 0 0 0 0 0  0 0 0 0 0 0 0 0  0 0 0 0 0 0 0 0  0 0 0 0 0 0 0 0  789.656
1 1949 TIME 1 3391.29 3333.62 780.636 106.341  780.636  3333.62  1203.6  3.72 3.72 3.72 1.19286 1.19286 1.19286 3.72 0.0011546  6.17 6.17 6.17 2.0479 2.0479 2.0479 6.17 0.00189293  11.88 11.88 11.88 4.07172 4.07172 4.07172 11.88 0.00362108 0 0 0 0 0 0 0 0  0 0 0 0 0 0 0 0  0 0 0 0 0 0 0 0  0 0 0 0 0 0 0 0  780.636
1 1950 TIME 1 3368.15 3307.61 774.209 97.0652  774.209  3307.61  1196.28  3.42 3.42 3.42 1.09844 1.09844 1.09844 3.42 0.00106993  4.61 4.61 4.61 1.53347 1.53347 1.53347 4.61 0.00142543  14.49 14.49 14.49 4.98228 4.98228 4.98228 14.49 0.00445076 0 0 0 0 0 0 0 0  0 0 0 0 0 0 0 0  0 0 0 0 0 0 0 0  0 0 0 0 0 0 0 0  774.209
1 1951 TIME 1 3345.97 3281.91 767.657 83.9182  767.657  3281.91  1190.41  9.91 9.91 9.91 3.19049 3.19049 3.19049 9.91 0.00312512  7.07 7.07 7.07 2.35922 2.35922 2.35922 7.07 0.00220322  17.16 17.16 17.16 5.92641 5.92641 5.92641 17.16 0.00531132 0 0 0 0 0 0 0 0  0 0 0 0 0 0 0 0  0 0 0 0 0 0 0 0  0 0 0 0 0 0 0 0  767.657
1 1952 TIME 1 3314.2 3246.39 758.419 72.2091  758.419  3246.39  1183.43  8.7 8.7 8.7 2.81103 2.81103 2.81103 8.7 0.00277454  5.44 5.44 5.44 1.82377 1.82377 1.82377 5.44 0.00171399  15 15 15 5.21188 5.21188 5.21188 15 0.00469291 0 0 0 0 0 0 0 0  0 0 0 0 0 0 0 0  0 0 0 0 0 0 0 0  0 0 0 0 0 0 0 0  758.419
1 1953 TIME 1 3289.33 3218.34 750.486 63.8935  750.486  3218.34  1181.9  8.57 8.57 8.57 2.78183 2.78183 2.78183 8.57 0.00275858  3.19 3.19 3.19 1.07568 1.07568 1.07568 3.19 0.00101412  12.85 12.85 12.85 4.49648 4.49648 4.49648 12.85 0.00405523 0 0 0 0 0 0 0 0  0 0 0 0 0 0 0 0  0 0 0 0 0 0 0 0  0 0 0 0 0 0 0 0  750.486
1 1954 TIME 1 3270.63 3198.19 743.786 59.0597  743.786  3198.19  1186.9  4.99 4.99 4.99 1.6288 1.6288 1.6288 4.99 0.00161799  6.78 6.78 6.78 2.3018 2.3018 2.3018 6.78 0.00217028  16.17 16.17 16.17 5.70159 5.70159 5.70159 16.17 0.00513654 0 0 0 0 0 0 0 0  0 0 0 0 0 0 0 0  0 0 0 0 0 0 0 0  0 0 0 0 0 0 0 0  743.786
1 1955 TIME 1 3249.95 3179.06 736.544 57.4039  736.544  3179.06  1196.54  5.61 5.61 5.61 1.84293 1.84293 1.84293 5.61 0.00183289  1.83 1.83 1.83 0.625936 0.625936 0.625936 1.83 0.000589962  19.51 19.51 19.51 6.93306 6.93306 6.93306 19.51 0.00623974 0 0 0 0 0 0 0 0  0 0 0 0 0 0 0 0  0 0 0 0 0 0 0 0  0 0 0 0 0 0 0 0  736.544
1 1956 TIME 1 3231.2 3165.29 729.863 58.8111  729.863  3165.29  1210.93  8.58 8.58 8.58 2.83754 2.83754 2.83754 8.58 0.00282143  1.81 1.81 1.81 0.623708 0.623708 0.623708 1.81 0.000586994  21.9 21.9 21.9 7.83777 7.83777 7.83777 21.9 0.0070441 0 0 0 0 0 0 0 0  0 0 0 0 0 0 0 0  0 0 0 0 0 0 0 0  0 0 0 0 0 0 0 0  729.863
1 1957 TIME 1 3207.74 3148.91 722.356 63.1397  722.356  3148.91  1222.72  10.49 10.49 10.49 3.49216 3.49216 3.49216 10.49 0.00347486  4.07 4.07 4.07 1.41214 1.41214 1.41214 4.07 0.00132898  21.71 21.71 21.71 7.81627 7.81627 7.81627 21.71 0.00702981 0 0 0 0 0 0 0 0  0 0 0 0 0 0 0 0  0 0 0 0 0 0 0 0  0 0 0 0 0 0 0 0  722.356
1 1958 TIME 1 3180.64 3128.51 714.455 69.5933  714.455  3128.51  1226.08  10.34 10.34 10.34 3.46253 3.46253 3.46253 10.34 0.00345223  3.05 3.05 3.05 1.06421 1.06421 1.06421 3.05 0.0010034  33.84 33.84 33.84 12.2363 12.2363 12.2363 33.84 0.0110396 0 0 0 0 0 0 0 0  0 0 0 0 0 0 0 0  0 0 0 0 0 0 0 0  0 0 0 0 0 0 0 0  714.455
1 1959 TIME 1 3142.76 3095.42 704.638 75.7178  704.638  3095.42  1216.16  8.61 8.61 8.61 2.89709 2.89709 2.89709 8.61 0.00290604  1.64 1.64 1.64 0.574581 0.574581 0.574581 1.64 0.000545307  29.23 29.23 29.23 10.5975 10.5975 10.5975 29.23 0.00963877 0 0 0 0 0 0 0 0  0 0 0 0 0 0 0 0  0 0 0 0 0 0 0 0  0 0 0 0 0 0 0 0  704.638
1 1960 TIME 1 3112.47 3067.63 697.268 76.0881  697.268  3067.63  1200.97  7.48 7.48 7.48 2.52456 2.52456 2.52456 7.48 0.00254528  2.24 2.24 2.24 0.786327 0.786327 0.786327 2.24 0.000750893  20.86 20.86 20.86 7.56698 7.56698 7.56698 20.86 0.00693649 0 0 0 0 0 0 0 0  0 0 0 0 0 0 0 0  0 0 0 0 0 0 0 0  0 0 0 0 0 0 0 0  697.268
1 1961 TIME 1 3090.75 3046.4 692.544 67.7579  692.544  3046.4  1183.66  3.56 3.56 3.56 1.20299 1.20299 1.20299 3.56 0.00121779  1.69 1.69 1.69 0.593204 0.593204 0.593204 1.69 0.000569638  16.35 16.35 16.35 5.9235 5.9235 5.9235 16.35 0.00546837 0 0 0 0 0 0 0 0  0 0 0 0 0 0 0 0  0 0 0 0 0 0 0 0  0 0 0 0 0 0 0 0  692.544
1 1962 TIME 1 3077.61 3032.14 690.371 57.1171  690.371  3032.14  1166.77  3.68 3.68 3.68 1.24295 1.24295 1.24295 3.68 0.0012621  1.75 1.75 1.75 0.613162 0.613162 0.613162 1.75 0.000591626  20.81 20.81 20.81 7.5196 7.5196 7.5196 20.81 0.00698314 0 0 0 0 0 0 0 0  0 0 0 0 0 0 0 0  0 0 0 0 0 0 0 0  0 0 0 0 0 0 0 0  690.371
1 1963 TIME 1 3059.51 3011.92 687.427 50.3716  687.427  3011.92  1147.91  6.02 6.02 6.02 2.03014 2.03014 2.03014 6.02 0.00207408  5.61 5.61 5.61 1.96041 1.96041 1.96041 5.61 0.00190617  21.8 21.8 21.8 7.8532 7.8532 7.8532 21.8 0.0073544 0 0 0 0 0 0 0 0  0 0 0 0 0 0 0 0  0 0 0 0 0 0 0 0  0 0 0 0 0 0 0 0  687.427
1 1964 TIME 1 3033.89 2984.04 682.92 50.0351  682.92  2984.04  1128.49  3.12 3.12 3.12 1.04995 1.04995 1.04995 3.12 0.00108303  4.56 4.56 4.56 1.58891 1.58891 1.58891 4.56 0.00156181  18.96 18.96 18.96 6.80984 6.80984 6.80984 18.96 0.00644879 0 0 0 0 0 0 0 0  0 0 0 0 0 0 0 0  0 0 0 0 0 0 0 0  0 0 0 0 0 0 0 0  682.92
1 1965 TIME 1 3014.46 2963.24 679.915 57.4001  679.915  2963.24  1115.24  3.86 3.86 3.86 1.29564 1.29564 1.29564 3.86 0.00134767  5.51 5.51 5.51 1.91408 1.91408 1.91408 5.51 0.00189895  29.11 29.11 29.11 10.4233 10.4233 10.4233 29.11 0.00996396 0 0 0 0 0 0 0 0  0 0 0 0 0 0 0 0  0 0 0 0 0 0 0 0  0 0 0 0 0 0 0 0  679.915
1 1966 TIME 1 2982.64 2932.07 673.948 69.5811  673.948  2932.07  1103.1  3.62 3.62 3.62 1.21215 1.21215 1.21215 3.62 0.00127692  4.45 4.45 4.45 1.54179 1.54179 1.54179 4.45 0.00154993  31.6 31.6 31.6 11.2852 11.2852 11.2852 31.6 0.0109317 0 0 0 0 0 0 0 0  0 0 0 0 0 0 0 0  0 0 0 0 0 0 0 0  0 0 0 0 0 0 0 0  673.948
1 1967 TIME 1 2949 2901.45 667.403 79.288  667.403  2901.45  1095.34  6.17 6.17 6.17 2.0612 2.0612 2.0612 6.17 0.00220074  4.38 4.38 4.38 1.51388 1.51388 1.51388 4.38 0.0015429  31.89 31.89 31.89 11.3603 11.3603 11.3603 31.89 0.0111575 0 0 0 0 0 0 0 0  0 0 0 0 0 0 0 0  0 0 0 0 0 0 0 0  0 0 0 0 0 0 0 0  667.403
1 1968 TIME 1 2912.25 2868.59 659.89 95.7682  659.89  2868.59  1087.24  3.78 3.78 3.78 1.26002 1.26002 1.26002 3.78 0.00136516  3.89 3.89 3.89 1.34152 1.34152 1.34152 3.89 0.00138759  37.66 37.66 37.66 13.3846 13.3846 13.3846 37.66 0.0133428 0 0 0 0 0 0 0 0  0 0 0 0 0 0 0 0  0 0 0 0 0 0 0 0  0 0 0 0 0 0 0 0  659.89
1 1969 TIME 1 2872.63 2830.89 651.427 118.783  651.427  2830.89  1072.61  21.8 21.8 21.8 7.2516 7.2516 7.2516 21.8 0.00798274  3.91 3.91 3.91 1.34554 1.34554 1.34554 3.91 0.00141421  40.62 40.62 40.62 14.4074 14.4074 14.4074 40.62 0.0145929 0 0 0 0 0 0 0 0  0 0 0 0 0 0 0 0  0 0 0 0 0 0 0 0  0 0 0 0 0 0 0 0  651.427
1 1970 TIME 1 2812.91 2769.47 637.8 144.972  637.8  2769.47  1044.35  24.22 24.22 24.22 8.04564 8.04564 8.04564 24.22 0.00906376  3.47 3.47 3.47 1.19268 1.19268 1.19268 3.47 0.00128264  45.79 45.79 45.79 16.2332 16.2332 16.2332 45.79 0.0168117 0 0 0 0 0 0 0 0  0 0 0 0 0 0 0 0  0 0 0 0 0 0 0 0  0 0 0 0 0 0 0 0  637.8
1 1971 TIME 1 2747.92 2698.72 622.341 190.305  622.341  2698.72  1010.23  41.77 41.77 41.77 13.867 13.867 13.867 41.77 0.0160267  4.73 4.73 4.73 1.62552 1.62552 1.62552 4.73 0.00179256  40.72 40.72 40.72 14.4567 14.4567 14.4567 40.72 0.0153272 0 0 0 0 0 0 0 0  0 0 0 0 0 0 0 0  0 0 0 0 0 0 0 0  0 0 0 0 0 0 0 0  622.341
1 1972 TIME 1 2671.16 2613.87 603.515 111.423  603.515  2613.87  973.023  56.22 56.22 56.22 18.6844 18.6844 18.6844 56.22 0.0222471  7.44 7.44 7.44 2.56247 2.56247 2.56247 7.44 0.00290768  52.36 52.36 52.36 18.6848 18.6848 18.6848 52.36 0.0203206 0 0 0 0 0 0 0 0  0 0 0 0 0 0 0 0  0 0 0 0 0 0 0 0  0 0 0 0 0 0 0 0  603.515
1 1973 TIME 1 2569.92 2502.65 577.847 81.9966  577.847  2502.65  933.115  43.62 43.62 43.62 14.5565 14.5565 14.5565 43.62 0.0180198  5.89 5.89 5.89 2.04132 2.04132 2.04132 5.89 0.00240241  66.48 66.48 66.48 23.9736 23.9736 23.9736 66.48 0.0269154 0 0 0 0 0 0 0 0  0 0 0 0 0 0 0 0  0 0 0 0 0 0 0 0  0 0 0 0 0 0 0 0  577.847
1 1974 TIME 1 2473.38 2395.71 552.176 77.3469  552.176  2395.71  903.022  44.8 44.8 44.8 15.0639 15.0639 15.0639 44.8 0.0193448  11.59 11.59 11.59 4.06029 4.06029 4.06029 11.59 0.0049386  70.15 70.15 70.15 25.7028 25.7028 25.7028 70.15 0.0296494 0 0 0 0 0 0 0 0  0 0 0 0 0 0 0 0  0 0 0 0 0 0 0 0  0 0 0 0 0 0 0 0  552.176
1 1975 TIME 1 2371.33 2282.9 524.058 105.594  524.058  2282.9  877.131  50.31 50.31 50.31 17.1312 17.1312 17.1312 50.31 0.0228298  9.93 9.93 9.93 3.53816 3.53816 3.53816 9.93 0.00444233  71.13 71.13 71.13 26.6518 26.6518 26.6518 71.13 0.0315294 0 0 0 0 0 0 0 0  0 0 0 0 0 0 0 0  0 0 0 0 0 0 0 0  0 0 0 0 0 0 0 0  524.058
1 1976 TIME 1 2268.95 2172.76 494.97 97.0397  494.97  2172.76  861.59  45.27 45.27 45.27 15.6993 15.6993 15.6993 45.27 0.0216472  13.39 13.39 13.39 4.8835 4.8835 4.8835 13.39 0.00630278  80.63 80.63 80.63 31.0747 31.0747 31.0747 80.63 0.0375526 0 0 0 0 0 0 0 0  0 0 0 0 0 0 0 0  0 0 0 0 0 0 0 0  0 0 0 0 0 0 0 0  494.97
1 1977 TIME 1 2163.29 2065.38 464.477 89.8445  464.477  2065.38  858.75  42.51 42.51 42.51 15.0972 15.0972 15.0972 42.51 0.0214995  14.95 14.95 14.95 5.61199 5.61199 5.61199 14.95 0.00742749  72.78 72.78 72.78 28.9711 28.9711 28.9711 72.78 0.0357198 0 0 0 0 0 0 0 0  0 0 0 0 0 0 0 0  0 0 0 0 0 0 0 0  0 0 0 0 0 0 0 0  464.477
1 1978 TIME 1 2070.79 1979.76 436.784 72.8786  436.784  1979.76  875.599  123.44 123.44 123.44 45.0561 45.0561 45.0561 123.44 0.065699  30.76 30.76 30.76 11.9161 11.9161 11.9161 30.76 0.0160429  67.89 67.89 67.89 27.9338 27.9338 27.9338 67.89 0.0349241 0 0 0 0 0 0 0 0  0 0 0 0 0 0 0 0  0 0 0 0 0 0 0 0  0 0 0 0 0 0 0 0  436.784
1 1979 TIME 1 1892.28 1824.05 389.14 81.9799  389.14  1824.05  888.31  61.02 61.02 61.02 23.1166 23.1166 23.1166 61.02 0.0358733  38.31 38.31 38.31 15.4669 15.4669 15.4669 38.31 0.0219981  76.31 76.31 76.31 32.7759 32.7759 32.7759 76.31 0.0431401 0 0 0 0 0 0 0 0  0 0 0 0 0 0 0 0  0 0 0 0 0 0 0 0  0 0 0 0 0 0 0 0  389.14
1 1980 TIME 1 1763.22 1700.4 353.925 93.6149  353.925  1700.4  858.75  15.48 15.48 15.48 6.07354 6.07354 6.07354 15.48 0.00983009  26.58 26.58 26.58 11.1358 11.1358 11.1358 26.58 0.0164369  72.51 72.51 72.51 32.3118 32.3118 32.3118 72.51 0.0440871 0 0 0 0 0 0 0 0  0 0 0 0 0 0 0 0  0 0 0 0 0 0 0 0  0 0 0 0 0 0 0 0  353.925
1 1981 TIME 1 1696.98 1632.09 334.077 120.359  334.077  1632.09  831.243  30.2 30.2 30.2 12.1876 12.1876 12.1876 30.2 0.0199789  119.5 119.5 119.5 51.4859 51.4859 51.4859 119.5 0.076821  47 47 47 21.5022 21.5022 21.5022 47 0.0296888 0 0 0 0 0 0 0 0  0 0 0 0 0 0 0 0  0 0 0 0 0 0 0 0  0 0 0 0 0 0 0 0  334.077
1 1982 TIME 1 1552.89 1484.21 298.235 154.109  298.235  1484.21  768.026  199.93 199.93 199.93 83.4008 83.4008 83.4008 199.93 0.145281  15.59 15.59 15.59 6.94422 6.94422 6.94422 15.59 0.0109835  102 102 102 48.2427 48.2427 48.2427 102 0.0705524 0 0 0 0 0 0 0 0  0 0 0 0 0 0 0 0  0 0 0 0 0 0 0 0  0 0 0 0 0 0 0 0  298.235
1 1983 TIME 1 1292.63 1227.98 238.354 109.237  238.354  1227.98  675.619  56.65 56.65 56.65 24.8239 24.8239 24.8239 56.65 0.0500991  7.68 7.68 7.68 3.60151 3.60151 3.60151 7.68 0.0065621  51 51 51 25.4923 25.4923 25.4923 51 0.0427008 0 0 0 0 0 0 0 0  0 0 0 0 0 0 0 0  0 0 0 0 0 0 0 0  0 0 0 0 0 0 0 0  238.354
1 1984 TIME 1 1232.22 1167.95 222.361 121.484  222.361  1167.95  660.853  44.03 44.03 44.03 19.8057 19.8057 19.8057 44.03 0.0410309  4.42 4.42 4.42 2.12658 2.12658 2.12658 4.42 0.00397469  77 77 77 39.5251 39.5251 39.5251 77 0.0678165 0 0 0 0 0 0 0 0  0 0 0 0 0 0 0 0  0 0 0 0 0 0 0 0  0 0 0 0 0 0 0 0  222.361
1 1985 TIME 1 1164.07 1097.93 205.505 83.7854  205.505  1097.93  635.691  7.42 7.42 7.42 3.42273 3.42273 3.42273 7.42 0.00736594  4.23 4.23 4.23 2.08767 2.08767 2.08767 4.23 0.00404775  124 124 124 65.4622 65.4622 65.4622 124 0.116129 0 0 0 0 0 0 0 0  0 0 0 0 0 0 0 0  0 0 0 0 0 0 0 0  0 0 0 0 0 0 0 0  205.505
1 1986 TIME 1 1087.66 1013.9 187.612 62.5655  187.612  1013.9  592.696  9.89 9.89 9.89 4.67815 4.67815 4.67815 9.89 0.0106025  23.43 23.43 23.43 11.8751 11.8751 11.8751 23.43 0.0241836  65 65 65 35.3746 35.3746 35.3746 65 0.0655852 0 0 0 0 0 0 0 0  0 0 0 0 0 0 0 0  0 0 0 0 0 0 0 0  0 0 0 0 0 0 0 0  187.612
1 1987 TIME 1 1049.58 968.398 177.264 56.5605  177.264  968.398  574.898  16.84 16.84 16.84 8.15343 8.15343 8.15343 16.84 0.0188666  38 38 38 19.748 19.748 19.748 38 0.0409389  75 75 75 41.9702 41.9702 41.9702 75 0.0788816 0 0 0 0 0 0 0 0  0 0 0 0 0 0 0 0  0 0 0 0 0 0 0 0  0 0 0 0 0 0 0 0  177.264
1 1988 TIME 1 982.043 896.247 161.2 49.0357  161.2  896.247  549.94  30.57 30.57 30.57 15.2566 15.2566 15.2566 30.57 0.0370586  34.95 34.95 34.95 18.7768 18.7768 18.7768 34.95 0.0406461  58 58 58 33.6545 33.6545 33.6545 58 0.0657052 0 0 0 0 0 0 0 0  0 0 0 0 0 0 0 0  0 0 0 0 0 0 0 0  0 0 0 0 0 0 0 0  161.2
1 1989 TIME 1 921.026 838.533 146.497 42.2743  146.497  838.533  545.506  9.38 9.38 9.38 4.83977 4.83977 4.83977 9.38 0.01227  42.37 42.37 42.37 23.5933 23.5933 23.5933 42.37 0.0530018  59 59 59 35.5183 35.5183 35.5183 59 0.0717117 0 0 0 0 0 0 0 0  0 0 0 0 0 0 0 0  0 0 0 0 0 0 0 0  0 0 0 0 0 0 0 0  146.497
1 1990 TIME 1 871.866 804.707 134.655 34.4547  134.655  804.707  566.586  10.08 10.08 10.08 5.36456 5.36456 5.36456 10.08 0.0140393  70.26 70.26 70.26 40.3915 40.3915 40.3915 70.26 0.0932602  46.25 46.25 46.25 28.6946 28.6946 28.6946 46.25 0.0595234 0 0 0 0 0 0 0 0  0 0 0 0 0 0 0 0  0 0 0 0 0 0 0 0  0 0 0 0 0 0 0 0  134.655
1 1991 TIME 1 806.084 746.861 120.369 29.4212  120.369  746.861  546.505  13.98 13.98 13.98 7.68985 7.68985 7.68985 13.98 0.0212027  133.07 133.07 133.07 79.0493 79.0493 79.0493 133.07 0.191572  33.5 33.5 33.5 21.4126 21.4126 21.4126 33.5 0.0466697 0 0 0 0 0 0 0 0  0 0 0 0 0 0 0 0  0 0 0 0 0 0 0 0  0 0 0 0 0 0 0 0  120.369
1 1992 TIME 1 685.396 640.746 97.0409 35.55  97.0409  640.746  502.309  15.83 15.83 15.83 9.11523 9.11523 9.11523 15.83 0.0286065  96.85 96.85 96.85 60.215 60.215 60.215 96.85 0.165174  20.75 20.75 20.75 13.8535 13.8535 13.8535 20.75 0.0341486 0 0 0 0 0 0 0 0  0 0 0 0 0 0 0 0  0 0 0 0 0 0 0 0  0 0 0 0 0 0 0 0  97.0409
1 1993 TIME 1 606.56 569.164 82.4571 88.123  82.4571  569.164  457.215  6.18 6.18 6.18 3.67529 3.67529 3.67529 6.18 0.0126738  46.59 46.59 46.59 29.8381 29.8381 29.8381 46.59 0.0898179  8 8 8 5.48059 5.48059 5.48059 8 0.0148661 0 0 0 0 0 0 0 0  0 0 0 0 0 0 0 0  0 0 0 0 0 0 0 0  0 0 0 0 0 0 0 0  82.4571
1 1994 TIME 1 594.043 560.297 80.3974 61.4199  80.3974  560.297  441.709  4.7 4.7 4.7 2.80796 2.80796 2.80796 4.7 0.00971934  49.78 49.78 49.78 31.8702 31.8702 31.8702 49.78 0.0967926  14 14 14 9.53553 9.53553 9.53553 14 0.0262869 0 0 0 0 0 0 0 0  0 0 0 0 0 0 0 0  0 0 0 0 0 0 0 0  0 0 0 0 0 0 0 0  80.3974
1 1995 TIME 1 572.176 541.663 77.7033 28.2697  77.7033  541.663  418.561  3.69 3.69 3.69 2.2003 2.2003 2.2003 3.69 0.00782331  47.68 47.68 47.68 30.334 30.334 30.334 47.68 0.0951958  13 13 13 8.76692 8.76692 8.76692 13 0.0251189 0 0 0 0 0 0 0 0  0 0 0 0 0 0 0 0  0 0 0 0 0 0 0 0  0 0 0 0 0 0 0 0  77.7033
1 1996 TIME 1 552.422 523.295 75.8967 26.8669  75.8967  523.295  394.293  16.32 16.32 16.32 9.64836 9.64836 9.64836 16.32 0.0354343  56.18 56.18 56.18 35.3133 35.3133 35.3133 56.18 0.115184  12 12 12 7.98083 7.98083 7.98083 12 0.0238662 0 0 0 0 0 0 0 0  0 0 0 0 0 0 0 0  0 0 0 0 0 0 0 0  0 0 0 0 0 0 0 0  75.8967
1 1997 TIME 1 511.101 481.554 70.7064 31.3362  70.7064  481.554  355.491  6.2 6.2 6.2 3.64532 3.64532 3.64532 6.2 0.0144899  57.06 57.06 57.06 35.6193 35.6193 35.6193 57.06 0.126231  15 15 15 9.91937 9.91937 9.91937 15 0.0322336 0 0 0 0 0 0 0 0  0 0 0 0 0 0 0 0  0 0 0 0 0 0 0 0  0 0 0 0 0 0 0 0  70.7064
1 1998 TIME 1 472.961 440.491 65.9546 51.3641  65.9546  440.491  316.971  4.1 4.1 4.1 2.3964 2.3964 2.3964 4.1 0.0103535  17.64 17.64 17.64 10.9496 10.9496 10.9496 17.64 0.0422642  5 5 5 3.29663 3.29663 3.29663 5 0.0116439 0 0 0 0 0 0 0 0  0 0 0 0 0 0 0 0  0 0 0 0 0 0 0 0  0 0 0 0 0 0 0 0  65.9546
1 1999 TIME 1 483.151 445.232 68.9398 97.4788  68.9398  445.232  307.543  8.66 8.66 8.66 4.98265 4.98265 4.98265 8.66 0.0212818  13.73 13.73 13.73 8.38664 8.38664 8.38664 13.73 0.0321144  13 13 13 8.43501 8.43501 8.43501 13 0.0295879 0 0 0 0 0 0 0 0  0 0 0 0 0 0 0 0  0 0 0 0 0 0 0 0  0 0 0 0 0 0 0 0  68.9398
1 2000 TIME 1 483.958 442.254 70.3541 47.2376  70.3541  442.254  298.51  0.73 0.73 0.73 0.414974 0.414974 0.414974 0.73 0.00178452  3.31 3.31 3.31 1.99848 1.99848 1.99848 3.31 0.0077172  8 8 8 5.13499 5.13499 5.13499 8 0.0181574 0 0 0 0 0 0 0 0  0 0 0 0 0 0 0 0  0 0 0 0 0 0 0 0  0 0 0 0 0 0 0 0  70.3541
1 2001 TIME 1 507.848 476.117 75.4787 62.8298  75.4787  476.117  338.824  0.62 0.62 0.62 0.346646 0.346646 0.346646 0.62 0.00143601  3.9 3.9 3.9 2.31476 2.31476 2.31476 3.9 0.00863313  5 5 5 3.15222 3.15222 3.15222 5 0.0107846 0 0 0 0 0 0 0 0  0 0 0 0 0 0 0 0  0 0 0 0 0 0 0 0  0 0 0 0 0 0 0 0  75.4787
1 2002 TIME 1 536.115 507.725 81.0831 170.537  81.0831  507.725  361.129  0.36 0.36 0.36 0.198006 0.198006 0.198006 0.36 0.000787569  0.03 0.03 0.03 0.0175064 0.0175064 0.0175064 0.03 6.28343e-005  2 2 2 1.23936 1.23936 1.23936 2 0.00408556 0 0 0 0 0 0 0 0  0 0 0 0 0 0 0 0  0 0 0 0 0 0 0 0  0 0 0 0 0 0 0 0  81.0831
1 2003 TIME 1 571.622 538.018 88.0515 82.1859  88.0515  538.018  363.883  0.13 0.13 0.13 0.07032 0.07032 0.07032 0.13 0.000265557  0.05 0.05 0.05 0.028684 0.028684 0.028684 0.05 9.79518e-005  4 4 4 2.44036 2.44036 2.44036 4 0.00765034 0 0 0 0 0 0 0 0  0 0 0 0 0 0 0 0  0 0 0 0 0 0 0 0  0 0 0 0 0 0 0 0  88.0515
1 2004 TIME 1 607.725 565.647 94.9414 37.7829  94.9414  565.647  364.69  0.02 0.02 0.02 0.0106612 0.0106612 0.0106612 0.02 3.8378e-005  0.75 0.75 0.75 0.424145 0.424145 0.424145 0.75 0.00138226  1 1 1 0.602885 0.602885 0.602885 1 0.00180051 0 0 0 0 0 0 0 0  0 0 0 0 0 0 0 0  0 0 0 0 0 0 0 0  0 0 0 0 0 0 0 0  94.9414
1 2005 TIME 1 649.107 596.167 102.479 49.0283  102.479  596.167  370.019  0.02 0.02 0.02 0.0105324 0.0105324 0.0105324 0.02 3.59846e-005  0.73 0.73 0.73 0.408314 0.408314 0.408314 0.73 0.00126306  1 1 1 0.598012 0.598012 0.598012 1 0.00169073 0 0 0 0 0 0 0 0  0 0 0 0 0 0 0 0  0 0 0 0 0 0 0 0  0 0 0 0 0 0 0 0  102.479
1 2006 TIME 1 692.943 632.111 110.251 62.7941  110.251  632.111  389.244  0.004 0.004 0.004 0.00208852 0.00208852 0.00208852 0.004 6.75985e-006  0.2 0.2 0.2 0.111123 0.111123 0.111123 0.2 0.00032527  1 1 1 0.595587 0.595587 0.595587 1 0.00158879 0 0 0 0 0 0 0 0  0 0 0 0 0 0 0 0  0 0 0 0 0 0 0 0  0 0 0 0 0 0 0 0  110.251
1 2007 TIME 1 739.444 682.96 118.329 79.4235  118.329  682.96  440.35  0 0 0 0 0 0 0 0  0.93 0.93 0.93 0.515131 0.515131 0.515131 0.93 0.00142089  4 4 4 2.37774 2.37774 2.37774 4 0.00596641 0 0 0 0 0 0 0 0  0 0 0 0 0 0 0 0  0 0 0 0 0 0 0 0  0 0 0 0 0 0 0 0  118.329
1 2008 TIME 1 784.462 718.521 125.928 121.949  125.928  718.521  452.05  0.017 0.017 0.017 0.00881245 0.00881245 0.00881245 0.017 2.54802e-005  0.64 0.64 0.64 0.354345 0.354345 0.354345 0.64 0.00092278  1 1 1 0.593825 0.593825 0.593825 1 0.00140656 0 0 0 0 0 0 0 0  0 0 0 0 0 0 0 0  0 0 0 0 0 0 0 0  0 0 0 0 0 0 0 0  125.928
1 2009 TIME 1 834.048 762.017 134.348 89.8418  134.348  762.017  475.904  0.022 0.022 0.022 0.0113854 0.0113854 0.0113854 0.022 3.09726e-005  0.19 0.19 0.19 0.10507 0.10507 0.10507 0.19 0.000257115  5 5 5 2.95952 2.95952 2.95952 5 0.00659792 0 0 0 0 0 0 0 0  0 0 0 0 0 0 0 0  0 0 0 0 0 0 0 0  0 0 0 0 0 0 0 0  134.348
1 2010 TIME 1 882.376 835.275 142.469 95.6028  142.469  835.275  572.441  0.06 0.06 0.06 0.0309887 0.0309887 0.0309887 0.06 7.96391e-005  0.04 0.04 0.04 0.0220618 0.0220618 0.0220618 0.04 5.0994e-005  1 1 1 0.58879 0.58879 0.58879 1 0.00124323 0 0 0 0 0 0 0 0  0 0 0 0 0 0 0 0  0 0 0 0 0 0 0 0  0 0 0 0 0 0 0 0  142.469
1 2011 TIME 1 936.746 893.609 151.813 90.4131  151.813  893.609  604.956  0 0 0 0 0 0 0 0  0.2 0.2 0.2 0.109675 0.109675 0.109675 0.2 0.000239081  2 2 2 1.16798 1.16798 1.16798 2 0.00233297 0 0 0 0 0 0 0 0  0 0 0 0 0 0 0 0  0 0 0 0 0 0 0 0  0 0 0 0 0 0 0 0  151.813
1 2012 TIME 1 991.745 939.574 161.613 45.7121  161.613  939.574  604.332  0.003 0.003 0.003 0.00153361 0.00153361 0.00153361 0.003 3.50955e-006  0.88 0.88 0.88 0.478865 0.478865 0.478865 0.88 0.000988825  2 2 2 1.15706 1.15706 1.15706 2 0.00219494 0 0 0 0 0 0 0 0  0 0 0 0 0 0 0 0  0 0 0 0 0 0 0 0  0 0 0 0 0 0 0 0  161.613
1 2013 TIME 1 1048.1 987.134 172.031 46.7095  172.031  987.134  611.315  0.009 0.009 0.009 0.00456719 0.00456719 0.00456719 0.009 9.91298e-006  0.56 0.56 0.56 0.302041 0.302041 0.302041 0.56 0.000592955  1 1 1 0.572656 0.572656 0.572656 1 0.00103513 0 0 0 0 0 0 0 0  0 0 0 0 0 0 0 0  0 0 0 0 0 0 0 0  0 0 0 0 0 0 0 0  172.031
1 2014 TIME 1 1107.04 1039.38 183.436 48.2215  183.436  1039.38  628.38  0.055 0.055 0.055 0.0276795 0.0276795 0.0276795 0.055 5.70571e-005  0.02 0.02 0.02 0.0106843 0.0106843 0.0106843 0.02 1.99689e-005  1 1 1 0.566412 0.566412 0.566412 1 0.000976885 0 0 0 0 0 0 0 0  0 0 0 0 0 0 0 0  0 0 0 0 0 0 0 0  0 0 0 0 0 0 0 0  183.436
1 2015 TIME 1 1167.21 1097.04 195.612 56.0731  195.612  1097.04  656.678  0.003 0.003 0.003 0.00149628 0.00149628 0.00149628 0.003 2.93534e-006  0.4 0.4 0.4 0.21153 0.21153 0.21153 0.4 0.000377149  2 2 2 1.11924 1.11924 1.11924 2 0.00184633 0 0 0 0 0 0 0 0  0 0 0 0 0 0 0 0  0 0 0 0 0 0 0 0  0 0 0 0 0 0 0 0  195.612
1 2016 TIME 1 1226.28 1166.95 208.101 69.1801  208.101  1166.95  713  0.003 0.003 0.003 0.00148186 0.00148186 0.00148186 0.003 2.77685e-006  0 0 0 0 0 0 0 0  1 1 1 0.552057 0.552057 0.552057 1 0.00087494 0 0 0 0 0 0 0 0  0 0 0 0 0 0 0 0  0 0 0 0 0 0 0 0  0 0 0 0 0 0 0 0  208.101
1 2017 FORE 1 1286.35 1231.89 221.301 70.0807  221.301  1231.89  745.038  0.0237623 0.0237623 0.0237623 0.0116084 0.0116084 0.0116084  _ 2.08209e-005  0 0 0 0 0 0  _ 0  7.90527 7.90527 7.90527 4.29503 4.29503 4.29503  _ 0.0065603 0 0 0 0 0 0 0 0  0 0 0 0 0 0 0 0  0 0 0 0 0 0 0 0  0 0 0 0 0 0 0 0  221.301
1 2018 FORE 1 1338.94 1292.89 233.593 70.5714  233.593  1292.89  776.232  0.025256 0.025256 0.025256 0.0121868 0.0121868 0.0121868  _ 2.11051e-005  0 0 0 0 0 0  _ 0  8.38413 8.38413 8.38413 4.47545 4.47545 4.47545  _ 0.00664985 0 0 0 0 0 0 0 0  0 0 0 0 0 0 0 0  0 0 0 0 0 0 0 0  0 0 0 0 0 0 0 0  233.593
1 2019 FORE 1 1390.06 1352.96 246.111 71.0476  246.111  1352.96  802.144  0.0267583 0.0267583 0.0267583 0.0127292 0.0127292 0.0127292  _ 2.13772e-005  0 0 0 0 0 0  _ 0  8.8603 8.8603 8.8603 4.63793 4.63793 4.63793  _ 0.00673558 0 0 0 0 0 0 0 0  0 0 0 0 0 0 0 0  0 0 0 0 0 0 0 0  0 0 0 0 0 0 0 0  246.111
1 2020 FORE 1 1439.58 1399.76 258.839 71.5101  258.839  1399.76  795.364  0.0282506 0.0282506 0.0282506 0.0132262 0.0132262 0.0132262  _ 2.16379e-005  0 0 0 0 0 0  _ 0  9.3275 9.3275 9.3275 4.78231 4.78231 4.78231  _ 0.00681774 0 0 0 0 0 0 0 0  0 0 0 0 0 0 0 0  0 0 0 0 0 0 0 0  0 0 0 0 0 0 0 0  258.839
1 2021 FORE 1 1487.41 1443.98 271.714 71.9566  271.714  1443.98  789.435  0.0297114 0.0297114 0.0297114 0.0136727 0.0136727 0.0136727  _ 2.18865e-005  0 0 0 0 0 0  _ 0  9.77999 9.77999 9.77999 4.91029 4.91029 4.91029  _ 0.00689606 0 0 0 0 0 0 0 0  0 0 0 0 0 0 0 0  0 0 0 0 0 0 0 0  0 0 0 0 0 0 0 0  271.714
1 2022 FORE 1 1533.54 1485.66 284.608 72.3812  284.608  1485.66  784.707  0.0311191 0.0311191 0.0311191 0.0140685 0.0140685 0.0140685  _ 2.21199e-005  0 0 0 0 0 0  _ 0  10.2133 10.2133 10.2133 5.02462 5.02462 5.02462  _ 0.00696962 0 0 0 0 0 0 0 0  0 0 0 0 0 0 0 0  0 0 0 0 0 0 0 0  0 0 0 0 0 0 0 0  284.608
1 2023 FORE 1 1577.97 1526.66 297.338 72.7754  297.338  1526.66  785.592  0.0324565 0.0324565 0.0324565 0.0144174 0.0144174 0.0144174  _ 2.23343e-005  0 0 0 0 0 0  _ 0  10.6244 10.6244 10.6244 5.12827 5.12827 5.12827  _ 0.00703718 0 0 0 0 0 0 0 0  0 0 0 0 0 0 0 0  0 0 0 0 0 0 0 0  0 0 0 0 0 0 0 0  297.338
1 2024 FORE 1 1620.76 1569.01 309.706 73.1319  309.706  1569.01  795.531  0.0337131 0.0337131 0.0337131 0.0147259 0.0147259 0.0147259  _ 2.25262e-005  0 0 0 0 0 0  _ 0  11.0123 11.0123 11.0123 5.22397 5.22397 5.22397  _ 0.00709763 0 0 0 0 0 0 0 0  0 0 0 0 0 0 0 0  0 0 0 0 0 0 0 0  0 0 0 0 0 0 0 0  309.706
1 2025 FORE 1 1661.97 1609.88 321.548 73.446  321.548  1609.88  805.582  0.0348867 0.0348867 0.0348867 0.0150024 0.0150024 0.0150024  _ 2.26937e-005  0 0 0 0 0 0  _ 0  11.3775 11.3775 11.3775 5.31393 5.31393 5.31393  _ 0.0071504 0 0 0 0 0 0 0 0  0 0 0 0 0 0 0 0  0 0 0 0 0 0 0 0  0 0 0 0 0 0 0 0  321.548
1 2026 FORE 1 1701.67 1649.25 332.762 73.7173  332.762  1649.25  815.459  0.0359819 0.0359819 0.0359819 0.0152554 0.0152554 0.0152554  _ 2.28372e-005  0 0 0 0 0 0  _ 0  11.7217 11.7217 11.7217 5.39982 5.39982 5.39982  _ 0.00719563 0 0 0 0 0 0 0 0  0 0 0 0 0 0 0 0  0 0 0 0 0 0 0 0  0 0 0 0 0 0 0 0  332.762
1 2027 FORE 1 1739.93 1687.2 343.318 73.9494  343.318  1687.2  825.161  0.0370081 0.0370081 0.0370081 0.0154923 0.0154923 0.0154923  _ 2.29592e-005  0 0 0 0 0 0  _ 0  12.0472 12.0472 12.0472 5.4828 5.4828 5.4828  _ 0.00723405 0 0 0 0 0 0 0 0  0 0 0 0 0 0 0 0  0 0 0 0 0 0 0 0  0 0 0 0 0 0 0 0  343.318
1 2028 FORE 1 1776.83 1723.81 353.242 74.148  353.242  1723.81  834.691  0.0379762 0.0379762 0.0379762 0.015719 0.015719 0.015719  _ 2.30629e-005  0 0 0 0 0 0  _ 0  12.3567 12.3567 12.3567 5.5636 5.5636 5.5636  _ 0.00726674 0 0 0 0 0 0 0 0  0 0 0 0 0 0 0 0  0 0 0 0 0 0 0 0  0 0 0 0 0 0 0 0  353.242
2 1887 VIRG 1 5996.6 5899.65 1372.01 132.421  1372.01  5899.65  2169.82 0 0 0 0 0 0 0 0  0 0 0 0 0 0 0 0  0 0 0 0 0 0 0 0  0 0 0 0 0 0 0 0  0 0 0 0 0 0 0 0  0 0 0 0 0 0 0 0  0 0 0 0 0 0 0 0  1372.01
2 1888 INIT 1 5996.6 5899.65 1372.01 132.421  1372.01  5899.65  2169.82 0 0 0 0 0 0 0 0  0 0 0 0 0 0 0 0  0 0 0 0 0 0 0 0   0 0 0 0 0 0 0 0  0 0 0 0 0 0 0 0  0 0 0 0 0 0 0 0  0 0 0 0 0 0 0 0 1372.01
2 1889 TIME 1 5996.58 5899.65 1372.01 130.584  1372.01  5899.65  2169.82 0 0 0 0 0 0 0 0  0 0 0 0 0 0 0 0  0 0 0 0 0 0 0 0   0 0 0 0 0 0 0 0  0.04 0.04 0.04 0.0123986 0.0123986 0.0123986 0.04 7.21989e-006  0 0 0 0 0 0 0 0  0 0 0 0 0 0 0 0 1372.01
2 1890 TIME 1 5996.52 5899.61 1372 130.525  1372  5899.61  2169.8 0 0 0 0 0 0 0 0  0 0 0 0 0 0 0 0  0 0 0 0 0 0 0 0   0 0 0 0 0 0 0 0  0.04 0.04 0.04 0.0123986 0.0123986 0.0123986 0.04 7.21994e-006  0 0 0 0 0 0 0 0  0 0 0 0 0 0 0 0 1372
2 1891 TIME 1 5996.43 5899.58 1371.99 130.464  1371.99  5899.58  2169.79 0 0 0 0 0 0 0 0  0 0 0 0 0 0 0 0  0 0 0 0 0 0 0 0   0 0 0 0 0 0 0 0  0.07 0.07 0.07 0.0216974 0.0216974 0.0216974 0.07 1.2635e-005  0 0 0 0 0 0 0 0  0 0 0 0 0 0 0 0 1371.99
2 1892 TIME 1 5996.27 5899.51 1371.97 130.4  1371.97  5899.51  2169.77 0 0 0 0 0 0 0 0  0 0 0 0 0 0 0 0  0 0 0 0 0 0 0 0   0 0 0 0 0 0 0 0  3.64 3.64 3.64 1.12826 1.12826 1.12826 3.64 0.000657027  0 0 0 0 0 0 0 0  0 0 0 0 0 0 0 0 1371.97
2 1893 TIME 1 5992.55 5895.95 1371.1 130.331  1371.1  5895.95  2168.68 0 0 0 0 0 0 0 0  0 0 0 0 0 0 0 0  0 0 0 0 0 0 0 0   0 0 0 0 0 0 0 0  3.55 3.55 3.55 1.1004 1.1004 1.1004 3.55 0.000641179  0 0 0 0 0 0 0 0  0 0 0 0 0 0 0 0 1371.1
2 1894 TIME 1 5988.88 5892.54 1370.26 130.26  1370.26  5892.54  2167.66 0 0 0 0 0 0 0 0  0 0 0 0 0 0 0 0  0 0 0 0 0 0 0 0   0 0 0 0 0 0 0 0  3.55 3.55 3.55 1.10043 1.10043 1.10043 3.55 0.000641563  0 0 0 0 0 0 0 0  0 0 0 0 0 0 0 0 1370.26
2 1895 TIME 1 5985.17 5889.18 1369.42 130.186  1369.42  5889.18  2166.68 0 0 0 0 0 0 0 0  0 0 0 0 0 0 0 0  0 0 0 0 0 0 0 0   0 0 0 0 0 0 0 0  0.92 0.92 0.92 0.285187 0.285187 0.285187 0.92 0.000166363  0 0 0 0 0 0 0 0  0 0 0 0 0 0 0 0 1369.42
2 1896 TIME 1 5983.97 5888.45 1369.23 130.114  1369.23  5888.45  2166.53 0 0 0 0 0 0 0 0  0 0 0 0 0 0 0 0  0 0 0 0 0 0 0 0   0 0 0 0 0 0 0 0  0.22 0.22 0.22 0.0681937 0.0681937 0.0681937 0.22 3.97883e-005  0 0 0 0 0 0 0 0  0 0 0 0 0 0 0 0 1369.23
2 1897 TIME 1 5983.36 5887.88 1369.2 130.04  1369.2  5887.88  2165.3 0 0 0 0 0 0 0 0  0 0 0 0 0 0 0 0  0 0 0 0 0 0 0 0   0 0 0 0 0 0 0 0  0.22 0.22 0.22 0.0681879 0.0681879 0.0681879 0.22 3.97897e-005  0 0 0 0 0 0 0 0  0 0 0 0 0 0 0 0 1369.2
2 1898 TIME 1 5982.62 5887.19 1369.17 129.964  1369.17  5887.19  2164.09 0 0 0 0 0 0 0 0  0 0 0 0 0 0 0 0  0 0 0 0 0 0 0 0   0 0 0 0 0 0 0 0  0.13 0.13 0.13 0.0402882 0.0402882 0.0402882 0.13 2.35132e-005  0 0 0 0 0 0 0 0  0 0 0 0 0 0 0 0 1369.17
2 1899 TIME 1 5981.85 5886.47 1369.16 129.887  1369.16  5886.47  2162.92 0 0 0 0 0 0 0 0  0 0 0 0 0 0 0 0  0 0 0 0 0 0 0 0   0 0 0 0 0 0 0 0  0.23 0.23 0.23 0.0712688 0.0712688 0.0712688 0.23 4.16023e-005  0 0 0 0 0 0 0 0  0 0 0 0 0 0 0 0 1369.16
2 1900 TIME 1 5980.84 5885.52 1369.12 129.805  1369.12  5885.52  2161.73 0 0 0 0 0 0 0 0  0 0 0 0 0 0 0 0  0 0 0 0 0 0 0 0   0 0 0 0 0 0 0 0  0.3 0.3 0.3 0.0929434 0.0929434 0.0929434 0.3 5.42686e-005  0 0 0 0 0 0 0 0  0 0 0 0 0 0 0 0 1369.12
2 1901 TIME 1 5979.64 5884.36 1369.03 129.722  1369.03  5884.36  2160.51 0 0 0 0 0 0 0 0  0 0 0 0 0 0 0 0  0 0 0 0 0 0 0 0   0 0 0 0 0 0 0 0  0.39 0.39 0.39 0.120803 0.120803 0.120803 0.39 7.05579e-005  0 0 0 0 0 0 0 0  0 0 0 0 0 0 0 0 1369.03
2 1902 TIME 1 5978.21 5882.99 1368.9 129.64  1368.9  5882.99  2159.27 0 0 0 0 0 0 0 0  0 0 0 0 0 0 0 0  0 0 0 0 0 0 0 0   0 0 0 0 0 0 0 0  0.48 0.48 0.48 0.148651 0.148651 0.148651 0.48 8.68549e-005  0 0 0 0 0 0 0 0  0 0 0 0 0 0 0 0 1368.9
2 1903 TIME 1 5976.56 5881.4 1368.71 129.549  1368.71  5881.4  2158.01 0 0 0 0 0 0 0 0  0 0 0 0 0 0 0 0  0 0 0 0 0 0 0 0   0 0 0 0 0 0 0 0  0.56 0.56 0.56 0.173389 0.173389 0.173389 0.56 0.000101352  0 0 0 0 0 0 0 0  0 0 0 0 0 0 0 0 1368.71
2 1904 TIME 1 5974.71 5879.61 1368.46 129.457  1368.46  5879.61  2156.72 0 0 0 0 0 0 0 0  0 0 0 0 0 0 0 0  0 0 0 0 0 0 0 0   0 0 0 0 0 0 0 0  0.73 0.73 0.73 0.225976 0.225976 0.225976 0.73 0.000132153  0 0 0 0 0 0 0 0  0 0 0 0 0 0 0 0 1368.46
2 1905 TIME 1 5972.58 5877.53 1368.14 129.365  1368.14  5877.53  2155.39 0 0 0 0 0 0 0 0  0 0 0 0 0 0 0 0  0 0 0 0 0 0 0 0   0 0 0 0 0 0 0 0  0.74 0.74 0.74 0.229023 0.229023 0.229023 0.74 0.000134005  0 0 0 0 0 0 0 0  0 0 0 0 0 0 0 0 1368.14
2 1906 TIME 1 5970.32 5875.33 1367.77 129.275  1367.77  5875.33  2154.05 0 0 0 0 0 0 0 0  0 0 0 0 0 0 0 0  0 0 0 0 0 0 0 0   0 0 0 0 0 0 0 0  0.83 0.83 0.83 0.256823 0.256823 0.256823 0.83 0.000150354  0 0 0 0 0 0 0 0  0 0 0 0 0 0 0 0 1367.77
2 1907 TIME 1 5967.87 5872.94 1367.35 129.191  1367.35  5872.94  2152.7 0 0 0 0 0 0 0 0  0 0 0 0 0 0 0 0  0 0 0 0 0 0 0 0   0 0 0 0 0 0 0 0  0.91 0.91 0.91 0.281521 0.281521 0.281521 0.91 0.000164908  0 0 0 0 0 0 0 0  0 0 0 0 0 0 0 0 1367.35
2 1908 TIME 1 5965.23 5870.37 1366.87 129.11  1366.87  5870.37  2151.32 0 0 0 0 0 0 0 0  0 0 0 0 0 0 0 0  0 0 0 0 0 0 0 0   0 0 0 0 0 0 0 0  1.95 1.95 1.95 0.603144 0.603144 0.603144 1.95 0.000353522  0 0 0 0 0 0 0 0  0 0 0 0 0 0 0 0 1366.87
2 1909 TIME 1 5961.48 5866.68 1366.1 129.029  1366.1  5866.68  2149.62 0 0 0 0 0 0 0 0  0 0 0 0 0 0 0 0  0 0 0 0 0 0 0 0   0 0 0 0 0 0 0 0  1.09 1.09 1.09 0.337087 0.337087 0.337087 1.09 0.000197731  0 0 0 0 0 0 0 0  0 0 0 0 0 0 0 0 1366.1
2 1910 TIME 1 5958.5 5863.77 1365.52 128.951  1365.52  5863.77  2148.2 0 0 0 0 0 0 0 0  0 0 0 0 0 0 0 0  0 0 0 0 0 0 0 0   0 0 0 0 0 0 0 0  1.18 1.18 1.18 0.36486 0.36486 0.36486 1.18 0.000214162  0 0 0 0 0 0 0 0  0 0 0 0 0 0 0 0 1365.52
2 1911 TIME 1 5955.35 5860.68 1364.88 128.873  1364.88  5860.68  2146.75 0 0 0 0 0 0 0 0  0 0 0 0 0 0 0 0  0 0 0 0 0 0 0 0   0 0 0 0 0 0 0 0  1.26 1.26 1.26 0.389538 0.389538 0.389538 1.26 0.0002288  0 0 0 0 0 0 0 0  0 0 0 0 0 0 0 0 1364.88
2 1912 TIME 1 5952.05 5857.44 1364.2 128.793  1364.2  5857.44  2145.28 0 0 0 0 0 0 0 0  0 0 0 0 0 0 0 0  0 0 0 0 0 0 0 0   0 0 0 0 0 0 0 0  1.35 1.35 1.35 0.417305 0.417305 0.417305 1.35 0.000245277  0 0 0 0 0 0 0 0  0 0 0 0 0 0 0 0 1364.2
2 1913 TIME 1 5948.59 5854.05 1363.48 128.699  1363.48  5854.05  2143.77 0 0 0 0 0 0 0 0  0 0 0 0 0 0 0 0  0 0 0 0 0 0 0 0   0 0 0 0 0 0 0 0  1.44 1.44 1.44 0.44507 0.44507 0.44507 1.44 0.000261779  0 0 0 0 0 0 0 0  0 0 0 0 0 0 0 0 1363.48
2 1914 TIME 1 5944.99 5850.51 1362.71 128.579  1362.71  5850.51  2142.24 0 0 0 0 0 0 0 0  0 0 0 0 0 0 0 0  0 0 0 0 0 0 0 0   0 0 0 0 0 0 0 0  1.53 1.53 1.53 0.472834 0.472834 0.472834 1.53 0.000278308  0 0 0 0 0 0 0 0  0 0 0 0 0 0 0 0 1362.71
2 1915 TIME 1 5941.24 5846.82 1361.9 128.408  1361.9  5846.82  2140.69 0 0 0 0 0 0 0 0  0 0 0 0 0 0 0 0  0 0 0 0 0 0 0 0   0 0 0 0 0 0 0 0  2.23 2.23 2.23 0.689095 0.689095 0.689095 2.23 0.000405893  0 0 0 0 0 0 0 0  0 0 0 0 0 0 0 0 1361.9
2 1916 TIME 1 5936.77 5842.41 1360.91 128.167  1360.91  5842.41  2138.94 0 0 0 0 0 0 0 0  0 0 0 0 0 0 0 0  0 0 0 0 0 0 0 0   0 0 0 0 0 0 0 0  1.7 1.7 1.7 0.525278 0.525278 0.525278 1.7 0.00030966  0 0 0 0 0 0 0 0  0 0 0 0 0 0 0 0 1360.91
2 1917 TIME 1 5932.77 5838.48 1360.04 127.828  1360.04  5838.48  2137.36 0 0 0 0 0 0 0 0  0 0 0 0 0 0 0 0  0 0 0 0 0 0 0 0   0 0 0 0 0 0 0 0  1.79 1.79 1.79 0.553045 0.553045 0.553045 1.79 0.000326273  0 0 0 0 0 0 0 0  0 0 0 0 0 0 0 0 1360.04
2 1918 TIME 1 5928.65 5834.43 1359.13 127.256  1359.13  5834.43  2135.77 0 0 0 0 0 0 0 0  0 0 0 0 0 0 0 0  0 0 0 0 0 0 0 0   0 0 0 0 0 0 0 0  18.54 18.54 18.54 5.72781 5.72781 5.72781 18.54 0.00338174  0 0 0 0 0 0 0 0  0 0 0 0 0 0 0 0 1359.13
2 1919 TIME 1 5908.09 5813.99 1354.19 126.494  1354.19  5813.99  2129.18 0 0 0 0 0 0 0 0  0 0 0 0 0 0 0 0  0 0 0 0 0 0 0 0   0 0 0 0 0 0 0 0  7.61 7.61 7.61 2.35153 2.35153 2.35153 7.61 0.00139307  0 0 0 0 0 0 0 0  0 0 0 0 0 0 0 0 1354.19
2 1920 TIME 1 5898.42 5804.45 1351.9 125.564  1351.9  5804.45  2126.07 0 0 0 0 0 0 0 0  0 0 0 0 0 0 0 0  0 0 0 0 0 0 0 0   0 0 0 0 0 0 0 0  6.57 6.57 6.57 2.0303 2.0303 2.0303 6.57 0.00120471  0 0 0 0 0 0 0 0  0 0 0 0 0 0 0 0 1351.9
2 1921 TIME 1 5889.8 5796.02 1349.86 124.443  1349.86  5796.02  2123.34 0 0 0 0 0 0 0 0  0 0 0 0 0 0 0 0  0 0 0 0 0 0 0 0   0 0 0 0 0 0 0 0  6.33 6.33 6.33 1.95626 1.95626 1.95626 6.33 0.00116243  0 0 0 0 0 0 0 0  0 0 0 0 0 0 0 0 1349.86
2 1922 TIME 1 5881.4 5787.89 1347.89 123.144  1347.89  5787.89  2120.71 0 0 0 0 0 0 0 0  0 0 0 0 0 0 0 0  0 0 0 0 0 0 0 0   0 0 0 0 0 0 0 0  4.38 4.38 4.38 1.35371 1.35371 1.35371 4.38 0.000805494  0 0 0 0 0 0 0 0  0 0 0 0 0 0 0 0 1347.89
2 1923 TIME 1 5874.87 5781.72 1346.4 121.703  1346.4  5781.72  2118.67 0 0 0 0 0 0 0 0  0 0 0 0 0 0 0 0  0 0 0 0 0 0 0 0   0 0 0 0 0 0 0 0  5.1 5.1 5.1 1.57628 1.57628 1.57628 5.1 0.000938929  0 0 0 0 0 0 0 0  0 0 0 0 0 0 0 0 1346.4
2 1924 TIME 1 5867.52 5774.85 1344.75 120.168  1344.75  5774.85  2116.33 0 0 0 0 0 0 0 0  0 0 0 0 0 0 0 0  0 0 0 0 0 0 0 0   0 0 0 0 0 0 0 0  9.29 9.29 9.29 2.87135 2.87135 2.87135 9.29 0.0017124  0 0 0 0 0 0 0 0  0 0 0 0 0 0 0 0 1344.75
2 1925 TIME 1 5855.9 5763.85 1342.11 118.601  1342.11  5763.85  2112.59 0 0 0 0 0 0 0 0  0 0 0 0 0 0 0 0  0 0 0 0 0 0 0 0   0 0 0 0 0 0 0 0  11.48 11.48 11.48 3.54843 3.54843 3.54843 11.48 0.00212018  0 0 0 0 0 0 0 0  0 0 0 0 0 0 0 0 1342.11
2 1926 TIME 1 5841.97 5750.68 1338.96 117.089  1338.96  5750.68  2107.96 0 0 0 0 0 0 0 0  0 0 0 0 0 0 0 0  0 0 0 0 0 0 0 0   0 0 0 0 0 0 0 0  17.48 17.48 17.48 5.40326 5.40326 5.40326 17.48 0.00323578  0 0 0 0 0 0 0 0  0 0 0 0 0 0 0 0 1338.96
2 1927 TIME 1 5821.97 5731.54 1334.39 115.72  1334.39  5731.54  2101.18 0 0 0 0 0 0 0 0  0 0 0 0 0 0 0 0  0 0 0 0 0 0 0 0   0 0 0 0 0 0 0 0  22.79 22.79 22.79 7.04526 7.04526 7.04526 22.79 0.00423295  0 0 0 0 0 0 0 0  0 0 0 0 0 0 0 0 1334.39
2 1928 TIME 1 5796.58 5707.12 1328.59 114.589  1328.59  5707.12  2092.44 0 0 0 0 0 0 0 0  0 0 0 0 0 0 0 0  0 0 0 0 0 0 0 0   0 0 0 0 0 0 0 0  22.09 22.09 22.09 6.82963 6.82963 6.82963 22.09 0.00412059  0 0 0 0 0 0 0 0  0 0 0 0 0 0 0 0 1328.59
2 1929 TIME 1 5771.7 5683.29 1322.99 113.781  1322.99  5683.29  2083.48 0 0 0 0 0 0 0 0  0 0 0 0 0 0 0 0  0 0 0 0 0 0 0 0   0 0 0 0 0 0 0 0  17.73 17.73 17.73 5.48183 5.48183 5.48183 17.73 0.00332114  0 0 0 0 0 0 0 0  0 0 0 0 0 0 0 0 1322.99
2 1930 TIME 1 5750.85 5663.5 1318.48 113.339  1318.48  5663.5  2075.29 0 0 0 0 0 0 0 0  0 0 0 0 0 0 0 0  0 0 0 0 0 0 0 0   0 0 0 0 0 0 0 0  19.5 19.5 19.5 6.02837 6.02837 6.02837 19.5 0.00366521  0 0 0 0 0 0 0 0  0 0 0 0 0 0 0 0 1318.48
2 1931 TIME 1 5727.91 5641.61 1313.55 113.231  1313.55  5641.61  2065.91 0 0 0 0 0 0 0 0  0 0 0 0 0 0 0 0  0 0 0 0 0 0 0 0   0 0 0 0 0 0 0 0  11.69 11.69 11.69 3.61322 3.61322 3.61322 11.69 0.00220555  0 0 0 0 0 0 0 0  0 0 0 0 0 0 0 0 1313.55
2 1932 TIME 1 5712.24 5626.91 1310.5 113.369  1310.5  5626.91  2058.2 0 0 0 0 0 0 0 0  0 0 0 0 0 0 0 0  0 0 0 0 0 0 0 0   0.02 0.02 0.02 0.00653264 0.00653264 0.00653264 0.02 3.71773e-006  7.33 7.33 7.33 2.26463 2.26463 2.26463 7.33 0.0013863  0 0 0 0 0 0 0 0  0 0 0 0 0 0 0 0 1310.5
2 1933 TIME 1 5700.29 5615.8 1308.47 113.568  1308.47  5615.8  2051.03 0 0 0 0 0 0 0 0  0 0 0 0 0 0 0 0  0 0 0 0 0 0 0 0   0.01 0.01 0.01 0.00326323 0.00326323 0.00326323 0.01 1.86222e-006  10.3 10.3 10.3 3.18022 3.18022 3.18022 10.3 0.00195137  0 0 0 0 0 0 0 0  0 0 0 0 0 0 0 0 1308.47
2 1934 TIME 1 5684.85 5601.04 1305.67 113.598  1305.67  5601.04  2042.22 0 0 0 0 0 0 0 0  0 0 0 0 0 0 0 0  0 0 0 0 0 0 0 0   0 0 0 0 0 0 0 0  12.66 12.66 12.66 3.90612 3.90612 3.90612 12.66 0.00240411  0 0 0 0 0 0 0 0  0 0 0 0 0 0 0 0 1305.67
2 1935 TIME 1 5666.56 5583.22 1302.23 113.251  1302.23  5583.22  2032.13 0 0 0 0 0 0 0 0  0 0 0 0 0 0 0 0  0 0 0 0 0 0 0 0   0.01 0.01 0.01 0.00325667 0.00325667 0.00325667 0.01 1.87231e-006  9.69 9.69 9.69 2.98741 2.98741 2.98741 9.69 0.00184541  0 0 0 0 0 0 0 0  0 0 0 0 0 0 0 0 1302.23
2 1936 TIME 1 5650.65 5567.59 1299.4 112.456  1299.4  5567.59  2022.57 0 0 0 0 0 0 0 0  0 0 0 0 0 0 0 0  0 0 0 0 0 0 0 0   0.03 0.03 0.03 0.0097591 0.0097591 0.0097591 0.03 5.63135e-006  16.65 16.65 16.65 5.12846 5.12846 5.12846 16.65 0.00317873  0 0 0 0 0 0 0 0  0 0 0 0 0 0 0 0 1299.4
2 1937 TIME 1 5627.39 5544.45 1294.78 111.318  1294.78  5544.45  2010.76 0 0 0 0 0 0 0 0  0 0 0 0 0 0 0 0  0 0 0 0 0 0 0 0   0.06 0.06 0.06 0.019499 0.019499 0.019499 0.06 1.13072e-005  14.82 14.82 14.82 4.56081 4.56081 4.56081 14.82 0.00284029  0 0 0 0 0 0 0 0  0 0 0 0 0 0 0 0 1294.78
2 1938 TIME 1 5605.49 5522.58 1290.45 110.121  1290.45  5522.58  1999.69 0 0 0 0 0 0 0 0  0 0 0 0 0 0 0 0  0 0 0 0 0 0 0 0   0 0 0 0 0 0 0 0  16.35 16.35 16.35 5.02704 5.02704 5.02704 16.35 0.00314502  0 0 0 0 0 0 0 0  0 0 0 0 0 0 0 0 1290.45
2 1939 TIME 1 5581.76 5498.91 1285.63 109.2  1285.63  5498.91  1988.58 0 0 0 0 0 0 0 0  0 0 0 0 0 0 0 0  0 0 0 0 0 0 0 0   0.09 0.09 0.09 0.0291925 0.0291925 0.0291925 0.09 1.70949e-005  10.63 10.63 10.63 3.26543 3.26543 3.26543 10.63 0.00205307  0 0 0 0 0 0 0 0  0 0 0 0 0 0 0 0 1285.63
2 1940 TIME 1 5563.21 5480.5 1281.99 108.864  1281.99  5480.5  1979.73 0 0 0 0 0 0 0 0  0 0 0 0 0 0 0 0  0 0 0 0 0 0 0 0   2.06 2.06 2.06 0.667529 0.667529 0.667529 2.06 0.000392546  17.14 17.14 17.14 5.26025 5.26025 5.26025 17.14 0.00332088  0 0 0 0 0 0 0 0  0 0 0 0 0 0 0 0 1281.99
2 1941 TIME 1 5535.94 5453.58 1276.17 109.337  1276.17  5453.58  1968.85 0 0 0 0 0 0 0 0  0 0 0 0 0 0 0 0  0 0 0 0 0 0 0 0   3.17 3.17 3.17 1.02645 1.02645 1.02645 3.17 0.000607017  27.38 27.38 27.38 8.39634 8.39634 8.39634 27.38 0.00533062  0 0 0 0 0 0 0 0  0 0 0 0 0 0 0 0 1276.17
2 1942 TIME 1 5497.3 5415.47 1267.47 110.87  1267.47  5415.47  1955.07 0 0 0 0 0 0 0 0  0 0 0 0 0 0 0 0  0 0 0 0 0 0 0 0   5.95 5.95 5.95 1.92579 1.92579 1.92579 5.95 0.00114741  31.38 31.38 31.38 9.61783 9.61783 9.61783 31.38 0.00615254  0 0 0 0 0 0 0 0  0 0 0 0 0 0 0 0 1267.47
2 1943 TIME 1 5452 5370.77 1257.04 113.867  1257.04  5370.77  1939.57 0 0 0 0 0 0 0 0  0 0 0 0 0 0 0 0  0 0 0 0 0 0 0 0   20.81 20.81 20.81 6.73423 6.73423 6.73423 20.81 0.00404683  51.22 51.22 51.22 15.6934 15.6934 15.6934 51.22 0.0101272  0 0 0 0 0 0 0 0  0 0 0 0 0 0 0 0 1257.04
2 1944 TIME 1 5372.86 5292.17 1238.24 118.881  1238.24  5292.17  1913.66 0 0 0 0 0 0 0 0  0 0 0 0 0 0 0 0  0 0 0 0 0 0 0 0   36.51 36.51 36.51 11.8231 11.8231 11.8231 36.51 0.00720682  22.6 22.6 22.6 6.92651 6.92651 6.92651 22.6 0.00453606  0 0 0 0 0 0 0 0  0 0 0 0 0 0 0 0 1238.24
2 1945 TIME 1 5307.15 5226.67 1222.59 126.664  1222.59  5226.67  1891.63 0 0 0 0 0 0 0 0  0 0 0 0 0 0 0 0  0 0 0 0 0 0 0 0   56.89 56.89 56.89 18.4343 18.4343 18.4343 56.89 0.0113722  11.52 11.52 11.52 3.53151 3.53151 3.53151 11.52 0.00234168  0 0 0 0 0 0 0 0  0 0 0 0 0 0 0 0 1222.59
2 1946 TIME 1 5233.12 5152.31 1204.77 137.55  1204.77  5152.31  1866.63 0 0 0 0 0 0 0 0  0 0 0 0 0 0 0 0  0 0 0 0 0 0 0 0   34.85 34.85 34.85 11.3048 11.3048 11.3048 34.85 0.00706799  20.68 20.68 20.68 6.34281 6.34281 6.34281 20.68 0.0042653  0 0 0 0 0 0 0 0  0 0 0 0 0 0 0 0 1204.77
2 1947 TIME 1 5173.07 5091.12 1190.07 150.579  1190.07  5091.12  1846.08 0 0 0 0 0 0 0 0  0 0 0 0 0 0 0 0  0 0 0 0 0 0 0 0   21.42 21.42 21.42 6.95755 6.95755 6.95755 21.42 0.00439687  10.95 10.95 10.95 3.36059 3.36059 3.36059 10.95 0.00228605  0 0 0 0 0 0 0 0  0 0 0 0 0 0 0 0 1190.07
2 1948 TIME 1 5137.28 5053.19 1180.98 161.269  1180.98  5053.19  1833.21 0 0 0 0 0 0 0 0  0 0 0 0 0 0 0 0  0 0 0 0 0 0 0 0   15.14 15.14 15.14 4.92459 4.92459 4.92459 15.14 0.00313115  13.38 13.38 13.38 4.10864 4.10864 4.10864 13.38 0.00281462  0 0 0 0 0 0 0 0  0 0 0 0 0 0 0 0 1180.98
2 1949 TIME 1 5106.92 5019.59 1172.85 161.023  1172.85  5019.59  1822.49 0 0 0 0 0 0 0 0  0 0 0 0 0 0 0 0  0 0 0 0 0 0 0 0   12.64 12.64 12.64 4.11964 4.11964 4.11964 12.64 0.0026316  11.21 11.21 11.21 3.44517 3.44517 3.44517 11.21 0.00237418  0 0 0 0 0 0 0 0  0 0 0 0 0 0 0 0 1172.85
2 1950 TIME 1 5083.17 4991.47 1165.89 146.977  1165.89  4991.47  1814.78 0 0 0 0 0 0 0 0  0 0 0 0 0 0 0 0  0 0 0 0 0 0 0 0   13.69 13.69 13.69 4.47377 4.47377 4.47377 13.69 0.00286622  14.78 14.78 14.78 4.5478 4.5478 4.5478 14.78 0.00314838  0 0 0 0 0 0 0 0  0 0 0 0 0 0 0 0 1165.89
2 1951 TIME 1 5057.3 4960.26 1157.88 127.07  1157.88  4960.26  1808.14 0 0 0 0 0 0 0 0  0 0 0 0 0 0 0 0  0 0 0 0 0 0 0 0   12.02 12.02 12.02 3.9421 3.9421 3.9421 12.02 0.00253254  17.96 17.96 17.96 5.53649 5.53649 5.53649 17.96 0.00385096  0 0 0 0 0 0 0 0  0 0 0 0 0 0 0 0 1157.88
2 1952 TIME 1 5032.65 4929.89 1149.59 109.34  1149.59  4929.89  1804.89 0 0 0 0 0 0 0 0  0 0 0 0 0 0 0 0  0 0 0 0 0 0 0 0   12.79 12.79 12.79 4.21304 4.21304 4.21304 12.79 0.00271188  13.06 13.06 13.06 4.03634 4.03634 4.03634 13.06 0.00281901  0 0 0 0 0 0 0 0  0 0 0 0 0 0 0 0 1149.59
2 1953 TIME 1 5014.68 4907.09 1142.43 96.7482  1142.43  4907.09  1808.47 0 0 0 0 0 0 0 0  0 0 0 0 0 0 0 0  0 0 0 0 0 0 0 0   9.96 9.96 9.96 3.29683 3.29683 3.29683 9.96 0.00212257  5.61 5.61 5.61 1.73948 1.73948 1.73948 5.61 0.00121759  0 0 0 0 0 0 0 0  0 0 0 0 0 0 0 0 1142.43
2 1954 TIME 1 5009.03 4899.25 1137.93 89.4287  1137.93  4899.25  1822.64 0 0 0 0 0 0 0 0  0 0 0 0 0 0 0 0  0 0 0 0 0 0 0 0   12.81 12.81 12.81 4.26102 4.26102 4.26102 12.81 0.0027367  10.25 10.25 10.25 3.19017 3.19017 3.19017 10.25 0.00223123  0 0 0 0 0 0 0 0  0 0 0 0 0 0 0 0 1137.93
2 1955 TIME 1 4997.64 4890.19 1131.92 86.9215  1131.92  4890.19  1843.08 0 0 0 0 0 0 0 0  0 0 0 0 0 0 0 0  0 0 0 0 0 0 0 0   13.13 13.13 13.13 4.38937 4.38937 4.38937 13.13 0.00281467  9.71 9.71 9.71 3.03549 3.03549 3.03549 9.71 0.00212204  0 0 0 0 0 0 0 0  0 0 0 0 0 0 0 0 1131.92
2 1956 TIME 1 4987.55 4887.64 1126.38 89.0523  1126.38  4887.64  1870.16 0 0 0 0 0 0 0 0  0 0 0 0 0 0 0 0  0 0 0 0 0 0 0 0   16.99 16.99 16.99 5.70557 5.70557 5.70557 16.99 0.00365216  4.34 4.34 4.34 1.3631 1.3631 1.3631 4.34 0.000951576  0 0 0 0 0 0 0 0  0 0 0 0 0 0 0 0 1126.38
2 1957 TIME 1 4979.41 4890.21 1121.78 95.6068  1121.78  4890.21  1896.25 0 0 0 0 0 0 0 0  0 0 0 0 0 0 0 0  0 0 0 0 0 0 0 0   22.96 22.96 22.96 7.73857 7.73857 7.73857 22.96 0.00494455  8.51 8.51 8.51 2.68488 2.68488 2.68488 8.51 0.00187013  0 0 0 0 0 0 0 0  0 0 0 0 0 0 0 0 1121.78
2 1958 TIME 1 4961.26 4882.22 1115.49 105.379  1115.49  4882.22  1908.09 0 0 0 0 0 0 0 0  0 0 0 0 0 0 0 0  0 0 0 0 0 0 0 0   18.38 18.38 18.38 6.21245 6.21245 6.21245 18.38 0.0039717  2.39 2.39 2.39 0.757215 0.757215 0.757215 2.39 0.000527172  0 0 0 0 0 0 0 0  0 0 0 0 0 0 0 0 1115.49
2 1959 TIME 1 4953.24 4881.43 1112.58 114.653  1112.58  4881.43  1908.71 0 0 0 0 0 0 0 0  0 0 0 0 0 0 0 0  0 0 0 0 0 0 0 0   19.94 19.94 19.94 6.74903 6.74903 6.74903 19.94 0.00431234  5.41 5.41 5.41 1.71949 1.71949 1.71949 5.41 0.00119442  0 0 0 0 0 0 0 0  0 0 0 0 0 0 0 0 1112.58
2 1960 TIME 1 4939.98 4871.97 1109.45 115.213  1109.45  4871.97  1895.4 0 0 0 0 0 0 0 0  0 0 0 0 0 0 0 0  0 0 0 0 0 0 0 0   25.2 25.2 25.2 8.53229 8.53229 8.53229 25.2 0.00545837  4.92 4.92 4.92 1.56721 1.56721 1.56721 4.92 0.00108785  0 0 0 0 0 0 0 0  0 0 0 0 0 0 0 0 1109.45
2 1961 TIME 1 4921.17 4853.94 1106.01 102.6  1106.01  4853.94  1872.25 0 0 0 0 0 0 0 0  0 0 0 0 0 0 0 0  0 0 0 0 0 0 0 0   22.72 22.72 22.72 7.68817 7.68817 7.68817 22.72 0.00493352  4.91 4.91 4.91 1.56581 1.56581 1.56581 4.91 0.00108809  0 0 0 0 0 0 0 0  0 0 0 0 0 0 0 0 1106.01
2 1962 TIME 1 4903.99 4835.09 1103.79 86.4872  1103.79  4835.09  1845.74 0 0 0 0 0 0 0 0  0 0 0 0 0 0 0 0  0 0 0 0 0 0 0 0   26.4 26.4 26.4 8.92018 8.92018 8.92018 26.4 0.00574479  5.16 5.16 5.16 1.64553 1.64553 1.64553 5.16 0.00114547  0 0 0 0 0 0 0 0  0 0 0 0 0 0 0 0 1103.79
2 1963 TIME 1 4882.07 4809.96 1101.03 76.2732  1101.03  4809.96  1817.37 0 0 0 0 0 0 0 0  0 0 0 0 0 0 0 0  0 0 0 0 0 0 0 0   7.17 7.17 7.17 2.41762 2.41762 2.41762 7.17 0.00156523  4.1 4.1 4.1 1.30634 1.30634 1.30634 4.1 0.000912657  0 0 0 0 0 0 0 0  0 0 0 0 0 0 0 0 1101.03
2 1964 TIME 1 4879.05 4803.47 1103.12 75.7637  1103.12  4803.47  1798.25 0 0 0 0 0 0 0 0  0 0 0 0 0 0 0 0  0 0 0 0 0 0 0 0   1.95 1.95 1.95 0.655554 0.655554 0.655554 1.95 0.000425417  3.11 3.11 3.11 0.98901 0.98901 0.98901 3.11 0.000691486  0 0 0 0 0 0 0 0  0 0 0 0 0 0 0 0 1103.12
2 1965 TIME 1 4880.72 4803.05 1106.46 86.9158  1106.46  4803.05  1786.6 0 0 0 0 0 0 0 0  0 0 0 0 0 0 0 0  0 0 0 0 0 0 0 0   67.88 67.88 67.88 22.7404 22.7404 22.7404 67.88 0.0147867  4.68 4.68 4.68 1.48449 1.48449 1.48449 4.68 0.00103849  0 0 0 0 0 0 0 0  0 0 0 0 0 0 0 0 1106.46
2 1966 TIME 1 4814.4 4737.77 1093.51 105.36  1093.51  4737.77  1760.78 0 0 0 0 0 0 0 0  0 0 0 0 0 0 0 0  0 0 0 0 0 0 0 0   3.03 3.03 3.03 1.01263 1.01263 1.01263 3.03 0.000668661  3.24 3.24 3.24 1.02571 1.02571 1.02571 3.24 0.00072809  0 0 0 0 0 0 0 0  0 0 0 0 0 0 0 0 1093.51
2 1967 TIME 1 4812.14 4740 1095.62 120.059  1095.62  4740  1763.62 0 0 0 0 0 0 0 0  0 0 0 0 0 0 0 0  0 0 0 0 0 0 0 0   6.82 6.82 6.82 2.27076 2.27076 2.27076 6.82 0.00150435  6.6 6.6 6.6 2.08303 2.08303 2.08303 6.6 0.0014819  0 0 0 0 0 0 0 0  0 0 0 0 0 0 0 0 1095.62
2 1968 TIME 1 4801.47 4735.2 1095.45 145.013  1095.45  4735.2  1764.58 0 0 0 0 0 0 0 0  0 0 0 0 0 0 0 0  0 0 0 0 0 0 0 0   2.97 2.97 2.97 0.985333 0.985333 0.985333 2.97 0.000656093  5.66 5.66 5.66 1.78077 1.78077 1.78077 5.66 0.00127232  0 0 0 0 0 0 0 0  0 0 0 0 0 0 0 0 1095.45
2 1969 TIME 1 4794.68 4731.31 1095.84 179.863  1095.84  4731.31  1758.2 0 0 0 0 0 0 0 0  0 0 0 0 0 0 0 0  0 0 0 0 0 0 0 0   47.76 47.76 47.76 15.7912 15.7912 15.7912 47.76 0.0105601  13.08 13.08 13.08 4.10174 4.10174 4.10174 13.08 0.00294205  0 0 0 0 0 0 0 0  0 0 0 0 0 0 0 0 1095.84
2 1970 TIME 1 4736.55 4670.62 1083.38 219.518  1083.38  4670.62  1724.35 0 0 0 0 0 0 0 0  0 0 0 0 0 0 0 0  0 0 0 0 0 0 0 0   7.05 7.05 7.05 2.32724 2.32724 2.32724 7.05 0.00157821  4.31 4.31 4.31 1.34821 1.34821 1.34821 4.31 0.000981323  0 0 0 0 0 0 0 0  0 0 0 0 0 0 0 0 1083.38
2 1971 TIME 1 4729 4654.28 1082.26 288.161  1082.26  4654.28  1700.29 0 0 0 0 0 0 0 0  0 0 0 0 0 0 0 0  0 0 0 0 0 0 0 0   13.65 13.65 13.65 4.50045 4.50045 4.50045 13.65 0.00306235  8.34 8.34 8.34 2.60152 2.60152 2.60152 8.34 0.00190268  0 0 0 0 0 0 0 0  0 0 0 0 0 0 0 0 1082.26
2 1972 TIME 1 4712.2 4625.15 1078.24 168.717  1078.24  4625.15  1673.66 0 0 0 0 0 0 0 0  0 0 0 0 0 0 0 0  0 0 0 0 0 0 0 0   7.35 7.35 7.35 2.42626 2.42626 2.42626 7.35 0.00165674  10.86 10.86 10.86 3.38108 3.38108 3.38108 10.86 0.00248915  0 0 0 0 0 0 0 0  0 0 0 0 0 0 0 0 1078.24
2 1973 TIME 1 4703.39 4601.03 1074.73 124.16  1074.73  4601.03  1657.27 0 0 0 0 0 0 0 0  0 0 0 0 0 0 0 0  0 0 0 0 0 0 0 0   9.52 9.52 9.52 3.15198 3.15198 3.15198 9.52 0.00215442  11.46 11.46 11.46 3.56497 3.56497 3.56497 11.46 0.00263747  7.4 7.4 7.4 2.57205 2.57205 2.57205 7.4 0.00162307  0 0 0 0 0 0 0 0 1074.73
2 1974 TIME 1 4689.45 4571.15 1068.44 117.119  1068.44  4571.15  1651.24 0 0 0 0 0 0 0 0  0 0 0 0 0 0 0 0  0 0 0 0 0 0 0 0   4.41 4.41 4.41 1.46801 1.46801 1.46801 4.41 0.00100402  14.46 14.46 14.46 4.50258 4.50258 4.50258 14.46 0.0033493  12.78 12.78 12.78 4.45963 4.45963 4.45963 12.78 0.00282066  0 0 0 0 0 0 0 0 1068.44
2 1975 TIME 1 4677.48 4542.59 1061 159.891  1061  4542.59  1654.7 0 0 0 0 0 0 0 0  0 0 0 0 0 0 0 0  0 0 0 0 0 0 0 0   5.36 5.36 5.36 1.79796 1.79796 1.79796 5.36 0.00122797  7.65 7.65 7.65 2.38952 2.38952 2.38952 7.65 0.00178432  6.24 6.24 6.24 2.19827 2.19827 2.19827 6.24 0.00138528  4.39396 4.39396 4.39396 1.393 1.393 1.393 1.393 0.00100225 1061
2 1976 TIME 1 4677.69 4530.66 1055.18 146.939  1055.18  4530.66  1678.08 0 0 0 0 0 0 0 0  0 0 0 0 0 0 0 0  0 0 0 0 0 0 0 0   6.91 6.91 6.91 2.33999 2.33999 2.33999 6.91 0.00158894  10.15 10.15 10.15 3.1873 3.1873 3.1873 10.15 0.00237861  19.38 19.38 19.38 6.9308 6.9308 6.9308 19.38 0.00431226  4.56959 4.56959 4.56959 1.454 1.454 1.454 1.454 0.00104759 1055.18
2 1977 TIME 1 4665.05 4515.02 1045.19 136.043  1045.19  4515.02  1719.18 0 0 0 0 0 0 0 0  0 0 0 0 0 0 0 0  0 0 0 0 0 0 0 0   4.97 4.97 4.97 1.70164 1.70164 1.70164 4.97 0.00115017  17.02 17.02 17.02 5.38565 5.38565 5.38565 17.02 0.00401925  19.91 19.91 19.91 7.26125 7.26125 7.26125 19.91 0.00444698  9.33005 9.33005 9.33005 2.991 2.991 2.991 2.991 0.00215523 1045.19
2 1978 TIME 1 4646.38 4506.64 1033.03 110.354  1033.03  4506.64  1782.99 0 0 0 0 0 0 0 0  0 0 0 0 0 0 0 0  0 0 0 0 0 0 0 0   23.64 23.64 23.64 8.18975 8.18975 8.18975 23.64 0.00551086  24.1 24.1 24.1 7.69925 7.69925 7.69925 24.1 0.00574102  24.52 24.52 24.52 9.13455 9.13455 9.13455 24.52 0.00549668  4.56527 4.56527 4.56527 1.48 1.48 1.48 1.48 0.00106302 1033.03
2 1979 TIME 1 4606.55 4501.76 1015.62 124.135  1015.62  4501.76  1883.37 0 0 0 0 0 0 0 0  0 0 0 0 0 0 0 0  0 0 0 0 0 0 0 0   44.58 44.58 44.58 15.633 15.633 15.633 44.58 0.0105122  49.1 49.1 49.1 15.8614 15.8614 15.8614 49.1 0.0118488  30.92 30.92 30.92 11.7552 11.7552 11.7552 30.92 0.00698222  4.61016 4.61016 4.61016 1.516 1.516 1.516 1.516 0.00108576 1015.62
2 1980 TIME 1 4518.8 4422.43 987.246 141.753  987.246  4422.43  1877.85 0 0 0 0 0 0 0 0  0 0 0 0 0 0 0 0  0 0 0 0 0 0 0 0   83.95 83.95 83.95 29.8291 29.8291 29.8291 83.95 0.0202323  24.96 24.96 24.96 8.16671 8.16671 8.16671 24.96 0.00616513  27.54 27.54 27.54 10.6677 10.6677 10.6677 27.54 0.00632966  2.61108 2.61108 2.61108 0.873 0.873 0.873 0.873 0.000627959 987.246
2 1981 TIME 1 4424.92 4325.59 958.584 182.248  958.584  4325.59  1836.82 0 0 0 0 0 0 0 0  0 0 0 0 0 0 0 0  0 0 0 0 0 0 0 0   91.34 91.34 91.34 32.8581 32.8581 32.8581 91.34 0.0225225  23.95 23.95 23.95 7.93663 7.93663 7.93663 23.95 0.00606005  24.1 24.1 24.1 9.4751 9.4751 9.4751 24.1 0.00564772  4.77487 4.77487 4.77487 1.623 1.623 1.623 1.623 0.00117311 958.584
2 1982 TIME 1 4329.48 4224.02 930.924 233.353  930.924  4224.02  1790.31 0 0 0 0 0 0 0 0  0 0 0 0 0 0 0 0  0 0 0 0 0 0 0 0   156.08 156.08 156.08 56.7977 56.7977 56.7977 156.08 0.0393862  31.45 31.45 31.45 10.5494 10.5494 10.5494 31.45 0.00815182  39.88 39.88 39.88 15.859 15.859 15.859 39.88 0.00954046  6.75744 6.75744 6.75744 2.332 2.332 2.332 2.332 0.00169589 930.924
2 1983 TIME 1 4148.27 4048.54 884.928 165.408  884.928  4048.54  1743.37 0 0 0 0 0 0 0 0  0 0 0 0 0 0 0 0  0 0 0 0 0 0 0 0   287.29 287.29 287.29 106.004 106.004 106.004 287.29 0.0757858  45.95 45.95 45.95 15.62 15.62 15.62 45.95 0.0124622  54.09 54.09 54.09 21.7617 21.7617 21.7617 54.09 0.0135  9.14782 9.14782 9.14782 3.205 3.205 3.205 3.205 0.00239576 884.928
2 1984 TIME 1 3812.83 3714.8 804.162 183.952  804.162  3714.8  1630.93 0 0 0 0 0 0 0 0  0 0 0 0 0 0 0 0  0 0 0 0 0 0 0 0   113.98 113.98 113.98 42.8993 42.8993 42.8993 113.98 0.0328343  39.39 39.39 39.39 13.6231 13.6231 13.6231 39.39 0.011681  35.74 35.74 35.74 14.6206 14.6206 14.6206 35.74 0.00971981  15.2371 15.2371 15.2371 5.433 5.433 5.433 5.433 0.00435202 804.162
2 1985 TIME 1 3670.85 3569.99 768.658 126.869  768.658  3569.99  1581.27 0 0 0 0 0 0 0 0  0 0 0 0 0 0 0 0  0 0 0 0 0 0 0 0   200.04 200.04 200.04 76.3512 76.3512 76.3512 200.04 0.0599821  69.72 69.72 69.72 24.4091 24.4091 24.4091 69.72 0.0215345  30.46 30.46 30.46 12.5797 12.5797 12.5797 30.46 0.00861705  11.4598 11.4598 11.4598 4.133 4.133 4.133 4.133 0.00340386 768.658
2 1986 TIME 1 3428.4 3315.64 710.161 94.7374  710.161  3315.64  1478.02 0 0 0 0 0 0 0 0  0 0 0 0 0 0 0 0  0 0 0 0 0 0 0 0   92.92 92.92 92.92 36.171 36.171 36.171 92.92 0.0299605  66.15 66.15 66.15 23.532 23.532 23.532 66.15 0.0219955  28.77 28.77 28.77 12.0758 12.0758 12.0758 28.77 0.0087424  10.9852 10.9852 10.9852 4.017 4.017 4.017 4.017 0.00350822 710.161
2 1987 TIME 1 3301.18 3176.95 677.839 85.6444  677.839  3176.95  1427.88 0 0 0 0 0 0 0 0  0 0 0 0 0 0 0 0  0 0 0 0 0 0 0 0   71.75 71.75 71.75 28.3774 28.3774 28.3774 71.75 0.0241099  97.08 97.08 97.08 34.996 34.996 34.996 97.08 0.0336723  30.02 30.02 30.02 12.7886 12.7886 12.7886 30.02 0.00950051  13.6566 13.6566 13.6566 5.048 5.048 5.048 5.048 0.00454734 677.839
2 1988 TIME 1 3164.01 3032.02 643.037 74.2504  643.037  3032.02  1387.14 0 0 0 0 0 0 0 0  0 0 0 0 0 0 0 0  0 0 0 0 0 0 0 0   130.64 130.64 130.64 52.5743 52.5743 52.5743 130.64 0.0459854  47.45 47.45 47.45 17.3602 17.3602 17.3602 47.45 0.0172626  9.33 9.33 9.33 4.05415 4.05415 4.05415 9.33 0.00308816  10.5719 10.5719 10.5719 3.957 3.957 3.957 3.957 0.00369135 643.037
2 1989 TIME 1 3043.32 2916.14 612.067 64.0122  612.067  2916.14  1380.09 0 0 0 0 0 0 0 0  0 0 0 0 0 0 0 0  0 0 0 0 0 0 0 0   199.34 199.34 199.34 81.5475 81.5475 81.5475 199.34 0.0732064  41.4 41.4 41.4 15.3761 15.3761 15.3761 41.4 0.0157365  15.96 15.96 15.96 7.08957 7.08957 7.08957 15.96 0.00549676  18.3902 18.3902 18.3902 6.98 6.98 6.98 6.98 0.00670694 612.067
2 1990 TIME 1 2848.16 2745.01 564.822 52.1717  564.822  2745.01  1377.02 0 0 0 0 0 0 0 0  0 0 0 0 0 0 0 0  0 0 0 0 0 0 0 0   81.07 81.07 81.07 33.8375 33.8375 33.8375 81.07 0.0319532  68.95 68.95 68.95 26.0944 26.0944 26.0944 68.95 0.0281855  15.75 15.75 15.75 7.19264 7.19264 7.19264 15.75 0.00579538  15.2745 15.2745 15.2745 5.909 5.909 5.909 5.909 0.00598467 564.822
2 1991 TIME 1 2745.19 2653.72 538.673 44.5499  538.673  2653.72  1361.83 0 0 0 0 0 0 0 0  0 0 0 0 0 0 0 0  0 0 0 0 0 0 0 0   121.38 121.38 121.38 51.3508 51.3508 51.3508 121.38 0.0497187  85.62 85.62 85.62 32.9006 32.9006 32.9006 85.62 0.0364294  15.73 15.73 15.73 7.33271 7.33271 7.33271 15.73 0.00598791  37.5875 37.5875 37.5875 14.799 14.799 14.799 14.799 0.0153039 538.673
2 1992 TIME 1 2563.92 2494.55 496.315 53.8302  496.315  2494.55  1327.84 0 0 0 0 0 0 0 0  0 0 0 0 0 0 0 0  0 0 0 0 0 0 0 0   135.66 135.66 135.66 58.347 58.347 58.347 135.66 0.0596303  89.87 89.87 89.87 35.1742 35.1742 35.1742 89.87 0.0411103  20.17 20.17 20.17 9.61163 9.61163 9.61163 20.17 0.00819459  32.8934 32.8934 32.8934 13.234 13.234 13.234 13.234 0.0143583 496.315
2 1993 TIME 1 2363.36 2305.47 451.295 133.437  451.295  2305.47  1246.09 0 0 0 0 0 0 0 0  0 0 0 0 0 0 0 0  0 0 0 0 0 0 0 0   137.96 137.96 137.96 60.2718 60.2718 60.2718 137.96 0.0659025  138.25 138.25 138.25 55.1089 55.1089 55.1089 138.25 0.0688452  19.01 19.01 19.01 9.2265 9.2265 9.2265 19.01 0.00835104  32.988 32.988 32.988 13.566 13.566 13.566 13.566 0.015618 451.295
2 1994 TIME 1 2111.23 2059.7 396.84 93.0026  396.84  2059.7  1124.4 0 0 0 0 0 0 0 0  0 0 0 0 0 0 0 0  0 0 0 0 0 0 0 0   86 86 86 38.3138 38.3138 38.3138 86 0.0460883  79.29 79.29 79.29 32.2768 32.2768 32.2768 79.29 0.0443791  12.88 12.88 12.88 6.36935 6.36935 6.36935 12.88 0.00631653  19.9287 19.9287 19.9287 8.394 8.394 8.394 8.394 0.0105569 396.84
2 1995 TIME 1 1982.67 1936.18 370.758 42.8062  370.758  1936.18  1052.18 0 0 0 0 0 0 0 0  0 0 0 0 0 0 0 0  0 0 0 0 0 0 0 0   131.32 131.32 131.32 58.9132 58.9132 58.9132 131.32 0.0747882  40.43 40.43 40.43 16.6283 16.6283 16.6283 40.43 0.0240515  15.25 15.25 15.25 7.55895 7.55895 7.55895 15.25 0.00793864  19.1942 19.1942 19.1942 8.186 8.186 8.186 8.186 0.0107706 370.758
2 1996 TIME 1 1843.54 1799.32 343.858 40.6822  343.858  1799.32  970.031 0 0 0 0 0 0 0 0  0 0 0 0 0 0 0 0  0 0 0 0 0 0 0 0   83.88 83.88 83.88 37.8039 37.8039 37.8039 83.88 0.0512762  93.25 93.25 93.25 38.628 38.628 38.628 93.25 0.0595229  9.81 9.81 9.81 4.85169 4.85169 4.85169 9.81 0.00548553  19.5602 19.5602 19.5602 8.406 8.406 8.406 8.406 0.0117489 343.858
2 1997 TIME 1 1701.62 1656.71 316.704 47.4496  316.704  1656.71  885.633 0 0 0 0 0 0 0 0  0 0 0 0 0 0 0 0  0 0 0 0 0 0 0 0   80.13 80.13 80.13 36.3047 36.3047 36.3047 80.13 0.0530191  115.54 115.54 115.54 48.165 48.165 48.165 115.54 0.0797896  10.7 10.7 10.7 5.27945 5.27945 5.27945 10.7 0.00648809  20.4102 20.4102 20.4102 8.815 8.815 8.815 8.815 0.0132454 316.704
2 1998 TIME 1 1537.19 1487.81 284.922 77.776  284.922  1487.81  788.502 0 0 0 0 0 0 0 0  0 0 0 0 0 0 0 0  0 0 0 0 0 0 0 0   41.18 41.18 41.18 18.8171 18.8171 18.8171 41.18 0.0301964  45.05 45.05 45.05 18.9214 18.9214 18.9214 45.05 0.0344735  15.56 15.56 15.56 7.69455 7.69455 7.69455 15.56 0.0104776  25.705 25.705 25.705 11.151 11.151 11.151 11.151 0.0184793 284.922
2 1999 TIME 1 1466.48 1409 272.732 147.603  272.732  1409  730.852 0 0 0 0 0 0 0 0  0 0 0 0 0 0 0 0  0 0 0 0 0 0 0 0   18.94 18.94 18.94 8.64798 8.64798 8.64798 18.94 0.014544  102 102 102 42.801 42.801 42.801 102 0.0816565  17.16 17.16 17.16 8.45056 8.45056 8.45056 17.16 0.0121443  21.3129 21.3129 21.3129 9.207 9.207 9.207 9.207 0.0160583 272.732
2 2000 TIME 1 1362.12 1298.88 252.979 71.5276  252.979  1298.88  670.303 0 0 0 0 0 0 0 0  0 0 0 0 0 0 0 0  0 0 0 0 0 0 0 0   5.07 5.07 5.07 2.33019 2.33019 2.33019 5.07 0.00419708  15.04 15.04 15.04 6.33136 6.33136 6.33136 15.04 0.0129786  7.95 7.95 7.95 3.93582 3.93582 3.93582 7.95 0.00607396  22.5975 22.5975 22.5975 9.76 9.76 9.76 9.76 0.0183904 252.979
2 2001 TIME 1 1362.82 1314.71 254.632 95.1375  254.632  1314.71  711.291 0 0 0 0 0 0 0 0  0 0 0 0 0 0 0 0  0 0 0 0 0 0 0 0   1.63 1.63 1.63 0.745217 0.745217 0.745217 1.63 0.00134653  26.31 26.31 26.31 11.0133 11.0133 11.0133 26.31 0.0226313  5.11 5.11 5.11 2.51682 2.51682 2.51682 5.11 0.00390397  24.5377 24.5377 24.5377 10.522 10.522 10.522 10.522 0.0199628 254.632
2 2002 TIME 1 1358.6 1315.57 254.319 258.229  254.319  1315.57  720.972 0 0 0 0 0 0 0 0  0 0 0 0 0 0 0 0  0 0 0 0 0 0 0 0   1.59 1.59 1.59 0.725145 0.725145 0.725145 1.59 0.00131909  4.15 4.15 4.15 1.72982 1.72982 1.72982 4.15 0.00358254  3 3 3 1.47182 1.47182 1.47182 3 0.00230427  3.31992 3.31992 3.31992 1.416 1.416 1.416 1.416 0.00271673 254.319
2 2003 TIME 1 1397.99 1347.08 263.077 124.447  263.077  1347.08  714.623 0 0 0 0 0 0 0 0  0 0 0 0 0 0 0 0  0 0 0 0 0 0 0 0   0.55 0.55 0.55 0.249986 0.249986 0.249986 0.55 0.000443018  2.24 2.24 2.24 0.927221 0.927221 0.927221 2.24 0.00187567  3.4 3.4 3.4 1.65257 1.65257 1.65257 3.4 0.00254077  2.3566 2.3566 2.3566 0.997 0.997 0.997 0.997 0.00187424 263.077
2 2004 TIME 1 1443.47 1379.7 272.51 57.2113  272.51  1379.7  708.702 0 0 0 0 0 0 0 0  0 0 0 0 0 0 0 0  0 0 0 0 0 0 0 0   0.5 0.5 0.5 0.226718 0.226718 0.226718 0.5 0.000390334  2.38 2.38 2.38 0.979171 0.979171 0.979171 2.38 0.00193023  1.44 1.44 1.44 0.694324 0.694324 0.694324 1.44 0.00104536  4.1149 4.1149 4.1149 1.727 1.727 1.727 1.727 0.003175 272.51
2 2005 TIME 1 1492.74 1412.52 281.941 74.2391  281.941  1412.52  708.068 0 0 0 0 0 0 0 0  0 0 0 0 0 0 0 0  0 0 0 0 0 0 0 0   1.24 1.24 1.24 0.562062 0.562062 0.562062 1.24 0.00093859  1.66 1.66 1.66 0.680081 0.680081 0.680081 1.66 0.00130509  2.05 2.05 2.05 0.98455 0.98455 0.98455 2.05 0.00144593  4.06208 4.06208 4.06208 1.693 1.693 1.693 1.693 0.00304315 281.941
2 2006 TIME 1 1544.38 1452.23 291.251 95.0835  291.251  1452.23  728.573 0 0 0 0 0 0 0 0  0 0 0 0 0 0 0 0  0 0 0 0 0 0 0 0   1.42 1.42 1.42 0.644904 0.644904 0.644904 1.42 0.00104256  2.16 2.16 2.16 0.883285 0.883285 0.883285 2.16 0.00164774  1.18 1.18 1.18 0.567729 0.567729 0.567729 1.18 0.000808309  1.57945 1.57945 1.57945 0.655 0.655 0.655 0.655 0.00114994 291.251
2 2007 TIME 1 1601.22 1515.68 301.109 120.264  301.109  1515.68  798.421 0 0 0 0 0 0 0 0  0 0 0 0 0 0 0 0  0 0 0 0 0 0 0 0   0.09 0.09 0.09 0.0410025 0.0410025 0.0410025 0.09 6.3949e-005  3.68 3.68 3.68 1.50539 1.50539 1.50539 3.68 0.00271893  1.82 1.82 1.82 0.882524 0.882524 0.882524 1.82 0.00120635  2.31252 2.31252 2.31252 0.957 0.957 0.957 0.957 0.00163312 301.109
2 2008 TIME 1 1659.33 1559.41 310.675 184.657  310.675  1559.41  811.197 0 0 0 0 0 0 0 0  0 0 0 0 0 0 0 0  0 0 0 0 0 0 0 0   0.16 0.16 0.16 0.0731803 0.0731803 0.0731803 0.16 0.000110048  3.43 3.43 3.43 1.40651 1.40651 1.40651 3.43 0.00245588  2.1 2.1 2.1 1.03112 1.03112 1.03112 2.1 0.00134462  1.94672 1.94672 1.94672 0.807 0.807 0.807 0.807 0.0013336 310.675
2 2009 TIME 1 1719.4 1610.27 320.444 136.039  320.444  1610.27  840.125 0 0 0 0 0 0 0 0  0 0 0 0 0 0 0 0  0 0 0 0 0 0 0 0   0.09 0.09 0.09 0.0413445 0.0413445 0.0413445 0.09 5.98474e-005  2.18 2.18 2.18 0.897178 0.897178 0.897178 2.18 0.00151092  2.3 2.3 2.3 1.14406 1.14406 1.14406 2.3 0.00141854  1.91041 1.91041 1.91041 0.796 0.796 0.796 0.796 0.00126694 320.444
2 2010 TIME 1 1783.63 1712.24 330.799 144.763  330.799  1712.24  982.854 0 0 0 0 0 0 0 0  0 0 0 0 0 0 0 0  0 0 0 0 0 0 0 0   0.08 0.08 0.08 0.0368682 0.0368682 0.0368682 0.08 5.13419e-005  0.86 0.86 0.86 0.355272 0.355272 0.355272 0.86 0.000575871  2.41 2.41 2.41 1.20984 1.20984 1.20984 2.41 0.00142846  2.26896 2.26896 2.26896 0.952 0.952 0.952 0.952 0.00145222 330.799
2 2011 TIME 1 1851.55 1786.2 341.935 136.904  341.935  1786.2  1025.68 0 0 0 0 0 0 0 0  0 0 0 0 0 0 0 0  0 0 0 0 0 0 0 0   0.06 0.06 0.06 0.027717 0.027717 0.027717 0.06 3.71116e-005  1.21 1.21 1.21 0.50153 0.50153 0.50153 1.21 0.00078147  2.54 2.54 2.54 1.2797 1.2797 1.2797 2.54 0.00144611  2.3316 2.3316 2.3316 0.985 0.985 0.985 0.985 0.00143641 341.935
2 2012 TIME 1 1921.29 1842.26 353.817 69.2176  353.817  1842.26  1019.17 0 0 0 0 0 0 0 0  0 0 0 0 0 0 0 0  0 0 0 0 0 0 0 0   0.06 0.06 0.06 0.0277606 0.0277606 0.0277606 0.06 3.57538e-005  1.91 1.91 1.91 0.793764 0.793764 0.793764 1.91 0.00118892  3.05 3.05 3.05 1.53541 1.53541 1.53541 3.05 0.00167021  3.25667 3.25667 3.25667 1.383 1.383 1.383 1.383 0.00192902 353.817
2 2013 TIME 1 1991.84 1899.5 366.282 70.728  366.282  1899.5  1024.02 0 0 0 0 0 0 0 0  0 0 0 0 0 0 0 0  0 0 0 0 0 0 0 0   0.11 0.11 0.11 0.0509031 0.0509031 0.0509031 0.11 6.31922e-005  2.94 2.94 2.94 1.2241 1.2241 1.2241 2.94 0.00176453  3.54 3.54 3.54 1.7776 1.7776 1.7776 3.54 0.0018688  2.23957 2.23957 2.23957 0.954 0.954 0.954 0.954 0.00127634 366.282
2 2014 TIME 1 2063.71 1961.25 379.678 73.0174  379.678  1961.25  1043.08 0 0 0 0 0 0 0 0  0 0 0 0 0 0 0 0  0 0 0 0 0 0 0 0   0.03 0.03 0.03 0.0138665 0.0138665 0.0138665 0.03 1.66138e-005  2.16 2.16 2.16 0.90025 0.90025 0.90025 2.16 0.00124963  2.64 2.64 2.64 1.32276 1.32276 1.32276 2.64 0.00134464  2.90989 2.90989 2.90989 1.241 1.241 1.241 1.241 0.0015964 379.678
2 2015 TIME 1 2137.68 2031.43 394.23 84.9064  394.23  2031.43  1079.54 0 0 0 0 0 0 0 0  0 0 0 0 0 0 0 0  0 0 0 0 0 0 0 0   0.03 0.03 0.03 0.0138253 0.0138253 0.0138253 0.03 1.60048e-005  3.15 3.15 3.15 1.31281 1.31281 1.31281 3.15 0.00175513  3.56 3.56 3.56 1.78133 1.78133 1.78133 3.56 0.00174826  2.87485 2.87485 2.87485 1.226 1.226 1.226 1.226 0.00151822 394.23
2 2016 TIME 1 2210.09 2120.24 409.173 104.753  409.173  2120.24  1158.88 0 0 0 0 0 0 0 0  0 0 0 0 0 0 0 0  0 0 0 0 0 0 0 0   0.07 0.07 0.07 0.0321051 0.0321051 0.0321051 0.07 3.60114e-005  2.59 2.59 2.59 1.07817 1.07817 1.07817 2.59 0.001391  2.68 2.68 2.68 1.3392 1.3392 1.3392 2.68 0.00126964  3.24252 3.24252 3.24252 1.382 1.382 1.382 1.382 0.00165064 409.173
2 2017 FORE 1 2282.96 2200.5 424.952 106.117  424.952  2200.5  1201.09 0 0 0 0 0 0 0 0  0 0 0 0 0 0 0 0  0 0 0 0 0 0 0 0   0.544355 0.544355 0.544355 0.247967 0.247967 0.247967  _ 0.000270014  20.1548 20.1548 20.1548 8.36756 8.36756 8.36756  _ 0.0104297  20.8387 20.8387 20.8387 10.3769 10.3769 10.3769  _ 0.00951979  25.2272 25.2272 25.2272 10.7392 10.7392 10.7392  _ 0.0123765 424.952
2 2018 FORE 1 2297.96 2228.29 429.283 106.86  429.283  2228.29  1222.64 0 0 0 0 0 0 0 0  0 0 0 0 0 0 0 0  0 0 0 0 0 0 0 0   0.557196 0.557196 0.557196 0.25259 0.25259 0.25259  _ 0.0002737  20.6412 20.6412 20.6412 8.55619 8.55619 8.55619  _ 0.0105721  21.3386 21.3386 21.3386 10.593 10.593 10.593  _ 0.00964973  25.8392 25.8392 25.8392 11.003 11.003 11.003  _ 0.0125455 429.283
2 2019 FORE 1 2309.68 2253.54 433.499 107.581  433.499  2253.54  1236.71 0 0 0 0 0 0 0 0  0 0 0 0 0 0 0 0  0 0 0 0 0 0 0 0   0.569294 0.569294 0.569294 0.256448 0.256448 0.256448  _ 0.000277228  21.1066 21.1066 21.1066 8.72167 8.72167 8.72167  _ 0.0107084  21.7941 21.7941 21.7941 10.7408 10.7408 10.7408  _ 0.00977414  26.4303 26.4303 26.4303 11.2412 11.2412 11.2412  _ 0.0127072 433.499
2 2020 FORE 1 2318.15 2257.89 437.622 108.281  437.622  2257.89  1202.09 0 0 0 0 0 0 0 0  0 0 0 0 0 0 0 0  0 0 0 0 0 0 0 0   0.580458 0.580458 0.580458 0.25955 0.25955 0.25955  _ 0.00028061  21.5437 21.5437 21.5437 8.86055 8.86055 8.86055  _ 0.010839  22.1879 22.1879 22.1879 10.8163 10.8163 10.8163  _ 0.00989336  26.9852 26.9852 26.9852 11.4386 11.4386 11.4386  _ 0.0128622 437.622
2 2021 FORE 1 2323.51 2257.79 441.605 108.957  441.605  2257.79  1169.62 0 0 0 0 0 0 0 0  0 0 0 0 0 0 0 0  0 0 0 0 0 0 0 0   0.590474 0.590474 0.590474 0.261937 0.261937 0.261937  _ 0.000283833  21.9427 21.9427 21.9427 8.97078 8.97078 8.97078  _ 0.0109635  22.5116 22.5116 22.5116 10.8331 10.8331 10.8331  _ 0.010007  27.4826 27.4826 27.4826 11.5828 11.5828 11.5828  _ 0.01301 441.605
2 2022 FORE 1 2326.03 2253.57 445.307 109.6  445.307  2253.57  1139.93 0 0 0 0 0 0 0 0  0 0 0 0 0 0 0 0  0 0 0 0 0 0 0 0   0.599131 0.599131 0.599131 0.263671 0.263671 0.263671  _ 0.000286861  22.2932 22.2932 22.2932 9.05192 9.05192 9.05192  _ 0.0110805  22.7665 22.7665 22.7665 10.8145 10.8145 10.8145  _ 0.0101138  27.9014 27.9014 27.9014 11.6692 11.6692 11.6692  _ 0.0131488 445.307
2 2023 FORE 1 2326.05 2248.41 448.513 110.197  448.513  2248.41  1119.73 0 0 0 0 0 0 0 0  0 0 0 0 0 0 0 0  0 0 0 0 0 0 0 0   0.606264 0.606264 0.606264 0.264828 0.264828 0.264828  _ 0.000289641  22.5858 22.5858 22.5858 9.1053 9.1053 9.1053  _ 0.0111879  22.9605 22.9605 22.9605 10.7831 10.7831 10.7831  _ 0.0102118  28.2284 28.2284 28.2284 11.7023 11.7023 11.7023  _ 0.0132762 448.513
2 2024 FORE 1 2324.01 2245.69 451.005 110.737  451.005  2245.69  1114.24 0 0 0 0 0 0 0 0  0 0 0 0 0 0 0 0  0 0 0 0 0 0 0 0   0.611807 0.611807 0.611807 0.265501 0.265501 0.265501  _ 0.000292129  22.8153 22.8153 22.8153 9.13405 9.13405 9.13405  _ 0.011284  23.1036 23.1036 23.1036 10.7544 10.7544 10.7544  _ 0.0102995  28.4617 28.4617 28.4617 11.6938 11.6938 11.6938  _ 0.0133902 451.005
2 2025 FORE 1 2320.33 2241.5 452.63 111.213  452.63  2241.5  1109.96 0 0 0 0 0 0 0 0  0 0 0 0 0 0 0 0  0 0 0 0 0 0 0 0   0.61581 0.61581 0.61581 0.265796 0.265796 0.265796  _ 0.000294301  22.9817 22.9817 22.9817 9.14274 9.14274 9.14274  _ 0.0113679  23.2057 23.2057 23.2057 10.7357 10.7357 10.7357  _ 0.0103761  28.6104 28.6104 28.6104 11.6587 11.6587 11.6587  _ 0.0134898 452.63
2 2026 FORE 1 2315.44 2236.12 453.344 111.623  453.344  2236.12  1106.42 0 0 0 0 0 0 0 0  0 0 0 0 0 0 0 0  0 0 0 0 0 0 0 0   0.618436 0.618436 0.618436 0.265824 0.265824 0.265824  _ 0.000296163  23.0904 23.0904 23.0904 9.13679 9.13679 9.13679  _ 0.0114398  23.275 23.275 23.275 10.7282 10.7282 10.7282  _ 0.0104417  28.6907 28.6907 28.6907 11.6115 11.6115 11.6115  _ 0.0135751 453.344
2 2027 FORE 1 2309.73 2229.94 453.212 111.975  453.212  2229.94  1103.6 0 0 0 0 0 0 0 0  0 0 0 0 0 0 0 0  0 0 0 0 0 0 0 0   0.619923 0.619923 0.619923 0.265697 0.265697 0.265697  _ 0.000297744  23.1505 23.1505 23.1505 9.12169 9.12169 9.12169  _ 0.0115009  23.3187 23.3187 23.3187 10.7302 10.7302 10.7302  _ 0.0104975  28.7212 28.7212 28.7212 11.5636 11.5636 11.5636  _ 0.0136476 453.212
2 2028 FORE 1 2303.53 2223.3 452.377 112.276  452.377  2223.3  1101.46 0 0 0 0 0 0 0 0  0 0 0 0 0 0 0 0  0 0 0 0 0 0 0 0   0.62054 0.62054 0.62054 0.26551 0.26551 0.26551  _ 0.00029909  23.173 23.173 23.173 9.10237 9.10237 9.10237  _ 0.0115528  23.3434 23.3434 23.3434 10.7392 10.7392 10.7392  _ 0.0105449  28.7192 28.7192 28.7192 11.5222 11.5222 11.5222  _ 0.0137093 452.377
